LearningRate	TrainLoss	ValidLoss	TrainAcc.	ValidAcc.	TrainEpochTime(s)	TestEpochTime(s)	
0.100000	1.656504	2.101971	38.082000	32.860000	21.398093	1.568010	
0.100000	1.133314	1.164684	58.912000	59.560000	21.521673	1.577019	
0.100000	0.905554	1.081581	67.724000	63.610000	21.848541	1.518075	
0.100000	0.768017	0.833675	73.258000	71.370000	21.720839	1.556368	
0.100000	0.677523	0.896994	76.496000	69.330000	21.985040	1.612811	
0.100000	0.615977	0.653997	78.534000	77.640000	21.461256	1.632704	
0.100000	0.565775	0.855227	80.356000	72.200000	21.324130	1.514742	
0.100000	0.532926	0.870684	81.622000	71.750000	21.957523	1.605311	
0.100000	0.522336	0.660780	82.144000	78.950000	22.024080	1.524805	
0.100000	0.502882	0.682442	82.638000	77.570000	22.197023	1.444062	
0.100000	0.471021	0.823437	83.646000	73.420000	22.157294	1.638783	
0.100000	0.470265	0.554686	83.806000	80.840000	21.738165	1.549947	
0.100000	0.455712	0.834744	84.150000	74.080000	22.284280	1.629825	
0.100000	0.440802	0.562040	84.782000	81.520000	22.614698	1.534996	
0.100000	0.430208	0.709133	85.192000	76.620000	21.871505	1.603615	
0.100000	0.415189	0.786041	85.796000	75.620000	21.618261	1.685067	
0.100000	0.413916	0.942087	85.624000	73.620000	21.955523	1.635151	
0.100000	0.411597	0.762617	85.894000	74.580000	22.021084	1.634121	
0.100000	0.397937	0.618260	86.296000	80.600000	22.067517	1.438919	
0.100000	0.408286	0.671801	86.070000	79.200000	23.722296	1.598042	
0.100000	0.389923	0.733186	86.758000	75.220000	21.621695	1.605265	
0.100000	0.391803	0.574211	86.592000	81.670000	22.175433	1.514881	
0.100000	0.382323	0.629756	86.848000	79.750000	22.174356	1.510559	
0.100000	0.380559	0.540408	86.894000	82.300000	22.047058	1.576522	
0.100000	0.368976	1.325090	87.184000	67.440000	22.466780	1.626068	
0.100000	0.368802	0.643494	87.284000	80.360000	21.693862	1.598906	
0.100000	0.368415	0.527188	87.308000	82.000000	21.764696	1.580276	
0.100000	0.359871	0.505745	87.534000	84.050000	21.761067	1.574331	
0.100000	0.355613	0.666930	87.604000	78.780000	22.179015	1.650488	
0.100000	0.351386	0.630205	87.788000	80.190000	22.009217	1.612635	
0.100000	0.349699	0.522601	87.964000	83.150000	21.716033	1.568161	
0.100000	0.353102	0.844364	87.868000	75.110000	21.621076	1.433750	
0.100000	0.348646	0.687228	87.980000	79.230000	22.124940	1.620120	
0.100000	0.348418	0.527339	88.062000	83.510000	22.121708	1.629729	
0.100000	0.340066	0.651095	88.324000	78.950000	22.076962	1.640604	
0.100000	0.336569	0.634538	88.410000	80.120000	21.852411	1.526171	
0.100000	0.339154	0.722356	88.318000	78.660000	21.315841	1.462423	
0.100000	0.333942	0.562977	88.612000	82.120000	22.300460	1.554618	
0.100000	0.334778	0.607682	88.344000	80.410000	22.069195	1.667991	
0.100000	0.338786	0.709618	88.252000	79.630000	23.992263	1.597497	
0.100000	0.326810	0.523947	88.632000	82.930000	21.405695	1.611941	
0.100000	0.322014	0.655778	89.028000	79.340000	21.585859	1.613513	
0.100000	0.329792	0.800534	88.670000	76.360000	21.832428	1.464213	
0.100000	0.324395	0.803441	88.710000	77.700000	22.356607	1.617845	
0.100000	0.321333	0.449413	89.008000	85.180000	21.996235	1.612729	
0.100000	0.315918	0.521888	89.182000	82.730000	21.756558	1.648133	
0.100000	0.325272	0.519164	88.690000	82.980000	21.689708	1.622356	
0.100000	0.315725	0.558558	89.120000	82.770000	21.899714	1.540452	
0.100000	0.317994	0.543855	88.966000	82.520000	21.952523	1.705627	
0.100000	0.316537	0.517264	89.150000	82.850000	22.053385	1.565515	
0.100000	0.303995	0.700311	89.480000	79.300000	21.907117	1.567176	
0.100000	0.316369	0.520551	89.004000	82.320000	21.426185	1.606111	
0.100000	0.314197	0.612652	89.238000	81.330000	22.350756	1.572168	
0.100000	0.319095	0.763719	88.952000	77.840000	21.907232	1.555419	
0.100000	0.314233	0.474760	89.182000	84.110000	22.365989	1.447546	
0.100000	0.307361	1.053839	89.218000	70.910000	21.845944	1.487006	
0.100000	0.321559	0.456853	88.968000	85.030000	21.440408	1.573461	
0.100000	0.315086	0.564605	89.062000	81.230000	22.197550	1.525452	
0.100000	0.307848	0.584494	89.400000	82.020000	22.314904	1.519223	
0.100000	0.315803	0.433895	89.072000	85.870000	23.392617	1.666158	
0.100000	0.301423	0.686422	89.634000	78.520000	21.614851	1.676228	
0.100000	0.305052	0.588054	89.630000	80.920000	21.790276	1.644635	
0.100000	0.308430	0.536972	89.286000	81.740000	22.041144	1.592919	
0.100000	0.304657	0.741493	89.548000	77.290000	22.049457	1.686691	
0.100000	0.304557	0.453484	89.366000	85.300000	22.590141	1.601889	
0.100000	0.296671	0.489389	89.776000	83.280000	21.629957	1.634293	
0.100000	0.306143	0.568960	89.418000	80.880000	21.644749	1.553264	
0.100000	0.298694	0.447101	89.712000	85.530000	21.969166	1.617325	
0.100000	0.301858	0.549804	89.456000	82.330000	22.026907	1.598857	
0.100000	0.306967	0.541983	89.364000	82.480000	22.168787	1.562496	
0.100000	0.296859	0.595069	89.692000	79.630000	21.553382	1.628841	
0.100000	0.298632	0.731385	89.648000	79.110000	21.541057	1.534555	
0.100000	0.301104	0.503874	89.614000	84.160000	21.507606	1.639874	
0.100000	0.293939	0.510529	89.738000	83.280000	22.146943	1.578256	
0.100000	0.299784	0.523599	89.538000	83.170000	22.002594	1.515100	
0.100000	0.284883	0.556801	90.258000	82.350000	21.749143	1.613199	
0.100000	0.295312	0.573964	89.722000	81.290000	21.742769	1.460116	
0.100000	0.296640	0.678298	89.614000	78.960000	22.128768	1.507666	
0.100000	0.289580	0.619020	89.962000	81.260000	22.308104	1.551023	
0.100000	0.302202	0.616849	89.526000	81.350000	23.582651	1.643153	
0.100000	0.286738	0.464368	89.992000	85.300000	21.629909	1.598254	
0.100000	0.299946	0.521363	89.566000	84.180000	21.238336	1.644500	
0.100000	0.290976	0.658825	90.112000	80.610000	22.172718	1.603347	
0.100000	0.292231	0.603305	89.854000	81.410000	22.146779	1.585460	
0.100000	0.293322	0.480956	89.842000	84.410000	22.080628	1.601236	
0.100000	0.283204	0.622921	90.222000	80.750000	21.123974	1.591506	
0.100000	0.293349	0.531768	89.812000	83.800000	21.719143	1.607392	
0.100000	0.290340	0.905163	89.926000	76.590000	22.179749	1.423300	
0.100000	0.293443	0.631354	89.864000	80.480000	22.088107	1.498122	
0.100000	0.292357	0.608462	89.836000	81.970000	22.157130	1.625726	
0.100000	0.282526	0.498140	90.276000	84.110000	21.284057	1.612810	
0.100000	0.284295	0.381360	90.176000	87.210000	21.738424	1.665792	
0.010000	0.168525	0.261865	94.326000	91.480000	21.722854	1.641629	
0.010000	0.133157	0.249583	95.626000	91.870000	22.298977	1.558376	
0.010000	0.117694	0.256694	96.142000	91.960000	22.179042	1.603949	
0.010000	0.109423	0.252246	96.210000	92.000000	21.711285	1.635560	
0.010000	0.101388	0.247015	96.530000	92.230000	21.582761	1.605101	
0.010000	0.096470	0.243561	96.816000	92.250000	22.132995	1.612069	
0.010000	0.090806	0.247839	97.000000	92.400000	21.792771	1.617271	
0.010000	0.086406	0.262292	97.112000	92.070000	23.816496	1.596806	
0.010000	0.080692	0.264474	97.162000	92.200000	21.927618	1.530501	
0.010000	0.077753	0.265902	97.358000	92.070000	21.194367	1.589942	
0.010000	0.074983	0.263680	97.468000	92.290000	22.266547	1.546371	
0.010000	0.070404	0.269842	97.606000	92.320000	22.364215	1.623656	
0.010000	0.068487	0.279501	97.672000	92.040000	22.054696	1.723754	
0.010000	0.062243	0.267499	97.928000	92.400000	21.412523	1.558920	
0.010000	0.062522	0.271836	97.894000	92.230000	21.710303	1.614445	
0.010000	0.059184	0.277581	98.008000	92.290000	22.097771	1.599675	
0.010000	0.056714	0.280584	98.098000	92.230000	22.352943	1.495480	
0.010000	0.054486	0.290208	98.208000	92.070000	21.963655	1.577280	
0.010000	0.051792	0.289733	98.240000	92.380000	21.692217	1.634948	
0.010000	0.051098	0.296309	98.200000	92.190000	21.761382	1.576909	
0.010000	0.050413	0.295579	98.332000	92.240000	21.789883	1.535825	
0.010000	0.046670	0.311469	98.402000	92.040000	21.613256	1.582526	
0.010000	0.046736	0.295467	98.440000	92.130000	22.288118	1.540121	
0.010000	0.045376	0.295254	98.512000	92.130000	21.971151	1.734349	
0.010000	0.047263	0.309851	98.370000	91.720000	21.728129	1.585265	
0.010000	0.045447	0.306942	98.496000	91.900000	21.838034	1.497519	
0.010000	0.044877	0.311527	98.538000	91.880000	22.252598	1.619967	
0.010000	0.045529	0.331408	98.420000	91.600000	23.438339	1.608500	
0.010000	0.043063	0.331415	98.530000	91.630000	21.950409	1.646453	
0.010000	0.044521	0.328753	98.416000	91.540000	21.613732	1.593412	
0.010000	0.045244	0.335656	98.418000	91.780000	21.639127	1.522432	
0.010000	0.044361	0.319878	98.458000	91.760000	22.358081	1.583085	
0.010000	0.042577	0.312982	98.594000	91.990000	22.309549	1.613570	
0.010000	0.039687	0.342429	98.718000	91.630000	21.493503	1.576520	
0.010000	0.043119	0.332632	98.520000	91.400000	21.204284	1.679641	
0.010000	0.045119	0.329722	98.460000	91.480000	21.891528	1.604929	
0.010000	0.044140	0.338251	98.478000	91.360000	21.990243	1.552078	
0.010000	0.041336	0.335085	98.592000	91.780000	22.110115	1.541191	
0.010000	0.040048	0.340018	98.644000	91.610000	21.452162	1.347157	
0.010000	0.045079	0.338470	98.450000	91.530000	21.377134	1.577633	
0.010000	0.043971	0.315724	98.494000	91.930000	22.080801	1.709802	
0.010000	0.040512	0.323372	98.604000	91.780000	21.833997	1.608157	
0.010000	0.041512	0.339128	98.588000	91.800000	22.107519	1.556491	
0.010000	0.038030	0.362132	98.728000	90.920000	21.727617	1.586391	
0.010000	0.041788	0.368873	98.600000	91.000000	21.635704	1.609100	
0.010000	0.042162	0.341455	98.576000	91.560000	21.760958	1.733896	
0.010000	0.044264	0.353862	98.462000	91.060000	22.372298	1.489520	
0.010000	0.048364	0.368600	98.318000	91.140000	23.706856	1.559959	
0.010000	0.044947	0.331394	98.450000	91.490000	21.560709	1.567481	
0.010000	0.044291	0.375718	98.446000	91.030000	21.519990	1.565880	
0.010000	0.047171	0.357666	98.374000	91.130000	22.091969	1.652076	
0.010000	0.046630	0.370352	98.464000	90.600000	22.336260	1.563612	
0.010000	0.042314	0.380992	98.536000	90.680000	22.418723	1.717010	
0.010000	0.043511	0.397086	98.534000	89.990000	21.782764	1.628456	
0.010000	0.049868	0.369213	98.306000	90.600000	21.723141	1.677554	
0.010000	0.046366	0.368012	98.382000	91.140000	22.114166	1.607831	
0.010000	0.045236	0.342442	98.430000	91.330000	22.201351	1.687383	
0.001000	0.028498	0.294733	99.164000	92.760000	22.199721	1.537254	
0.001000	0.020091	0.290132	99.464000	92.720000	22.001987	1.686474	
0.001000	0.019097	0.291167	99.450000	92.690000	21.960743	1.621431	
0.001000	0.017145	0.290594	99.548000	92.640000	22.566269	1.626961	
0.001000	0.014901	0.291138	99.660000	92.710000	22.322037	1.560410	
0.001000	0.014054	0.294277	99.672000	92.700000	22.733200	1.567616	
0.001000	0.013709	0.291755	99.708000	92.620000	21.887412	1.740235	
0.001000	0.013771	0.295182	99.630000	92.710000	22.763287	1.520971	
0.001000	0.013396	0.295873	99.700000	92.830000	23.104127	1.642546	
0.001000	0.012237	0.296193	99.752000	92.860000	22.887259	1.651059	
0.001000	0.011664	0.296132	99.756000	92.780000	24.037632	1.548105	
0.001000	0.011317	0.297568	99.772000	92.700000	22.129729	1.691752	
0.001000	0.011599	0.297438	99.730000	92.810000	22.156352	1.625850	
0.001000	0.011073	0.296969	99.754000	92.850000	22.870542	1.726074	
0.001000	0.010481	0.296677	99.778000	92.860000	22.621276	1.612149	
0.001000	0.010464	0.298017	99.766000	92.860000	22.547402	1.672397	
0.001000	0.010494	0.295854	99.790000	92.900000	22.493690	1.709395	
0.001000	0.009776	0.300236	99.818000	92.870000	22.275445	1.601122	
0.001000	0.010029	0.299410	99.782000	92.910000	22.730115	1.582411	
0.001000	0.009374	0.299770	99.826000	92.830000	22.598252	1.787017	
0.001000	0.009317	0.298868	99.850000	92.760000	22.106041	1.517327	
0.001000	0.009094	0.301639	99.806000	92.770000	22.384951	1.732767	
0.001000	0.009205	0.302318	99.830000	92.800000	22.650534	1.643088	
0.001000	0.009199	0.300905	99.834000	92.780000	22.876892	1.682822	
0.001000	0.008846	0.302505	99.830000	92.690000	23.010323	1.679467	
0.001000	0.009438	0.301629	99.794000	92.850000	23.076447	1.665780	
0.001000	0.009032	0.303829	99.802000	92.800000	21.890427	1.579444	
0.001000	0.008451	0.300100	99.840000	92.920000	22.777505	1.638007	
0.001000	0.008311	0.300852	99.860000	92.910000	22.797951	1.655316	
0.001000	0.008426	0.302956	99.868000	92.810000	22.947045	1.594895	
0.001000	0.007858	0.306216	99.842000	92.880000	23.574258	1.695307	
