LearningRate	TrainLoss	ValidLoss	TrainAcc.	ValidAcc.	TrainEpochTime(s)	TestEpochTime(s)	
0.100000	1.713344	1.728790	35.162000	42.050000	26.069459	1.189391	
0.100000	1.268594	1.567753	53.680000	47.450000	25.049750	1.177325	
0.100000	1.037838	1.116135	62.638000	61.390000	25.929697	1.218774	
0.100000	0.905137	1.398322	67.820000	54.560000	25.963044	1.098745	
0.100000	0.819045	1.058571	71.140000	66.470000	26.788813	1.261654	
0.100000	0.764510	1.320938	73.142000	59.850000	25.834348	1.205355	
0.100000	0.722098	0.917083	74.858000	68.940000	27.182218	1.245085	
0.100000	0.698094	0.798592	75.720000	73.240000	27.181025	1.201478	
0.100000	0.667990	1.271708	76.896000	63.730000	26.467829	1.267265	
0.100000	0.653321	0.862432	77.334000	72.440000	27.047279	1.269557	
0.100000	0.625148	1.188502	78.576000	63.560000	26.573422	1.238825	
0.100000	0.616069	1.036338	78.748000	69.400000	26.901617	1.115280	
0.100000	0.601709	0.936078	79.138000	70.000000	26.136791	1.205348	
0.100000	0.596036	0.825594	79.394000	72.560000	27.037698	1.245123	
0.100000	0.580744	0.791138	80.042000	73.990000	26.154930	1.237543	
0.100000	0.561907	0.826186	80.536000	74.230000	26.393834	1.280822	
0.100000	0.569866	0.979544	80.344000	70.550000	25.915495	1.200132	
0.100000	0.564834	0.666729	80.406000	77.150000	26.739759	1.278049	
0.100000	0.549292	0.760241	81.034000	74.040000	27.075106	1.186086	
0.100000	0.558520	1.059581	80.848000	68.340000	25.921572	1.196117	
0.100000	0.540706	0.727383	81.194000	75.140000	25.013340	1.206347	
0.100000	0.544290	0.915270	81.162000	71.170000	26.605949	1.182004	
0.100000	0.534017	0.621630	81.600000	78.980000	26.592062	1.173479	
0.100000	0.527012	1.128870	81.746000	65.990000	25.681069	1.213190	
0.100000	0.529916	0.793250	81.684000	75.260000	26.708331	1.210112	
0.100000	0.526802	0.789362	81.854000	73.950000	26.439151	1.260283	
0.100000	0.524676	0.787756	81.836000	74.040000	26.702106	1.244470	
0.100000	0.527106	0.943327	81.916000	70.750000	25.748827	1.246600	
0.100000	0.521094	0.741159	81.978000	75.690000	26.729096	1.282511	
0.100000	0.511496	0.794884	82.440000	74.260000	26.911572	1.121316	
0.100000	0.507939	0.936467	82.652000	69.890000	26.772830	1.233731	
0.100000	0.509662	1.177309	82.282000	64.090000	25.875058	1.192441	
0.100000	0.521245	0.651322	82.010000	77.970000	26.966687	1.227800	
0.100000	0.509544	0.668322	82.414000	78.130000	26.884214	1.187784	
0.100000	0.501853	1.022454	82.682000	69.360000	25.780866	1.108884	
0.100000	0.502117	0.721744	82.548000	75.250000	25.207997	1.205924	
0.100000	0.502297	0.929627	82.836000	71.160000	26.487356	1.060801	
0.100000	0.503183	1.237132	82.748000	67.670000	26.693696	1.327498	
0.100000	0.506782	0.604809	82.420000	79.680000	25.639221	1.263773	
0.100000	0.494998	0.719930	82.962000	74.770000	26.555484	1.170869	
0.100000	0.493455	0.683924	82.958000	77.210000	25.279191	1.304736	
0.100000	0.490545	0.719260	83.236000	76.170000	26.580500	1.230572	
0.100000	0.487876	0.778995	83.224000	75.370000	25.971901	1.262987	
0.100000	0.487718	0.730867	83.254000	76.030000	26.775070	1.115048	
0.100000	0.493787	0.960544	83.044000	70.700000	26.729319	1.252527	
0.100000	0.482862	0.987436	83.454000	70.630000	26.376935	1.246439	
0.100000	0.489673	0.750646	83.098000	74.530000	25.901758	1.310927	
0.100000	0.484894	1.057520	83.266000	68.370000	27.050009	1.256170	
0.100000	0.485475	0.819611	83.314000	72.980000	26.858895	1.212420	
0.100000	0.482274	0.581686	83.378000	80.580000	25.891495	1.281576	
0.100000	0.475292	0.710503	83.798000	76.520000	26.501518	1.221319	
0.100000	0.481110	0.675761	83.394000	77.810000	26.199425	1.216175	
0.100000	0.479823	0.687910	83.350000	76.860000	26.578755	1.227212	
0.100000	0.479007	0.739149	83.494000	76.430000	25.873785	1.157407	
0.100000	0.478974	0.957779	83.640000	71.510000	26.670647	1.218878	
0.100000	0.469347	0.833766	83.862000	73.590000	25.280059	1.193336	
0.100000	0.478298	0.696703	83.504000	77.440000	26.458607	1.175373	
0.100000	0.473145	0.785031	83.730000	75.360000	25.934203	1.252104	
0.100000	0.475605	0.692637	83.776000	77.380000	26.444688	1.222909	
0.100000	0.469604	1.011148	83.810000	68.420000	26.905998	1.204607	
0.100000	0.472791	1.195796	83.682000	69.790000	26.499835	1.235400	
0.100000	0.477837	0.621279	83.544000	78.240000	26.941911	1.116887	
0.100000	0.467707	1.186972	83.868000	67.500000	26.345633	1.241771	
0.100000	0.474175	0.694518	83.820000	76.780000	26.699193	1.288221	
0.100000	0.467511	0.710489	83.954000	77.180000	25.612711	1.311459	
0.100000	0.468415	0.941658	83.934000	69.880000	26.114377	1.281770	
0.100000	0.471498	0.790609	83.908000	72.910000	25.617219	1.282053	
0.100000	0.462325	0.933131	84.092000	71.600000	26.821653	1.246017	
0.100000	0.468429	0.950349	83.820000	71.070000	25.352457	1.180861	
0.100000	0.465286	0.604468	84.040000	79.370000	26.656106	1.166639	
0.100000	0.461875	0.612586	84.050000	79.860000	25.211167	1.232784	
0.100000	0.461767	0.641817	84.094000	78.530000	26.389169	1.248071	
0.100000	0.469517	0.848581	83.762000	74.060000	26.677974	1.024843	
0.100000	0.466854	0.841415	83.986000	72.460000	26.685144	1.195014	
0.100000	0.461683	0.739586	84.216000	74.410000	26.690572	1.257209	
0.100000	0.457567	0.850474	84.218000	70.360000	26.631614	1.254950	
0.100000	0.465278	0.989235	83.946000	69.410000	26.734756	1.179544	
0.100000	0.462745	0.801911	83.922000	73.970000	25.942375	1.236414	
0.100000	0.467071	1.766537	83.858000	55.110000	26.882597	1.211987	
0.100000	0.456760	0.870991	84.222000	74.610000	25.426529	1.234577	
0.100000	0.456679	0.605118	84.254000	79.800000	26.086612	1.218728	
0.100000	0.464904	0.851948	83.842000	72.420000	25.432540	1.224513	
0.100000	0.460659	0.681945	84.082000	77.300000	26.630143	1.204087	
0.100000	0.457634	0.639615	84.148000	79.030000	26.324322	1.070921	
0.100000	0.455891	0.921076	84.120000	72.950000	26.438618	1.216855	
0.100000	0.448902	0.833708	84.554000	73.370000	25.282313	1.190648	
0.100000	0.463056	0.787958	84.054000	74.880000	26.282295	1.275461	
0.100000	0.460365	1.310159	84.066000	65.850000	26.427986	1.246399	
0.100000	0.462880	0.841948	84.022000	72.470000	25.525238	1.218171	
0.100000	0.457986	0.758982	84.182000	75.530000	26.798032	1.195985	
0.100000	0.451759	1.421916	84.284000	59.690000	26.614986	1.274845	
0.100000	0.459770	0.656964	84.198000	78.840000	26.863631	1.248068	
0.010000	0.347879	0.388892	88.050000	86.550000	26.155155	1.242997	
0.010000	0.310626	0.385653	89.236000	86.780000	26.910053	1.235960	
0.010000	0.294356	0.369897	90.010000	87.540000	26.344232	1.227041	
0.010000	0.286968	0.374154	90.172000	87.340000	26.339638	1.248512	
0.010000	0.285014	0.373257	90.268000	87.330000	25.535266	1.261170	
0.010000	0.278982	0.373616	90.480000	87.350000	18.303328	0.938701	
0.010000	0.269469	0.370040	90.736000	87.430000	16.328465	1.303465	
0.010000	0.270293	0.375786	90.672000	87.160000	28.905141	1.274480	
0.010000	0.266513	0.376674	90.760000	87.290000	27.389860	1.343140	
0.010000	0.263884	0.370992	90.972000	87.430000	28.630715	1.317134	
0.010000	0.260682	0.367563	91.090000	87.570000	28.628082	1.335023	
0.010000	0.256755	0.374098	91.220000	87.620000	27.690387	1.263972	
0.010000	0.257216	0.367544	91.146000	87.810000	28.605813	1.359015	
0.010000	0.254581	0.370107	91.304000	87.660000	28.489832	1.313735	
0.010000	0.251631	0.369459	91.358000	87.730000	28.403873	1.321662	
0.010000	0.249503	0.359377	91.538000	87.920000	27.539925	1.341214	
0.010000	0.250550	0.388443	91.488000	87.380000	28.440524	1.214896	
0.010000	0.248860	0.379021	91.364000	87.520000	28.453883	1.335595	
0.010000	0.243611	0.372445	91.644000	87.720000	26.366086	1.267508	
0.010000	0.245523	0.393898	91.574000	87.150000	26.164804	1.141260	
0.010000	0.243229	0.388830	91.682000	87.320000	26.840708	1.204854	
0.010000	0.242883	0.364230	91.676000	87.800000	26.552266	1.207228	
0.010000	0.240846	0.383651	91.678000	87.240000	25.780047	1.236045	
0.010000	0.238895	0.387856	91.782000	86.980000	26.354276	1.207318	
0.010000	0.238057	0.380180	91.796000	87.380000	25.596245	1.216761	
0.010000	0.242366	0.376403	91.572000	87.710000	26.757611	1.241511	
0.010000	0.239585	0.380228	91.510000	87.550000	25.658234	1.207073	
0.010000	0.238360	0.404368	91.836000	86.970000	27.031864	1.258090	
0.010000	0.236027	0.395059	91.922000	87.420000	25.387446	1.276684	
0.010000	0.235596	0.392512	91.706000	87.610000	26.425350	1.255487	
0.010000	0.239254	0.441960	91.630000	86.120000	26.135465	1.209800	
0.010000	0.233706	0.396469	91.956000	87.310000	26.534927	1.280022	
0.010000	0.236837	0.388091	91.762000	87.380000	26.630924	1.209809	
0.010000	0.233701	0.404304	91.792000	87.050000	26.260427	1.187690	
0.010000	0.235323	0.391937	91.882000	87.250000	27.124425	1.221380	
0.010000	0.231421	0.401953	91.916000	86.750000	25.703936	1.226394	
0.010000	0.235175	0.421809	91.936000	86.680000	27.033841	1.194282	
0.010000	0.235768	0.415927	91.900000	86.640000	25.999327	1.174221	
0.010000	0.231506	0.440657	92.006000	85.880000	26.172854	1.228693	
0.010000	0.232367	0.406612	91.956000	86.900000	25.981752	1.303039	
0.010000	0.233585	0.405450	91.936000	86.630000	27.039042	1.203678	
0.010000	0.233809	0.425670	91.818000	86.230000	25.898348	1.183762	
0.010000	0.231447	0.398830	91.924000	87.080000	26.797647	1.252960	
0.010000	0.231715	0.429661	91.990000	86.290000	25.111619	1.143532	
0.010000	0.230973	0.445848	92.078000	86.140000	26.830059	1.204889	
0.010000	0.234189	0.432151	91.818000	86.630000	26.757167	1.248567	
0.010000	0.234340	0.404186	91.868000	86.750000	25.848680	1.278502	
0.010000	0.233518	0.423412	91.958000	86.140000	26.727144	1.201179	
0.010000	0.229463	0.438533	91.992000	86.070000	26.440377	1.218791	
0.010000	0.234001	0.417238	91.828000	86.400000	26.717885	1.217512	
0.010000	0.233182	0.472879	91.876000	85.150000	25.633985	1.201863	
0.010000	0.229457	0.425173	92.012000	86.430000	26.903923	1.248503	
0.010000	0.232078	0.412276	91.806000	86.610000	25.748942	1.173058	
0.010000	0.230864	0.424945	91.948000	86.690000	26.174413	1.202181	
0.010000	0.236273	0.404374	91.784000	86.940000	25.475336	1.191604	
0.010000	0.233565	0.451340	91.770000	85.290000	26.486144	1.199018	
0.010000	0.233562	0.423172	91.874000	86.610000	26.619157	1.079506	
0.001000	0.195464	0.351734	93.334000	88.720000	26.813329	1.246317	
0.001000	0.186746	0.355164	93.684000	88.710000	25.273254	1.238513	
0.001000	0.184353	0.351621	93.712000	88.910000	26.755928	1.271986	
0.001000	0.181570	0.355424	93.850000	88.680000	26.544489	1.225603	
0.001000	0.177420	0.353570	94.040000	88.760000	26.120199	1.185775	
0.001000	0.174958	0.353098	94.126000	88.790000	26.944501	1.233256	
0.001000	0.172778	0.357911	94.256000	88.610000	26.347674	1.213770	
0.001000	0.174340	0.354331	94.170000	88.740000	26.707124	1.008253	
0.001000	0.172589	0.353626	94.126000	88.790000	26.230542	1.215429	
0.001000	0.172802	0.358918	94.170000	88.810000	26.992601	1.310631	
0.001000	0.169981	0.360718	94.316000	88.580000	26.524294	1.143671	
0.001000	0.170948	0.357435	94.216000	88.670000	26.523226	1.189752	
0.001000	0.167116	0.361180	94.336000	88.680000	25.582615	1.251611	
0.001000	0.167628	0.357858	94.292000	88.770000	26.512601	1.213834	
0.001000	0.166781	0.360004	94.296000	88.610000	26.878406	1.218070	
0.001000	0.165117	0.359026	94.490000	88.790000	25.641732	1.239261	
0.001000	0.167039	0.360876	94.382000	88.720000	25.015349	1.233873	
0.001000	0.164128	0.360535	94.530000	88.760000	26.471018	1.213912	
0.001000	0.165228	0.361294	94.436000	88.720000	26.598019	1.173393	
0.001000	0.164934	0.358562	94.480000	88.750000	25.930309	1.228145	
0.001000	0.163831	0.353182	94.568000	89.010000	26.658918	1.171705	
0.001000	0.161866	0.357751	94.526000	88.850000	25.612208	1.078789	
0.001000	0.163630	0.359249	94.484000	88.910000	26.867677	1.177344	
0.001000	0.160702	0.362040	94.556000	88.990000	25.755256	1.214916	
0.001000	0.164832	0.365746	94.456000	88.870000	26.758475	1.249950	
0.001000	0.164127	0.360696	94.514000	88.610000	26.877615	1.183050	
0.001000	0.162459	0.361217	94.512000	88.930000	26.685296	1.191442	
0.001000	0.163332	0.365198	94.442000	88.830000	26.782720	1.234222	
0.001000	0.163610	0.364232	94.446000	88.830000	26.011402	1.262108	
0.001000	0.160505	0.364061	94.538000	88.800000	26.915236	1.212626	
0.001000	0.161696	0.365437	94.426000	88.850000	25.907521	1.297811	
0.010000	1.455878	1.037593	48.892000	62.360000	29.233886	1.387589	
0.010000	0.830921	0.777634	70.832000	74.260000	29.121773	1.342700	
0.010000	0.582356	0.653569	79.876000	78.640000	29.816712	1.414527	
0.010000	0.472549	0.565001	83.662000	81.290000	29.797092	1.302456	
0.010000	0.409674	0.526936	85.706000	82.210000	29.409293	1.338001	
