LearningRate	TrainLoss	ValidLoss	TrainAcc.	ValidAcc.	TrainEpochTime(s)	TestEpochTime(s)	
0.100000	2.337987	1.520432	35.766000	45.650000	25.182796	1.123657	
0.100000	1.755855	1.248770	56.520000	55.670000	25.548216	1.095574	
0.100000	1.422567	1.046953	67.004000	62.780000	25.377555	1.100814	
0.100000	1.223590	0.938100	72.788000	68.540000	25.701599	1.112140	
0.100000	1.096263	1.252010	75.908000	61.040000	25.610148	1.116713	
0.100000	1.008021	0.913441	77.970000	69.820000	25.664700	1.112859	
0.100000	0.956385	0.811659	79.048000	72.800000	25.534663	1.106145	
0.100000	0.902587	0.759277	80.182000	75.400000	25.652798	1.116953	
0.100000	0.868062	0.670928	80.988000	77.390000	25.704310	1.101032	
0.100000	0.842286	1.028512	81.464000	69.820000	26.188458	1.104687	
0.100000	0.817336	0.990763	82.158000	69.730000	25.521273	1.128665	
0.100000	0.809890	0.777451	82.356000	74.020000	25.325122	1.116967	
0.100000	0.804022	0.866788	82.668000	72.090000	25.563067	1.098241	
0.100000	0.798953	0.645834	82.736000	78.250000	25.540868	1.126119	
0.100000	0.788355	1.222264	83.094000	65.630000	25.717718	1.127434	
0.100000	0.781291	0.878119	83.242000	72.240000	25.405749	1.104864	
0.100000	0.775148	1.437097	83.712000	64.500000	25.236732	1.134713	
0.100000	0.770066	0.662256	83.748000	77.920000	25.732785	1.124654	
0.100000	0.764295	0.516299	83.916000	82.220000	25.493713	1.116248	
0.100000	0.758003	1.174406	84.178000	66.960000	25.498059	1.121501	
0.100000	0.745653	0.665533	84.550000	77.850000	25.588562	1.129361	
0.100000	0.752063	0.668069	84.286000	76.760000	25.622196	1.138166	
0.100000	0.744861	1.103876	84.470000	67.310000	25.743487	1.098907	
0.100000	0.740605	0.704439	84.728000	76.610000	25.878675	1.125462	
0.100000	0.744619	0.801537	84.618000	75.980000	25.756562	1.222511	
0.100000	0.723855	0.611014	85.282000	79.980000	25.617870	1.130569	
0.100000	0.727531	0.878054	85.096000	73.150000	25.797552	1.147399	
0.100000	0.732822	0.956385	84.842000	73.030000	25.855430	1.132041	
0.100000	0.728049	0.605835	85.082000	80.230000	25.776737	1.132674	
0.100000	0.724421	0.550879	85.264000	81.920000	25.826449	1.126799	
0.100000	0.710482	0.519636	85.722000	82.470000	25.330840	1.092417	
0.100000	0.715197	1.035044	85.630000	70.800000	25.174041	1.078320	
0.100000	0.714205	0.940264	85.584000	73.120000	25.441709	1.133437	
0.100000	0.717682	0.626927	85.512000	80.000000	25.549703	1.155982	
0.100000	0.715840	0.675792	85.572000	77.290000	25.615176	1.171810	
0.100000	0.701361	0.914197	86.094000	71.430000	25.031418	1.078234	
0.100000	0.710885	0.625543	85.844000	79.810000	25.180178	1.070041	
0.100000	0.706744	0.687870	85.834000	78.230000	25.389035	1.085110	
0.100000	0.705063	1.055157	85.938000	68.940000	25.560168	1.145583	
0.100000	0.701843	0.659639	85.992000	79.080000	25.255947	1.233709	
0.100000	0.690632	1.109514	86.210000	68.520000	25.254305	1.111432	
0.100000	0.695980	0.667728	86.158000	79.010000	25.253957	1.095598	
0.100000	0.693098	0.771421	86.134000	75.470000	25.199419	1.102804	
0.100000	0.705561	0.594094	85.864000	80.240000	25.329156	1.167623	
0.100000	0.694487	0.793865	86.180000	76.040000	25.250134	1.157782	
0.100000	0.682247	0.815919	86.520000	73.530000	25.223552	1.130442	
0.100000	0.692001	0.886965	86.246000	73.800000	24.981022	1.088204	
0.100000	0.686807	0.560440	86.294000	81.570000	25.267252	1.128967	
0.100000	0.697070	0.570521	85.922000	81.280000	25.202330	1.083047	
0.100000	0.689386	0.507380	86.388000	82.730000	25.316601	1.091722	
0.100000	0.673485	0.831155	86.664000	74.770000	24.857451	1.086152	
0.100000	0.682228	0.699510	86.408000	77.390000	24.712011	1.128670	
0.100000	0.687731	0.522571	86.150000	82.230000	24.889360	1.088732	
0.100000	0.686189	0.557050	86.370000	81.290000	24.938128	1.103738	
0.100000	0.679596	0.590128	86.504000	80.420000	25.179229	1.131186	
0.100000	0.672134	0.548420	86.820000	81.320000	25.650165	1.082375	
0.100000	0.683681	0.588768	86.362000	80.050000	25.662233	1.144508	
0.100000	0.683277	0.641607	86.268000	79.660000	25.661265	1.088931	
0.100000	0.678144	0.566143	86.702000	81.570000	25.668377	1.101305	
0.100000	0.673442	0.728777	86.876000	76.660000	25.672271	1.106040	
0.100000	0.668473	0.917989	86.726000	73.520000	25.182127	1.087609	
0.100000	0.681589	0.949106	86.490000	73.030000	25.153963	1.081599	
0.100000	0.676166	0.956739	86.578000	69.410000	25.199927	1.086229	
0.100000	0.674191	1.006636	86.632000	72.510000	25.550192	1.149323	
0.100000	0.681454	0.719073	86.444000	76.420000	25.244607	1.166427	
0.100000	0.667745	0.812983	86.756000	75.820000	25.457513	1.128678	
0.100000	0.671997	0.577540	86.846000	80.410000	25.152354	1.113421	
0.100000	0.671939	0.788595	86.640000	73.230000	25.516507	1.121284	
0.100000	0.671482	0.740238	86.882000	76.920000	25.466365	1.153656	
0.100000	0.670072	0.704287	86.730000	78.490000	25.451765	1.174811	
0.100000	0.664726	0.852120	86.910000	74.030000	24.978518	1.113006	
0.100000	0.668843	0.742372	86.686000	76.460000	25.022681	1.095187	
0.100000	0.677267	0.705611	86.520000	77.120000	25.510250	1.121840	
0.100000	0.669655	0.629363	86.694000	79.660000	25.039651	1.110490	
0.100000	0.667729	0.751212	86.872000	75.980000	25.096872	1.120138	
0.100000	0.657650	0.850026	87.026000	75.770000	25.246006	1.083381	
0.100000	0.670049	0.604990	86.830000	80.210000	25.254323	1.099654	
0.100000	0.654042	0.649424	87.222000	79.360000	25.446443	1.111163	
0.100000	0.665011	0.632023	86.926000	79.280000	25.633260	1.105059	
0.100000	0.664498	0.599444	86.738000	80.950000	25.166968	1.094769	
0.100000	0.657489	0.592581	87.010000	81.510000	23.831269	1.013204	
0.100000	0.665154	0.533900	86.878000	82.130000	23.676990	1.016745	
0.100000	0.659469	0.887451	87.062000	73.120000	23.730697	1.036305	
0.100000	0.658639	0.935348	87.048000	72.910000	23.965597	1.033903	
0.100000	0.668425	0.555307	86.806000	82.260000	24.132962	1.052026	
0.100000	0.649985	0.676846	87.216000	78.060000	23.818313	1.035090	
0.100000	0.666141	0.570932	86.778000	81.370000	23.729352	1.064337	
0.100000	0.662617	0.816575	86.880000	74.880000	23.845624	1.046151	
0.100000	0.664737	0.675430	86.814000	78.710000	23.883877	1.041108	
0.100000	0.659938	0.661935	86.944000	78.390000	24.005129	1.026592	
0.100000	0.654481	0.615391	87.012000	79.420000	23.800332	1.044010	
0.100000	0.656947	0.710459	87.024000	76.670000	23.621466	1.084242	
0.010000	0.524176	0.278220	91.650000	90.260000	23.791009	1.000744	
0.010000	0.469542	0.269577	93.318000	90.890000	23.721049	1.020125	
0.010000	0.444717	0.264374	93.978000	91.190000	23.771727	1.043089	
0.010000	0.426436	0.260884	94.392000	91.040000	23.704375	1.025340	
0.010000	0.414732	0.261443	94.600000	91.100000	23.702254	1.049757	
0.010000	0.401123	0.260785	94.960000	91.260000	23.725008	1.039590	
0.010000	0.391456	0.288201	95.084000	90.600000	23.719660	1.124114	
0.010000	0.379894	0.265780	95.344000	91.340000	23.738444	1.039626	
0.010000	0.369492	0.269388	95.538000	91.270000	23.366821	1.043525	
0.010000	0.362358	0.276346	95.590000	91.180000	23.417762	1.061096	
0.010000	0.349592	0.276508	95.974000	91.220000	23.466653	1.001643	
0.010000	0.343709	0.282808	96.054000	91.130000	23.453059	1.036294	
0.010000	0.335362	0.277248	96.144000	91.280000	23.480147	1.025938	
0.010000	0.332275	0.292107	96.154000	90.820000	23.957700	1.039338	
0.010000	0.330262	0.293798	96.080000	90.920000	23.599261	1.008577	
0.010000	0.326625	0.299659	96.156000	90.810000	23.777834	1.047278	
0.010000	0.321679	0.296384	96.228000	90.750000	23.815804	1.048170	
0.010000	0.315258	0.301631	96.352000	90.660000	23.743063	1.061173	
0.010000	0.309872	0.324577	96.416000	90.050000	23.844708	1.046938	
0.010000	0.311844	0.392686	96.212000	88.790000	23.893773	1.037791	
0.010000	0.308010	0.319182	96.324000	90.400000	23.858185	1.044364	
0.010000	0.302487	0.314355	96.342000	90.690000	23.738880	1.089305	
0.010000	0.302364	0.316043	96.330000	90.450000	23.858312	1.166561	
0.010000	0.296959	0.342473	96.404000	89.690000	23.450605	1.040487	
0.010000	0.300815	0.292607	96.212000	90.810000	23.477229	1.009993	
0.010000	0.298764	0.336939	96.174000	90.210000	23.457831	1.025136	
0.010000	0.296565	0.298507	96.242000	90.870000	23.585922	1.037760	
0.010000	0.297084	0.360545	96.164000	89.590000	23.610025	1.018957	
0.010000	0.291144	0.360825	96.360000	89.710000	23.580056	1.051819	
0.010000	0.295883	0.321115	96.130000	90.310000	23.864383	1.045882	
0.010000	0.291958	0.331115	96.220000	89.990000	23.758729	1.038426	
0.010000	0.287945	0.347842	96.270000	90.100000	23.720352	1.026874	
0.010000	0.295746	0.302453	95.952000	90.710000	23.829305	1.016068	
0.010000	0.289987	0.334065	96.240000	89.840000	23.896099	1.044933	
0.010000	0.294196	0.382494	95.946000	88.440000	24.015221	1.056780	
0.010000	0.293814	0.337578	95.994000	90.290000	23.903394	1.043246	
0.010000	0.292154	0.334879	96.036000	90.000000	24.009244	1.026506	
0.010000	0.289162	0.345620	96.136000	90.010000	23.871272	1.181146	
0.010000	0.288917	0.325111	96.074000	90.040000	23.733848	1.018780	
0.010000	0.290309	0.370853	96.016000	89.300000	23.549060	1.045164	
0.010000	0.294303	0.359475	95.884000	88.990000	23.764979	1.055841	
0.010000	0.291095	0.362707	96.010000	89.350000	23.617251	1.032153	
0.010000	0.291043	0.363416	95.930000	89.340000	23.689674	1.004059	
0.010000	0.290086	0.339947	95.922000	89.760000	23.404926	1.027566	
0.010000	0.295656	0.332005	95.802000	90.040000	23.468888	1.071958	
0.010000	0.288744	0.328658	95.998000	90.490000	23.534538	1.029342	
0.010000	0.289115	0.356085	96.002000	89.540000	23.535511	1.051076	
0.010000	0.290924	0.346086	95.970000	89.640000	23.400076	1.047360	
0.010000	0.283228	0.324306	96.148000	90.240000	24.006901	1.076038	
0.010000	0.295503	0.325626	95.824000	90.390000	23.635134	1.011662	
0.010000	0.288233	0.382617	95.986000	89.170000	24.033948	1.075629	
0.010000	0.296218	0.369702	95.704000	89.040000	23.789211	1.131951	
0.010000	0.290579	0.326998	95.964000	90.140000	23.843048	1.044366	
0.010000	0.282606	0.358884	96.188000	89.270000	23.607843	1.017064	
0.010000	0.290635	0.317606	95.802000	90.360000	23.439362	1.086667	
0.010000	0.290347	0.326695	95.844000	90.150000	23.483058	0.994318	
0.010000	0.285809	0.372419	96.106000	88.930000	23.560916	1.046078	
0.001000	0.244019	0.255688	97.636000	92.310000	23.650551	1.018883	
0.001000	0.223490	0.258372	98.460000	92.380000	23.800915	1.054692	
0.001000	0.219462	0.254895	98.552000	92.480000	23.565290	1.007560	
0.001000	0.213857	0.259155	98.762000	92.390000	23.644453	1.055298	
0.001000	0.209874	0.260198	98.912000	92.370000	23.790682	1.043667	
0.001000	0.206115	0.259093	99.036000	92.440000	23.765271	1.025661	
0.001000	0.203964	0.263520	99.064000	92.350000	23.709469	1.012969	
0.001000	0.202602	0.263860	99.094000	92.470000	23.549252	1.010749	
0.001000	0.200589	0.264275	99.148000	92.420000	23.661727	1.024604	
0.001000	0.197613	0.265552	99.224000	92.420000	23.732025	1.035705	
0.001000	0.198984	0.265244	99.164000	92.540000	23.818237	1.025843	
0.001000	0.195244	0.275826	99.300000	92.350000	23.589879	1.018865	
0.001000	0.195121	0.269129	99.296000	92.340000	23.808684	1.048542	
0.001000	0.193003	0.278188	99.352000	92.410000	23.613862	1.130543	
0.001000	0.191874	0.277214	99.386000	92.260000	23.649622	1.135131	
0.001000	0.191400	0.272434	99.330000	92.380000	23.835509	1.029797	
0.001000	0.188871	0.270503	99.424000	92.460000	23.507076	1.024251	
0.001000	0.188201	0.281645	99.428000	92.350000	23.563427	1.014426	
0.001000	0.188076	0.277223	99.412000	92.430000	23.370020	1.028606	
0.001000	0.186927	0.286029	99.452000	92.570000	23.568118	1.023315	
0.001000	0.185967	0.277990	99.480000	92.440000	23.609047	1.009856	
0.001000	0.184111	0.279455	99.538000	92.520000	23.501149	1.033340	
0.001000	0.183665	0.279985	99.520000	92.500000	23.497003	1.023521	
0.001000	0.182752	0.277695	99.562000	92.590000	23.411551	1.003825	
0.001000	0.182476	0.278685	99.502000	92.530000	23.519689	1.036217	
0.001000	0.182159	0.282394	99.500000	92.650000	23.683330	1.083777	
0.001000	0.180227	0.283872	99.616000	92.450000	23.432251	1.022924	
0.001000	0.179170	0.283937	99.606000	92.580000	23.445431	1.032869	
0.001000	0.179972	0.281576	99.566000	92.560000	23.486638	1.103468	
0.001000	0.176954	0.282547	99.658000	92.640000	23.450809	1.054376	
0.001000	0.178164	0.285752	99.552000	92.600000	23.658430	1.009129	
