BatchSize Time
10 2440.807
20 1218.715
30 810.861
40 606.952
50 486.194
60 405.783
70 346.860
80 302.729
90 270.349
100 241.324
110 220.056
120 201.570
130 186.810
140 173.152
150 159.535
160 152.322
170 143.276
180 134.963
190 128.261
200 121.198
210 115.671
220 109.974
230 105.028
240 100.630
250 96.551
260 93.044
270 89.697
280 86.040
290 83.483
300 80.399
310 78.187
320 75.802
330 73.571
340 71.462
350 69.111
360 67.231
370 65.864
380 63.350
390 62.272
400 60.108
410 58.841
420 57.875
430 56.632
440 54.932
450 54.495
460 53.022
470 51.814
480 51.039
490 50.042
500 48.437
510 48.179
520 47.174
530 46.136
540 45.081
550 44.279
560 43.731
570 42.650
580 42.318
590 41.182
600 40.657
610 39.945
620 39.440
630 37.684
640 38.563
650 37.582
660 37.080
670 36.565
680 36.086
690 35.616
700 34.941
710 35.060
720 33.464
730 32.486
740 33.233
750 32.888
760 32.493
770 30.880
780 31.941
790 31.129
800 29.839
810 30.667
820 28.824
830 30.198
840 28.664
850 28.114
860 28.104
870 27.615
880 27.262
890 27.189
900 27.028
910 26.316
920 26.426
930 25.830
940 25.903
950 26.568
960 25.723
970 25.145
980 25.200
990 24.546
1000 24.228
1010 24.027
1020 24.194
1030 23.866
1040 23.657
1050 23.157
1060 23.208
1070 22.673
1080 22.701
1090 22.173
1100 22.499
1110 22.437
1120 21.852
1130 22.078
1140 21.491
1150 21.308
1160 21.325
1170 20.957
1180 21.308
1190 21.019
1200 20.657
1210 20.655
1220 20.275
1230 20.190
1240 20.213
1250 19.884
1260 19.803
1270 19.865
1280 20.101
1290 19.399
1300 19.594
1310 19.590
1320 18.993
1330 19.034
1340 19.288
1350 19.259
1360 18.695
1370 18.658
1380 18.744
1390 18.279
1400 18.322
1410 18.485
1420 18.414
1430 17.936
1440 17.783
1450 17.789
1460 17.974
1470 17.606
1480 17.347
1490 17.366
1500 17.564
1510 17.214
1520 16.894
1530 16.978
1540 16.865
1550 16.744
1560 17.031
1570 16.426
1580 16.570
1590 16.679
1600 16.536
1610 16.415
1620 16.155
1630 16.007
1640 16.191
1650 16.210
1660 16.189
1670 15.579
1680 15.604
1690 15.559
1700 15.769
1710 15.726
1720 15.531
1730 15.245
1740 15.159
1750 15.068
1760 15.219
1770 15.274
1780 15.082
1790 14.774
1800 14.753
1810 14.759
1820 14.662
1830 14.739
1840 14.873
1850 14.664
1860 14.345
1870 14.266
1880 14.406
1890 14.406
1900 14.286
1910 14.358
1920 14.284
1930 13.927
1940 13.970
1950 13.925
1960 13.781
1970 13.918
1980 13.836
1990 13.879
2000 13.512
2010 13.403
2020 13.547
2030 13.299
2040 13.341
2050 13.426
2060 13.407
2070 13.470
2080 13.457
2090 13.029
2100 12.942
2110 12.977
2120 12.967
2130 13.073
2140 13.071
2150 13.019
2160 13.144
2170 13.044
2180 12.584
2190 12.549
2200 12.616
2210 12.583
2220 12.582
2230 12.756
2240 12.718
2250 12.677
2260 12.646
2270 12.868
2280 12.330
2290 12.198
2300 12.204
2310 12.251
2320 12.167
2330 12.358
2340 12.293
2350 12.199
2360 12.197
2370 12.348
2380 12.358
2390 11.738
2400 11.823
2410 11.870
2420 11.886
2430 11.917
2440 11.802
2450 11.787
2460 11.928
2470 11.881
2480 11.873
2490 11.908
2500 11.434
2510 11.530
2520 11.473
2530 11.531
2540 11.590
2550 11.443
2560 11.468
2570 11.566
2580 11.495
2590 11.537
2600 11.471
2610 11.488
2620 11.482
2630 11.646
2640 11.027
2650 11.113
2660 11.109
2670 11.266
2680 11.118
2690 11.111
2700 11.230
2710 11.088
2720 11.176
2730 11.090
2740 11.068
2750 11.144
2760 11.182
2770 11.099
2780 10.680
2790 10.771
2800 10.813
2810 10.804
2820 10.841
2830 10.818
2840 10.708
2850 10.746
2860 10.706
2870 10.802
2880 10.726
2890 10.785
2900 10.749
2910 10.734
2920 10.911
2930 10.819
2940 10.900
2950 10.297
2960 10.331
2970 10.352
2980 10.395
2990 10.308
3000 10.365
3010 10.425
3020 10.366
3030 10.404
3040 10.378
3050 10.305
3060 10.379
3070 10.403
3080 10.381
3090 10.415
3100 10.349
3110 10.414
3120 10.429
3130 9.934
3140 9.953
3150 9.974
3160 9.951
3170 10.032
3180 10.114
3190 10.121
3200 10.011
3210 10.176
3220 9.959
3230 9.977
3240 10.174
3250 10.053
3260 10.000
3270 10.094
3280 10.041
3290 10.031
3300 10.071
3310 10.042
3320 10.115
3330 10.080
3340 9.632
3350 9.522
3360 9.626
3370 9.580
3380 9.638
3390 9.654
3400 9.626
3410 9.755
3420 9.796
3430 9.676
3440 9.713
3450 9.648
3460 9.598
3470 9.641
3480 9.680
3490 9.733
3500 9.790
3510 9.607
3520 9.654
3530 9.754
3540 9.741
3550 9.707
3560 9.730
3570 9.741
3580 9.306
3590 9.281
3600 9.242
3610 9.341
3620 9.234
3630 9.301
3640 9.264
3650 9.330
3660 9.436
3670 9.274
3680 9.308
3690 9.373
3700 9.371
3710 9.373
3720 9.368
3730 9.355
3740 9.411
3750 9.397
3760 9.330
3770 9.362
3780 9.299
3790 9.359
3800 9.355
3810 9.336
3820 9.462
3830 9.364
3840 9.415
3850 8.922
3860 8.910
3870 8.931
3880 8.918
3890 9.016
3900 8.967
3910 8.968
3920 8.977
3930 8.883
3940 8.914
3950 8.945
3960 9.013
3970 9.121
3980 9.046
3990 9.011
4000 9.031
4010 8.976
4020 8.952
4030 8.981
4040 9.075
4050 9.004
4060 9.038
4070 9.004
4080 8.994
4090 8.973
4100 9.021
4110 9.129
4120 9.066
4130 9.021
4140 9.114
4150 9.096
4160 8.996
4170 8.648
4180 8.581
4190 8.614
4200 8.587
4210 8.609
4220 8.540
4230 8.583
4240 8.579
4250 8.592
4260 8.563
4270 8.579
4280 8.653
4290 8.641
4300 8.746
4310 8.750
4320 8.618
4330 8.617
4340 8.667
4350 8.670
4360 8.698
4370 8.713
4380 8.717
4390 8.647
4400 8.681
4410 8.686
4420 8.727
4430 8.680
4440 8.732
4450 8.698
4460 8.754
4470 8.679
4480 8.660
4490 8.785
4500 8.756
4510 8.698
4520 8.747
4530 8.778
4540 8.785
4550 8.302
4560 8.319
4570 8.292
4580 8.380
4590 8.398
4600 8.349
4610 8.299
4620 8.345
4630 8.327
4640 8.362
4650 8.367
4660 8.291
4670 8.329
4680 8.403
4690 8.376
4700 8.331
4710 8.342
4720 8.413
4730 8.372
4740 8.339
4750 8.449
4760 8.310
4770 8.397
4780 8.352
4790 8.347
4800 8.358
4810 8.405
4820 8.405
4830 8.457
4840 8.361
4850 8.401
4860 8.323
4870 8.373
4880 8.365
4890 8.438
4900 8.449
4910 8.421
4920 8.461
4930 8.400
4940 8.453
4950 8.415
4960 8.425
4970 8.437
4980 8.429
4990 8.452
5000 8.007
5010 7.959
5020 7.997
5030 8.030
5040 8.013
5050 7.967
5060 8.005
5070 8.046
5080 8.093
5090 7.964
5100 8.011
5110 8.002
5120 7.968
5130 8.044
5140 8.049
5150 8.007
5160 8.059
5170 8.059
5180 8.034
5190 8.016
5200 8.064
5210 8.051
5220 8.047
5230 8.140
5240 8.038
5250 8.049
5260 8.118
5270 7.995
5280 8.089
5290 8.080
5300 8.028
5310 8.091
5320 8.023
5330 8.037
5340 8.032
5350 8.052
5360 8.163
5370 8.091
5380 8.167
5390 8.096
5400 8.067
5410 8.027
5420 8.155
5430 8.088
5440 8.148
5450 8.096
5460 8.157
5470 8.062
5480 8.140
5490 8.127
5500 8.160
5510 8.172
5520 8.148
5530 8.133
5540 8.131
5550 8.112
5560 7.701
5570 7.717
5580 7.720
5590 7.739
5600 7.685
5610 7.728
5620 7.711
5630 7.730
5640 7.724
5650 7.746
5660 7.767
5670 7.689
5680 7.696
5690 7.782
5700 7.714
5710 7.738
5720 7.794
5730 7.723
5740 7.789
5750 7.734
5760 7.736
5770 7.768
5780 7.749
5790 7.832
5800 7.804
5810 7.783
5820 7.816
5830 7.815
5840 7.838
5850 7.821
5860 7.773
5870 7.805
5880 7.798
5890 7.775
5900 7.801
5910 7.886
5920 7.797
5930 7.743
5940 7.798
5950 7.795
5960 7.846
5970 7.812
5980 7.817
5990 7.814
6000 7.782
6010 7.800
6020 7.865
6030 7.866
6040 7.889
6050 7.876
6060 7.842
6070 7.762
6080 7.812
6090 7.914
6100 7.815
6110 7.904
6120 7.844
6130 7.885
6140 7.824
6150 7.931
6160 7.912
6170 8.001
6180 7.990
6190 7.946
6200 7.900
6210 7.995
6220 7.968
6230 8.006
6240 8.026
6250 7.499
6260 7.500
6270 7.564
6280 7.527
6290 7.557
6300 7.600
6310 7.561
6320 7.579
6330 7.569
6340 7.503
6350 7.683
6360 7.578
6370 7.570
6380 7.640
6390 7.575
6400 7.607
6410 7.600
6420 7.538
6430 7.548
6440 7.563
6450 7.626
6460 7.571
6470 7.599
6480 7.577
6490 7.611
6500 7.588
6510 7.653
6520 7.550
6530 7.622
6540 7.553
6550 7.644
6560 7.632
6570 7.596
6580 7.670
6590 7.651
6600 7.641
6610 7.627
6620 7.651
6630 7.614
6640 7.686
6650 7.703
6660 7.682
6670 7.643
6680 7.622
6690 7.795
6700 7.648
6710 7.670
6720 7.691
6730 7.675
6740 7.688
6750 7.636
6760 7.743
6770 7.647
6780 7.740
6790 7.698
6800 7.723
6810 7.680
6820 7.787
6830 7.696
6840 7.718
6850 7.775
6860 7.811
6870 7.775
6880 7.731
6890 7.780
6900 7.699
6910 7.776
6920 7.810
6930 7.739
6940 7.765
6950 7.799
6960 7.759
6970 7.802
6980 7.782
6990 7.796
7000 7.760
7010 7.831
7020 7.799
7030 7.795
7040 7.784
7050 7.792
7060 7.810
7070 7.821
7080 7.787
7090 7.776
7100 7.862
7110 7.791
7120 7.865
7130 7.790
7140 7.849
7150 7.396
7160 7.424
7170 7.411
7180 7.489
7190 7.439
7200 7.426
7210 7.383
7220 7.437
7230 7.472
7240 7.461
7250 7.429
7260 7.423
7270 7.401
7280 7.480
7290 7.424
7300 7.432
7310 7.465
7320 7.467
7330 7.446
7340 7.443
7350 7.464
7360 7.459
7370 7.451
7380 7.472
7390 7.514
7400 7.461
7410 7.427
7420 7.409
7430 7.423
7440 7.417
7450 7.445
7460 7.451
7470 7.409
7480 7.471
7490 7.458
7500 7.461
7510 7.383
7520 7.400
7530 7.409
7540 7.390
7550 7.469
7560 7.368
7570 7.458
7580 7.426
7590 7.473
7600 7.431
7610 7.446
7620 7.443
7630 7.474
7640 7.482
7650 7.478
7660 7.434
7670 7.468
7680 7.406
7690 7.451
7700 7.423
7710 7.455
7720 7.449
7730 7.476
7740 7.426
7750 7.486
7760 7.471
7770 7.507
7780 7.478
7790 7.480
7800 7.507
7810 7.542
7820 7.490
7830 7.541
7840 7.490
7850 7.479
7860 7.481
7870 7.479
7880 7.508
7890 7.507
7900 7.577
7910 7.564
7920 7.515
7930 7.507
7940 7.579
7950 7.503
7960 7.586
7970 7.516
7980 7.483
7990 7.589
8000 7.629
8010 7.541
8020 7.583
8030 7.528
8040 7.534
8050 7.554
8060 7.582
8070 7.563
8080 7.559
8090 7.622
8100 7.569
8110 7.594
8120 7.511
8130 7.606
8140 7.561
8150 7.605
8160 7.596
8170 7.595
8180 7.549
8190 7.578
8200 7.585
8210 7.574
8220 7.588
8230 7.578
8240 7.590
8250 7.604
8260 7.642
8270 7.589
8280 7.613
8290 7.638
8300 7.658
8310 7.587
8320 7.598
8330 7.606
8340 7.338
8350 7.353
8360 7.334
8370 7.324
8380 7.316
8390 7.383
8400 7.383
8410 7.393
8420 7.354
8430 7.354
8440 7.357
8450 7.349
8460 7.300
8470 7.367
8480 7.222
8490 7.214
8500 7.188
8510 7.248
8520 7.195
8530 7.227
8540 7.204
8550 7.334
8560 7.295
8570 7.239
8580 7.255
8590 7.242
8600 7.327
8610 7.190
8620 7.195
8630 7.237
8640 7.209
8650 7.227
8660 7.262
8670 7.254
8680 7.190
8690 7.299
8700 7.307
8710 7.308
8720 7.281
8730 7.270
8740 7.251
8750 7.332
8760 7.224
8770 7.279
8780 7.244
8790 7.410
8800 7.382


