-s 4 -n 2 -l 3
10  2171.698
20  1101.116
30  741.655
40  565.048
50  465.259
60  392.091
70  341.869
80  301.888
90  272.866
100  249.049
110  229.789
120  210.629
130  196.738
140  185.493
150  174.628
160  165.921
170  158.457
180  151.600
190  145.062
200  139.449
210  136.057
220  131.172
230  126.829
240  123.154
250  119.152
260  116.017
270  113.687
280  110.580
290  107.801
300  105.161
310  103.747
320  101.513
330  98.759
340  96.978
350  95.141
360  93.784
370  92.802
380  90.879
390  89.643
400  87.359
410  85.798
420  85.532
430  84.607
440  83.674
450  82.880
460  81.533
470  80.827
480  79.958
490  79.302
500  77.306
510  76.567
520  75.764
530  75.515
540  74.865
550  80.394
560  79.494
570  78.834
580  78.573
590  77.717
600  77.140
610  77.626
620  77.372
630  77.166
640  76.945
650  75.997
660  75.339
670  74.890
