 = 3, N=3, L=3 fp16
 10  2234.606  
 20  1122.596  
 30  752.492  
 40  570.534  
 50  458.721  
 60  387.261  
 70  336.548  
 80  296.676  
 90  267.539  
 100  241.124  
 110  221.844  
 120  204.874  
 130  191.016  
 140  179.756  
 150  169.441  
 160  159.954  
 170  151.447  
 180  143.158  
 190  136.564  
 200  130.022  
 210  123.698  
 220  117.166  
 230  112.480  
 240  108.789  
 250  105.105  
 260  101.795  
 270  99.060  
 280  95.738  
 290  93.481  
 300  90.730  
 310  88.580  
 320  86.525  
 330  84.334  
 340  82.426  
 350  80.367  
 360  78.637  
 370  77.547  
 380  75.940  
 390  73.717  
 400  71.990  
 410  70.784  
 420  70.072  
 430  68.730  
 440  67.237  
 450  66.533  
 460  64.687  
 470  64.145  
 480  63.353  
 490  62.794  
 500  61.108  
 510  60.649  
 520  60.006  
 530  59.041  
 540  58.205  
 550  57.339  
 560  57.086  
 570  56.365  
 580  55.670  
 590  54.930  
 600  54.693  
 610  53.948  
 620  53.613  
 630  53.204  
 640  52.752  
 650  51.845  
 660  51.274  
 670  51.085  
 680  50.599  
 690  50.117  
 700  49.813  
 710  49.626  
 720  49.095  
 730  48.569  
 740  48.236  
 750  47.644  
 760  47.582  
 770  47.003  
 780  46.954  
 790  46.540  
 800  46.214  
 810  45.710  
 820  45.506  
 830  45.462  
 840  45.008  
 850  44.401  
 860  44.540  
 870  44.127  
 880  43.848  
 890  43.898  
 900  43.459  
 910  42.942  
 920  42.965  
 930  42.534  
 940  42.367  
 950  41.912  
 960  42.042  
 970  41.915  
 980  41.650  
 990  41.344  
 1000  41.129  
 1010  40.920  
 1020  39.972  
 1030  39.882  
 1040  40.242  
 1050  39.959  
 1060  40.385  
 1070  40.021  
 1080  40.350  
 1090  40.142  
 1100  40.686  
 1110  40.558  
 1120  40.007  
 1130  39.978  
 1140  39.521  
 1150  39.603  
 1160  39.487  
 1170  39.007  
 1180  38.992  
 1190  39.017  
 1200  38.614  
 1210  38.538  
 1220  38.013  
 1230  37.970  
 1240  38.011  
 1250  37.481  
 1260  37.575  
 1270  37.698  
 1280  37.511  
 1290  37.251  
 1300  37.441  
 1310  37.484  
 1320  36.778  
 1330  36.897  
 1340  37.000  
 1350  36.818  
 1360  36.451  
 1370  36.377  
 1380  36.313  
 1390  35.853  
 1400  35.821  
 1410  35.885  
 1420  35.936  
 1430  35.561  
 1440  35.509  
 1450  35.583  
 1460  35.689  
 1470  35.666  
 1480  35.311
 1490  35.271  
 1500  35.316  
 1510  35.350  
 1520  34.810  
 1530  34.921  
 1540  34.791  
 1550  34.710  
 1560  34.833  
 1570  34.321  
 1580  34.326  
 1590  34.391  
 1600  34.406  
 1610  34.496  
 1620  34.020  
 1630  33.873  
 1640  33.995  
 1650  34.118  
 1660  34.119  
 1670  33.922  
 1680  33.701  
 1690  33.722  
 1700  33.197  
 1710  33.105  
 1720  33.089  
 1730  32.886  
 1740  32.932  
 1750  33.069  
 1760  32.941  
 1770  32.977  
 1780  33.148  
 1790  32.775  
 1800  32.672  
 1810  32.646  
 1820  32.912  
 1830  32.815  
 1840  32.688  
 1850  32.634  
 1860  32.229  
 1870  32.185  
 1880  31.922  
 1890  32.150  
 1900  32.220  
 1910  32.186  
 1920  32.201  
 1930  31.911  
 1940  31.982  
 1950  31.884  
 1960  32.079  
 1970  32.026  
 1980  32.106  
 1990  32.189  
 2000  31.735  
 2010  31.763  
 2020  31.778  
 2030  31.787  

