LearningRate	TrainLoss	ValidLoss	TrainAcc.	ValidAcc.	TrainEpochTime(s)	TestEpochTime(s)	
0.100000	2.415040	6.687378	34.889999	20.480000	-0.372792	0.965062	
0.100000	1.841143	5.299459	54.311999	19.250000	-0.412263	0.916491	
0.100000	1.502693	5.695715	64.871999	19.140000	-0.406203	0.963082	
0.100000	1.295666	2.990946	70.931999	40.890000	-0.349100	0.986208	
0.100000	1.167247	1.422314	74.131999	55.750000	-0.403729	1.050905	
0.100000	1.053528	1.287752	76.853999	59.630000	-0.289889	0.986956	
0.100000	1.007131	1.682125	77.605999	52.880000	-0.173612	1.025487	
0.100000	0.962296	1.984160	78.429999	49.660000	-0.545506	0.916944	
0.100000	0.925317	1.940255	79.431999	47.720000	-0.345980	1.021497	
0.100000	0.898056	2.895921	79.945999	41.850000	-0.321144	0.964975	
0.100000	0.847187	2.745352	81.457998	44.040000	-0.544079	0.995892	
0.100000	0.870709	2.804420	80.589998	25.330000	-0.237072	0.965348	
0.100000	0.854222	2.213231	81.097999	45.650000	-0.297337	0.932075	
0.100000	0.877484	1.454441	80.713999	61.390000	-0.399168	0.980491	
0.100000	0.844441	3.178563	81.669998	43.720000	-0.406496	0.965323	
0.100000	0.800507	3.710004	82.711998	40.270000	-0.414259	0.958733	
0.100000	0.831625	2.074650	82.047999	46.940000	-0.315326	1.020380	
0.100000	0.844234	2.430784	81.865998	48.190000	-0.455347	0.966645	
0.100000	0.831324	2.763225	82.235998	45.510000	-0.331832	0.919846	
0.100000	0.805939	2.200101	82.817998	51.750000	-0.341441	1.042249	
0.100000	0.780090	5.243897	83.387999	21.190000	-0.323550	1.067029	
0.100000	0.891973	2.597823	80.413999	34.930000	-0.330734	0.963174	
0.100000	0.870570	13.400475	81.237999	14.690000	-0.391188	0.997777	
0.100000	0.905049	2.193406	80.199999	49.190000	-0.336116	1.041153	
0.100000	0.857353	3.669817	81.477999	33.860000	-0.269924	0.945021	
0.100000	0.785197	0.807579	83.459997	73.900000	-0.539863	0.946698	
0.100000	0.747711	1.044532	84.331997	66.810000	-0.533634	0.977058	
0.100000	0.738917	1.621395	84.335997	62.440000	-0.466792	0.959776	
0.100000	0.737927	0.877292	84.205997	72.700000	-0.506064	0.969825	
0.100000	0.725079	0.831818	84.623997	74.060000	-0.490941	0.951516	
0.100000	0.715007	0.883413	84.952000	73.880000	-0.605384	1.130033	
0.100000	0.729596	0.980139	84.714000	70.100000	-0.749153	0.961575	
0.100000	0.719666	1.074010	84.764000	67.910000	-0.692906	0.958917	
0.100000	0.728418	0.927233	84.592000	71.960000	-0.729631	0.946878	
0.100000	0.716587	0.697037	85.016000	76.670000	-0.691336	0.995481	
0.100000	0.705117	1.180243	85.310002	64.860000	-1.088613	1.144965	
0.100000	0.721036	1.674266	84.810002	57.760000	-1.092653	0.956112	
0.100000	0.715460	1.332657	85.142002	62.800000	-1.079778	0.993803	
0.100000	0.706024	1.532565	85.472002	61.120000	-1.149120	0.976316	
0.100000	0.710011	0.788736	85.286002	74.470000	-0.983366	0.915126	
0.100000	0.704725	17.402077	85.218000	13.380000	-1.213134	1.056272	
0.100000	1.314821	7.717559	65.355999	21.840000	-1.065460	0.951430	
0.100000	1.054688	9.979058	74.613999	15.720000	-1.199581	1.014543	
0.100000	1.000304	16.768720	76.363999	10.450000	-1.116407	0.982743	
0.100000	0.973307	9.509109	77.267999	16.940000	-1.147327	0.984112	
0.100000	0.876205	0.794085	80.138001	74.670000	-1.342656	1.046882	
0.100000	0.740166	0.706766	83.740001	76.170000	-1.361083	0.926454	
0.100000	0.716695	0.853083	84.086001	72.840000	-1.407655	0.948363	
0.100000	0.706908	0.730203	84.444001	74.980000	-1.429892	0.990886	
0.100000	0.696083	1.358110	84.522001	61.940000	-1.461558	1.034926	
0.100000	0.703506	24.790870	84.336000	10.030000	-1.572317	1.068208	
0.100000	1.032638	5.061223	74.192000	29.590000	-1.520980	0.905855	
0.100000	0.912470	10.768344	78.652000	16.070000	-1.644398	0.878557	
0.100000	0.896945	7.485248	79.354000	23.620000	-1.565221	0.973705	
0.100000	0.901787	3.171558	79.034000	25.950000	-1.473245	0.907220	
0.100000	0.803824	0.940336	81.840001	72.570000	-1.568946	0.942340	
0.100000	0.709027	0.756740	84.416001	75.850000	-1.760981	0.913574	
0.100000	0.692560	0.968926	84.644001	69.090000	-1.684633	0.957916	
0.100000	0.693027	1.905934	84.280001	54.910000	-1.808120	0.950176	
0.100000	0.689401	1.344143	84.428001	63.550000	-1.427856	1.088063	
0.100000	0.689558	6.645475	84.531999	25.180000	0.767605	1.544210	
0.100000	0.797892	4.107725	81.567999	35.040000	0.542212	1.078400	
0.100000	0.792670	4.900358	82.027999	30.290000	0.636424	1.140523	
0.100000	0.806634	3.056048	81.659999	42.420000	0.649009	1.121741	
0.100000	0.787641	5.792498	81.931999	28.880000	0.464376	1.261443	
0.100000	0.719368	0.647049	84.098001	77.690000	0.215287	1.595756	
0.100000	0.662420	0.623561	85.606002	79.280000	-0.010387	1.051733	
0.100000	0.662510	0.937152	85.418002	71.600000	0.002191	1.093756	
0.100000	0.663017	0.834615	85.280002	73.330000	0.378024	1.156893	
0.100000	0.665197	0.555303	85.154001	80.910000	-0.512216	1.094439	
0.100000	0.651302	2.015146	85.689999	51.490000	-0.069482	1.550569	
0.100000	0.666771	0.990577	85.093999	69.250000	-0.167125	1.088792	
0.100000	0.655556	1.011837	85.681999	69.140000	-0.040182	1.073926	
0.100000	0.660450	1.010520	85.387999	70.690000	-0.265539	1.013210	
0.100000	0.658025	0.893778	85.543999	72.490000	-0.124841	1.073345	
0.100000	0.656426	0.940865	85.586000	71.600000	0.142163	1.407633	
0.100000	0.672180	0.704092	84.991999	76.550000	-0.234177	1.036927	
0.100000	0.661981	0.968768	85.420000	68.410000	-0.016173	1.046524	
0.100000	0.668735	1.038098	85.126000	67.150000	-0.190329	0.997223	
0.100000	0.667145	1.300931	85.288000	62.490000	-0.117454	1.068796	
0.100000	0.649288	0.812144	85.920000	74.190000	-0.201514	1.498030	
0.100000	0.663791	0.894961	85.686000	73.220000	-0.669046	1.029474	
0.100000	0.661747	0.678984	85.566000	77.390000	0.076330	1.103935	
0.100000	0.663203	1.069725	85.518000	67.040000	-0.401560	1.061980	
0.100000	0.666196	0.880993	85.520000	72.630000	-0.273193	0.991784	
0.100000	0.644405	1.753680	86.094002	57.710000	-0.059228	1.412412	
0.100000	0.661440	1.131426	85.492002	67.750000	-0.286022	1.029486	
0.100000	0.658386	0.820835	85.832002	73.320000	0.053152	1.105448	
0.100000	0.661961	0.979619	85.566002	69.030000	-0.279877	1.141015	
0.100000	0.661265	1.017227	85.736002	70.980000	-0.042574	1.003412	
0.100000	0.644832	1.619089	86.171999	59.420000	-0.017386	1.505763	
0.100000	0.662546	0.845447	85.643998	75.560000	-0.134457	0.996726	
0.010000	0.557438	0.330773	89.311999	88.650000	-0.005938	1.046753	
0.001000	0.493802	0.311869	91.533999	89.550000	-0.169659	1.033313	
0.000100	0.486957	0.309568	91.767999	89.600000	-0.270471	1.056643	
0.010000	0.481340	0.297518	91.749999	89.640000	-0.064822	1.442871	
0.001000	0.459875	0.290384	92.355999	90.050000	-0.191786	1.022769	
0.000100	0.454316	0.291308	92.707999	90.120000	-0.419484	1.006256	
0.000010	0.453871	0.290777	92.713999	90.050000	-0.212650	1.028280	
0.000001	0.452022	0.290130	92.775999	90.150000	-0.226588	1.119785	
0.010000	0.455627	0.295591	92.411999	89.980000	-0.128874	1.442904	
0.001000	0.436879	0.286768	93.059999	90.390000	-0.204531	1.087584	
0.000100	0.432928	0.287245	93.207999	90.210000	-0.097511	1.105334	
0.000010	0.430939	0.287517	93.311999	90.360000	-0.256070	1.104254	
0.000001	0.430969	0.284818	93.339999	90.400000	-0.209049	1.124221	
0.010000	0.435268	0.305705	92.971999	90.010000	-0.052003	1.382929	
0.001000	0.420304	0.282532	93.535999	90.670000	-0.311696	1.170325	
0.000100	0.414456	0.281563	93.707999	90.640000	-0.025861	1.178858	
0.000010	0.413708	0.281262	93.699999	90.610000	-2.841056	0.855450	
0.000001	0.412289	0.281689	93.773999	90.610000	-2.137024	0.927766	
0.010000	0.420745	0.312005	93.349999	89.790000	-2.093786	0.936381	
0.001000	0.404415	0.278196	93.851999	90.690000	-2.123148	0.852787	
0.000100	0.397989	0.275378	94.117999	90.780000	-2.169829	0.886943	
0.000010	0.397331	0.277547	94.119998	90.800000	-2.063186	0.867836	
0.000001	0.397165	0.277762	94.073999	90.740000	-2.281065	0.949288	
0.010000	0.406510	0.301165	93.685999	89.740000	-2.115546	0.925639	
0.001000	0.392433	0.274767	94.167999	90.620000	-2.166285	0.958812	
0.000100	0.386522	0.278366	94.333998	90.680000	-2.126657	0.997995	
0.000010	0.384570	0.274365	94.377998	90.710000	-2.370196	0.897913	
0.000001	0.383232	0.276234	94.513999	90.700000	-2.259859	0.894383	
0.010000	0.397785	0.303764	93.807999	89.910000	-2.287684	0.890091	
0.001000	0.380503	0.275896	94.365999	90.790000	-2.411268	0.883932	
0.000100	0.370857	0.277635	94.805999	90.670000	-2.068587	0.940720	
0.000010	0.372605	0.275327	94.805999	90.690000	-2.155768	0.880396	
0.000001	0.372836	0.275708	94.639998	90.730000	-2.129787	0.938702	
0.010000	0.385247	0.306816	94.079999	89.940000	-2.105502	0.989781	
0.001000	0.367658	0.276103	94.761999	90.810000	-2.287044	0.883820	
0.000100	0.362978	0.273446	94.945999	90.880000	-2.011864	0.927265	
0.000010	0.359800	0.274181	94.927998	90.880000	-2.290470	0.850483	
0.000001	0.360935	0.274946	94.939999	90.720000	-2.349975	0.870412	
0.010000	0.376424	0.308839	94.193999	89.660000	-2.128614	0.940177	
0.001000	0.362555	0.273248	94.705999	90.880000	-2.156767	0.858418	
0.000100	0.351009	0.275238	95.181999	90.870000	-2.261573	0.860355	
0.000010	0.352752	0.274009	95.157999	90.990000	-2.307114	0.905996	
0.000001	0.351141	0.275071	95.219999	90.910000	-2.198386	0.914076	
0.010000	0.366078	0.324416	94.515999	89.670000	-2.273745	0.941997	
0.001000	0.354525	0.277308	94.869998	90.770000	-2.357258	0.927868	
0.000100	0.340732	0.275089	95.399998	91.070000	-2.234366	0.846320	
0.000010	0.341153	0.276495	95.373999	90.860000	-2.448661	0.954036	
0.000001	0.343059	0.271916	95.273999	90.940000	-2.442449	0.912690	
0.010000	0.356590	0.309619	94.699999	89.780000	-2.054022	0.945120	
0.001000	0.344795	0.280392	95.169999	90.850000	-2.303513	0.886589	
0.000100	0.333759	0.278953	95.527999	90.910000	-2.081545	0.827575	
0.000010	0.331888	0.278220	95.625999	91.000000	-2.157373	0.822850	
0.000001	0.332349	0.277748	95.613999	90.990000	-2.248956	0.862582	
0.010000	0.353910	0.308703	94.659998	90.030000	-2.321545	0.975463	
0.001000	0.335135	0.271474	95.341999	91.160000	-2.146787	0.917160	
0.000100	0.325007	0.268555	95.737999	91.070000	-2.158124	0.867159	
0.000010	0.325735	0.268616	95.733999	91.290000	-2.088460	0.871314	
0.000000	0.324783	0.270754	95.695999	91.240000	-2.122865	0.901879	
0.001000	0.323777	0.269055	95.703999	91.190000	-2.412909	1.017506	
0.000010	0.321428	0.270558	95.841999	91.180000	-2.182439	0.947954	
0.000000	0.320235	0.268475	95.863999	91.310000	-2.067223	0.974910	
0.000000	0.319758	0.269055	95.947999	91.240000	-2.394334	0.904529	
0.000000	0.319218	0.270322	95.895999	91.280000	-2.129851	0.943167	
0.001000	0.320212	0.271564	95.891999	91.330000	-2.296176	1.073647	
0.000010	0.317821	0.268612	95.925999	91.370000	-2.668308	0.925011	
0.000000	0.316695	0.270343	95.903999	91.180000	-2.160373	0.924971	
0.000000	0.317612	0.268878	95.993999	91.340000	-2.135853	0.875716	
0.000000	0.316204	0.269733	95.979999	91.450000	-2.189253	0.874782	
0.001000	0.316010	0.270430	96.025999	91.380000	-2.155872	0.982323	
0.000010	0.315511	0.268263	96.067999	91.410000	-2.282723	0.839423	
0.000000	0.313551	0.268887	96.097999	91.370000	-2.267350	0.835881	
0.000000	0.313996	0.267651	96.077999	91.350000	-2.058004	0.819870	
0.000000	0.315130	0.269705	96.079999	91.250000	-2.321319	0.889713	
0.001000	0.313838	0.270193	96.057999	91.420000	-2.158083	1.044354	
0.000010	0.312408	0.272000	96.121999	91.250000	-2.190914	0.891609	
0.000000	0.311092	0.271143	96.131999	91.460000	-2.208774	0.851107	
0.000000	0.312283	0.270819	96.157999	91.190000	-2.117634	0.877928	
0.000000	0.311691	0.271389	96.139999	91.290000	-2.410586	0.886404	
0.001000	0.313214	0.270576	96.055999	91.300000	-2.250678	1.022106	
0.000010	0.311713	0.270134	96.131999	91.370000	-2.241005	0.915222	
0.000000	0.311946	0.270585	96.073999	91.400000	-2.240205	0.875259	
0.000000	0.311918	0.272606	96.003999	91.330000	-1.969885	0.955530	
0.000000	0.310197	0.270750	96.169999	91.320000	-2.165135	0.931017	
0.001000	0.311173	0.271200	96.137999	91.390000	-2.261016	0.973188	
0.000010	0.309378	0.270165	96.239999	91.410000	-2.192499	0.848178	
0.000000	0.309662	0.272783	96.191999	91.210000	-2.085199	0.850019	
0.000000	0.307252	0.273317	96.195999	91.300000	-2.312982	0.854084	
0.000000	0.308014	0.271811	96.323999	91.270000	-2.211111	0.920359	
