LearningRate	TrainLoss	ValidLoss	TrainAcc.	ValidAcc.	TrainEpochTime(s)	TestEpochTime(s)	
0.100000	3.282900	2.589928	15.078001	12.150000	8.412004	0.974863	
0.100000	2.848163	3.001624	25.032001	19.410000	7.290832	0.955546	
0.100000	2.610288	2.933469	33.226001	22.610000	7.322610	0.887043	
0.100000	2.474038	2.041688	39.322001	32.810000	7.329873	0.931933	
0.100000	2.362634	1.966575	44.340001	34.430000	7.482382	1.014450	
0.100000	2.267363	1.917610	48.062002	36.360000	8.528263	0.987119	
0.100000	2.183818	1.483591	51.222002	46.800000	7.413798	0.964607	
0.100000	2.100250	1.432330	54.264002	49.760000	7.399845	1.012543	
0.100000	2.043827	1.534600	56.140002	47.880000	7.481037	0.940890	
0.100000	1.956612	1.302480	58.980002	55.460000	7.536872	0.874537	
0.100000	1.873654	1.277436	61.916002	53.490000	8.674464	0.995626	
0.100000	1.832043	1.231237	63.288003	56.190000	7.505910	1.000871	
0.100000	1.776549	1.234540	65.062002	57.830000	7.533829	0.937731	
0.100000	1.720789	1.419854	67.010002	54.550000	7.552300	1.011339	
0.100000	1.663386	1.232160	68.838002	58.960000	7.675993	0.973322	
0.100000	1.600132	0.975573	70.764002	65.510000	8.509899	1.091514	
0.100000	1.580723	1.011424	71.292003	64.140000	7.497015	0.947871	
0.100000	1.547586	1.326627	72.316002	58.460000	7.493360	0.986076	
0.100000	1.511021	1.104977	73.240002	62.340000	7.516585	0.927212	
0.100000	1.461215	0.866768	74.896003	69.270000	7.645385	0.913558	
0.100000	1.420342	1.015695	76.244003	64.380000	8.475438	0.972787	
0.100000	1.403658	0.997477	76.550002	67.760000	7.492797	1.119584	
0.100000	1.370382	0.950465	77.598003	67.800000	7.514341	0.886012	
0.100000	1.348731	0.877778	78.018003	70.120000	7.521988	0.989583	
0.100000	1.303672	0.875988	79.488004	71.500000	7.686203	1.028914	
0.100000	1.270456	0.830768	80.628004	71.010000	8.509024	0.989542	
0.100000	1.276158	0.940940	80.296002	68.370000	7.497009	0.994993	
0.100000	1.255199	0.828370	80.572003	72.570000	7.579486	0.995484	
0.100000	1.216525	0.804698	81.764003	72.750000	7.589534	0.896854	
0.100000	1.193920	0.906217	82.224003	72.590000	7.696283	0.910152	
0.100000	1.149819	0.818469	83.602003	71.750000	8.550747	0.941335	
0.100000	1.154132	0.836995	83.354004	72.040000	7.503783	0.994167	
0.100000	1.135321	0.770759	83.596003	74.370000	7.524451	0.980034	
0.100000	1.109218	0.706705	84.266003	76.110000	7.540134	0.953516	
0.100000	1.101865	0.711061	84.230003	76.240000	7.831723	0.950804	
0.100000	1.061674	0.870782	85.582003	70.660000	8.546951	1.044487	
0.100000	1.061927	0.816740	85.344004	72.910000	7.538581	0.977672	
0.100000	1.062715	0.627271	85.076003	79.300000	7.477093	0.973017	
0.100000	1.040844	0.773797	85.590003	75.290000	7.610225	0.998243	
0.100000	1.030665	0.945586	85.750003	71.520000	7.701532	0.959821	
0.100000	0.988442	1.190309	87.156004	57.780000	8.589282	1.012665	
0.100000	0.988016	0.818754	86.826002	72.060000	7.494541	1.006189	
0.100000	0.986708	0.683941	86.556004	77.600000	7.525542	0.930137	
0.100000	0.967993	0.639526	87.014003	79.000000	7.502420	0.945143	
0.100000	0.960734	1.194607	87.254003	67.350000	7.647692	0.934661	
0.100000	0.918205	1.453891	88.574003	45.510000	8.551327	0.991239	
0.100000	0.920695	0.931552	88.042004	68.910000	7.456481	0.906553	
0.100000	0.914792	0.732760	88.160004	76.830000	7.524156	1.004063	
0.100000	0.911271	0.854943	88.104003	72.660000	7.533051	0.942824	
0.100000	0.894635	0.681920	88.416003	78.850000	7.645853	0.904772	
0.100000	0.849542	1.466111	89.968003	46.310000	8.525321	1.017228	
0.100000	0.871638	1.137797	88.888004	64.780000	7.524972	0.926713	
0.100000	0.870433	0.645139	88.730003	79.380000	7.516968	0.973829	
0.100000	0.860598	0.792244	88.798004	74.980000	7.557065	0.940562	
0.100000	0.850055	0.662423	88.908004	78.300000	7.721448	1.080280	
0.100000	0.809081	2.070724	90.336003	22.080000	8.720220	0.985175	
0.100000	0.814996	0.734479	89.980003	74.970000	7.488061	0.991095	
0.100000	0.818201	0.608348	89.582003	79.460000	7.499762	0.915361	
0.100000	0.818599	0.765822	89.384003	77.020000	7.514638	0.881209	
0.100000	0.816673	0.785912	89.324003	74.780000	7.739241	0.948205	
0.100000	0.775015	2.110204	90.580004	19.750000	8.598421	0.981138	
0.100000	0.768632	0.963381	90.720002	66.980000	7.684204	0.932854	
0.100000	0.772521	0.746959	90.346004	75.310000	7.491251	0.933100	
0.100000	0.773888	0.643282	90.090003	80.140000	7.524733	0.949275	
0.100000	0.765155	0.783475	90.272003	75.510000	7.702334	0.932202	
0.100000	0.719044	2.475511	91.772003	10.830000	8.588277	0.957530	
0.100000	0.719109	1.114593	91.600002	58.300000	7.473211	1.031392	
0.100000	0.730908	0.927472	91.058003	72.190000	7.562189	0.896573	
0.100000	0.737234	0.651176	90.606004	79.590000	7.533414	0.872880	
0.100000	0.716691	0.755666	91.286003	77.660000	7.753017	0.928350	
0.100000	0.682418	2.402167	92.260004	10.320000	8.601160	0.986305	
0.100000	0.689847	1.151607	91.770004	63.290000	7.495794	0.880385	
0.100000	0.697770	0.761973	91.492003	75.620000	7.521094	0.967924	
0.100000	0.694586	0.872091	91.382004	75.760000	7.585420	0.963391	
0.100000	0.690513	0.665630	91.402003	79.820000	7.734046	1.024822	
0.100000	0.643002	2.438083	93.086004	10.240000	8.539021	1.001153	
0.100000	0.644237	1.484004	92.920003	49.290000	7.489636	0.928799	
0.100000	0.655722	0.692302	92.086002	77.840000	7.525913	0.966696	
0.100000	0.654907	0.957777	92.158004	74.300000	7.533417	0.958970	
0.100000	0.672739	1.459610	91.350003	65.110000	7.719631	0.909746	
0.100000	0.621489	2.435300	93.120003	10.000000	8.566034	0.966799	
0.100000	0.635476	1.935469	92.420004	38.380000	7.486783	0.992667	
0.100000	0.638842	0.641125	92.102004	78.920000	7.527046	0.985332	
0.100000	0.640816	0.870845	91.998004	76.690000	7.529931	1.019298	
0.100000	0.642910	1.008562	91.766004	71.680000	7.684218	0.971389	
0.100000	0.598878	2.624541	93.176003	10.000000	8.569799	0.917339	
0.100000	0.598013	2.408664	93.132002	22.670000	7.515543	0.937237	
0.100000	0.620171	0.703242	92.206004	77.170000	7.504698	0.936825	
0.100000	0.622794	0.639022	92.124004	79.570000	7.555119	0.975901	
0.100000	0.612434	0.776649	92.340003	77.280000	7.782578	0.901334	
0.100000	0.564620	2.434801	93.948003	10.000000	8.606985	1.061958	
0.100000	0.569738	2.349657	93.574003	22.330000	7.518756	1.031040	
0.010000	0.546255	0.476821	94.420004	84.370000	7.532575	0.940353	
0.001000	0.507296	0.343040	95.980001	88.980000	7.545842	0.955723	
0.000100	0.501876	0.347005	96.242004	89.240000	7.741120	0.967098	
0.010000	0.499101	2.474791	96.248004	10.000000	8.650902	0.920344	
0.001000	0.488730	2.075271	96.738004	27.780000	7.551323	0.978897	
0.000100	0.489027	0.412684	96.694004	86.260000	7.545592	0.932566	
0.000010	0.488310	0.334492	96.734003	89.510000	7.567647	0.969224	
0.000001	0.488535	0.340013	96.694004	89.560000	7.803961	0.921831	
0.010000	0.486034	2.474828	96.786004	10.000000	8.633142	0.945714	
0.001000	0.482533	2.067837	96.904004	28.160000	7.497166	0.912443	
0.000100	0.482157	0.407924	96.898003	86.140000	7.485883	0.894094	
0.000010	0.482136	0.329361	96.946003	89.520000	7.557190	0.934767	
0.000001	0.482585	0.335413	96.894004	89.730000	7.742118	0.970459	
0.010000	0.482317	2.491116	96.810005	10.000000	8.579475	0.855326	
0.001000	0.478434	2.072152	97.048003	28.440000	7.553027	1.007695	
0.000100	0.475299	0.403010	97.108005	86.770000	7.528674	0.897785	
0.000010	0.475020	0.327954	97.150005	89.600000	7.573332	0.948885	
0.000001	0.474411	0.334482	97.214004	89.630000	7.765117	0.928755	
0.010000	0.476360	2.498091	97.220004	10.000000	8.577122	0.991462	
0.001000	0.473085	2.149089	97.248004	26.230000	7.525240	0.908599	
0.000100	0.472499	0.411483	97.254003	86.460000	7.537661	1.028025	
0.000010	0.473896	0.329751	97.200004	89.580000	7.506799	0.933906	
0.000001	0.471224	0.335807	97.290004	89.650000	7.662377	1.003524	
0.010000	0.471453	2.493729	97.366004	10.000000	8.565538	0.962829	
0.001000	0.470638	2.127173	97.288004	26.860000	7.493984	0.896158	
0.000100	0.470458	0.404610	97.276004	86.630000	7.492527	0.939703	
0.000010	0.469231	0.330072	97.398003	89.570000	7.562806	0.996734	
0.000001	0.468282	0.337262	97.402004	89.470000	7.762041	0.988616	
0.010000	0.470758	2.500167	97.262004	10.000000	8.608909	0.987272	
0.001000	0.466755	2.179562	97.388003	25.650000	7.605927	0.901205	
0.000100	0.466495	0.405978	97.426003	86.590000	7.572632	0.930568	
0.000010	0.464866	0.328538	97.518003	89.710000	7.556253	0.913342	
0.000001	0.465496	0.334846	97.464004	89.590000	7.795628	0.977906	
0.010000	0.465874	2.489772	97.460003	10.000000	8.593686	0.917369	
0.001000	0.464637	2.141316	97.494004	26.560000	7.503659	0.943269	
0.000100	0.463819	0.409312	97.534004	86.750000	7.508532	0.921094	
0.000010	0.463919	0.330711	97.438004	89.690000	7.506685	0.971337	
0.000001	0.464469	0.337041	97.516004	89.660000	7.660175	1.022676	
0.010000	0.465181	2.479963	97.492004	10.000000	8.578996	0.986489	
0.001000	0.461993	2.176081	97.582003	25.810000	7.504882	0.990831	
0.000100	0.462953	0.407020	97.544003	86.660000	7.487162	0.924270	
0.000010	0.463018	0.329953	97.514003	89.700000	7.514751	1.034029	
0.000001	0.461993	0.336624	97.570004	89.630000	7.667658	1.017816	
0.010000	0.461569	2.490239	97.606002	10.000000	8.510280	0.985193	
0.001000	0.459415	2.242802	97.650004	24.780000	7.485495	0.897845	
0.000100	0.460507	0.417321	97.540003	86.590000	7.495522	0.983441	
0.000010	0.460368	0.331369	97.600004	89.610000	7.519553	0.911096	
0.000001	0.459560	0.337043	97.592004	89.690000	7.669208	0.903866	
0.010000	0.460595	2.502419	97.568003	10.000000	8.783017	0.986898	
0.001000	0.458341	2.269948	97.662004	24.410000	7.516470	0.919788	
0.000100	0.456520	0.422013	97.672004	86.280000	7.487503	0.985400	
0.000010	0.456614	0.332572	97.734004	89.580000	7.501766	0.908752	
0.000001	0.458009	0.338048	97.634005	89.730000	7.619711	0.925253	
0.010000	0.456706	2.492482	97.694003	10.000000	8.541004	1.066113	
0.001000	0.456566	2.255895	97.756004	24.330000	7.566504	1.008149	
0.000100	0.455319	0.415390	97.738003	86.570000	7.462812	0.958069	
0.000010	0.455490	0.331789	97.714005	89.620000	7.537041	0.997373	
0.000000	0.456128	0.338886	97.740005	89.650000	7.602473	0.953099	
0.001000	0.455920	2.490837	97.730004	10.000000	8.553266	0.944893	
0.000010	0.456401	2.252719	97.680003	24.530000	7.479105	0.986003	
0.000000	0.455948	0.416764	97.772004	86.420000	7.540434	1.020535	
0.000000	0.454678	0.332197	97.824004	89.610000	7.494654	0.879127	
0.000000	0.453994	0.338627	97.886003	89.610000	7.670601	0.953504	
0.001000	0.456757	2.490259	97.710004	10.000000	8.535833	1.046325	
0.000010	0.454902	2.240929	97.732005	24.710000	7.499122	0.959966	
0.000000	0.454288	0.418397	97.788004	86.380000	7.503367	0.931736	
0.000000	0.454768	0.332203	97.734004	89.660000	7.605867	1.008045	
0.000000	0.454079	0.338342	97.774004	89.610000	7.667138	0.972541	
0.001000	0.453662	2.488727	97.860005	10.000000	8.655555	0.970603	
0.000010	0.452403	2.238337	97.858004	24.800000	7.480231	0.884787	
0.000000	0.453922	0.416217	97.830004	86.450000	7.499889	0.958772	
0.000000	0.454797	0.332095	97.750004	89.640000	7.581191	0.969085	
0.000000	0.454076	0.338384	97.782003	89.640000	7.743853	0.968860	
0.001000	0.454570	2.491020	97.802005	10.000000	8.575232	0.954829	
0.000010	0.453419	2.249027	97.852003	24.650000	7.460001	0.978263	
0.000000	0.453019	0.418247	97.820004	86.360000	7.503846	0.945545	
0.000000	0.452770	0.332292	97.944004	89.670000	7.511195	0.970945	
0.000000	0.452718	0.338528	97.894004	89.680000	7.691379	0.988497	
0.001000	0.454570	2.492729	97.696004	10.000000	8.562707	0.982290	
0.000010	0.455324	2.261372	97.694003	24.520000	7.489387	0.959089	
0.000000	0.453881	0.419699	97.772003	86.400000	7.541921	0.976435	
0.000000	0.454062	0.332660	97.832003	89.640000	7.542027	0.966334	
0.000000	0.453714	0.338897	97.810003	89.630000	7.705929	0.915394	
0.001000	0.453002	2.490618	97.842004	10.000000	8.526722	1.012719	
0.000010	0.452958	2.249757	97.910004	24.670000	7.506984	0.946770	
0.000000	0.453226	0.417612	97.876004	86.470000	7.508049	0.930568	
0.000000	0.452794	0.332527	97.806004	89.630000	7.515156	0.938915	
0.000000	0.455374	0.338536	97.756004	89.660000	7.678208	0.930627	
