LearningRate	TrainLoss	ValidLoss	TrainAcc.	ValidAcc.	TrainEpochTime(s)	TestEpochTime(s)	
0.025000	2.383749	1.565625	33.930000	43.960000	25.772939	1.097255	
0.025000	1.886999	1.354292	53.610000	52.450000	25.664572	1.117850	
0.025000	1.628074	1.030371	62.554000	64.860000	25.832051	1.085886	
0.025000	1.448901	1.106362	68.780000	63.270000	25.918191	1.114840	
0.025000	1.329762	1.026688	72.766000	65.560000	25.872835	1.132504	
0.025000	1.239814	0.846132	75.534000	72.630000	25.631677	1.149190	
0.025000	1.172574	1.131455	77.536000	64.110000	25.736235	1.180226	
0.025000	1.112720	0.676924	78.864000	76.710000	25.749703	1.133126	
0.025000	1.059242	0.799713	80.174000	73.800000	25.886405	1.111608	
0.025000	1.016703	0.759080	81.222000	75.530000	26.226064	1.129256	
0.025000	0.960950	0.897560	82.746000	72.900000	25.278346	1.109801	
0.025000	0.928336	0.743962	83.478000	75.740000	25.271787	1.110363	
0.025000	0.897411	0.707647	83.956000	75.680000	25.460295	1.121698	
0.025000	0.862861	0.817620	84.788000	74.290000	25.506752	1.118438	
0.025000	0.837921	0.721861	85.396000	77.580000	25.543002	1.098513	
0.025000	0.795967	1.129434	86.028000	68.890000	25.586947	1.116174	
0.025000	0.774059	0.720609	86.302000	77.650000	25.391797	1.125698	
0.025000	0.755826	0.618702	86.664000	79.490000	25.743717	1.123210	
0.025000	0.730166	0.594944	87.392000	80.420000	25.864174	1.117072	
0.025000	0.721672	0.646739	87.218000	80.150000	25.780501	1.087135	
0.025000	0.697670	0.817818	86.530000	74.520000	25.361813	1.176301	
0.025000	0.668428	0.747271	87.134000	76.980000	25.255454	1.162785	
0.025000	0.653969	0.677477	87.442000	77.430000	25.358606	1.086902	
0.025000	0.636133	0.657355	87.956000	79.260000	25.707293	1.111883	
0.025000	0.630106	0.594849	88.042000	81.160000	25.581119	1.087894	
0.025000	0.633199	1.034538	87.270000	69.310000	25.906378	1.109348	
0.025000	0.613825	0.616038	87.792000	80.720000	25.942739	1.090418	
0.025000	0.603152	0.589702	88.100000	80.840000	26.063896	1.133020	
0.025000	0.591391	0.625645	88.488000	80.510000	26.107468	1.110072	
0.025000	0.585612	0.702520	88.612000	79.290000	26.077886	1.097231	
0.025000	0.594945	0.969158	87.906000	71.210000	25.522486	1.129757	
0.025000	0.577563	0.666900	88.612000	79.780000	25.294210	1.100612	
0.025000	0.568979	0.623542	88.734000	80.800000	25.592091	1.100532	
0.025000	0.560551	0.837793	89.014000	76.260000	25.603578	1.113003	
0.025000	0.563513	0.479602	88.924000	84.020000	25.385541	1.111383	
0.025000	0.544882	0.638635	89.178000	79.550000	25.297995	1.095731	
0.025000	0.545725	0.634888	89.282000	80.770000	25.154701	1.078030	
0.025000	0.538443	0.461905	89.602000	84.790000	25.303785	1.107460	
0.025000	0.538047	0.593482	89.550000	81.850000	25.481373	1.127462	
0.025000	0.543116	0.553915	89.296000	82.690000	25.289999	1.165656	
0.025000	0.536321	0.705120	89.452000	78.990000	25.303506	1.108064	
0.025000	0.529453	0.602578	89.584000	81.220000	25.406044	1.106273	
0.025000	0.529487	0.604490	89.644000	81.410000	25.413346	1.131204	
0.025000	0.521724	0.531347	89.864000	83.620000	25.516925	1.091105	
0.025000	0.524548	0.687946	89.782000	79.010000	25.440152	1.107390	
0.025000	0.518797	0.571847	90.044000	82.540000	25.042960	1.126891	
0.025000	0.515995	0.639820	89.986000	80.240000	25.236826	1.071570	
0.025000	0.516178	0.542577	89.854000	82.560000	25.192246	1.090419	
0.025000	0.507186	0.591783	90.322000	82.280000	25.539804	1.158155	
0.025000	0.516031	0.538452	90.046000	82.950000	25.175046	1.092331	
0.025000	0.504350	0.592400	90.410000	81.210000	24.764410	1.102426	
0.025000	0.503922	0.521644	90.276000	83.900000	24.840235	1.067075	
0.025000	0.499737	0.472023	90.620000	84.700000	24.992778	1.074713	
0.025000	0.496145	0.572797	90.646000	82.880000	25.050133	1.084598	
0.025000	0.508165	0.636982	90.310000	81.120000	24.954535	1.116997	
0.025000	0.490912	0.509463	90.704000	83.980000	24.581729	1.122900	
0.025000	0.496594	0.600541	90.494000	82.580000	24.663343	1.061202	
0.025000	0.490366	0.458724	90.754000	85.580000	24.737297	1.079269	
0.025000	0.486441	0.764229	90.908000	78.400000	24.748377	1.163564	
0.025000	0.496750	0.532134	90.580000	83.690000	24.672095	1.167719	
0.025000	0.483249	0.485289	91.164000	84.570000	25.139575	1.130116	
0.025000	0.481840	0.622939	91.206000	80.800000	24.888488	1.063125	
0.025000	0.479856	0.486762	91.002000	84.290000	24.828891	1.080691	
0.025000	0.478816	0.575396	91.054000	82.500000	24.678188	1.087679	
0.025000	0.485264	0.544552	91.028000	83.410000	24.854078	1.111515	
0.025000	0.476267	0.647399	91.314000	80.200000	24.849323	1.082088	
0.025000	0.469690	0.518712	91.380000	84.530000	24.592730	1.085455	
0.025000	0.472955	0.617867	91.322000	81.450000	24.925804	1.071014	
0.025000	0.474743	0.601955	91.132000	81.570000	24.745782	1.084455	
0.025000	0.477219	0.519236	91.244000	83.660000	24.964534	1.077732	
0.025000	0.474190	0.571771	91.186000	82.770000	24.947442	1.097714	
0.025000	0.468096	0.516641	91.532000	83.540000	24.774234	1.127538	
0.025000	0.468229	0.491368	91.450000	84.300000	24.880350	1.079606	
0.025000	0.468750	0.550491	91.480000	83.720000	24.826820	1.067378	
0.025000	0.473408	0.552490	91.350000	83.300000	24.724345	1.065486	
0.025000	0.461122	0.476288	91.646000	85.030000	25.132257	1.075563	
0.025000	0.467438	0.573304	91.462000	82.860000	25.044957	1.085814	
0.025000	0.457588	0.556959	91.836000	82.880000	24.918777	1.086309	
0.025000	0.463597	0.607328	91.514000	83.000000	25.035892	1.090305	
0.025000	0.469257	0.656982	91.390000	79.710000	24.843636	1.057956	
0.025000	0.457227	0.475961	91.770000	84.960000	24.939302	1.085860	
0.025000	0.459428	0.522784	91.654000	83.940000	25.724225	1.097503	
0.025000	0.455152	0.582982	91.812000	81.900000	25.852477	1.092553	
0.025000	0.454080	0.477208	91.758000	85.170000	25.698062	1.109301	
0.025000	0.461096	0.775463	91.666000	77.740000	25.993660	1.066723	
0.025000	0.445573	0.610923	92.166000	82.930000	23.976085	1.030980	
0.025000	0.445477	0.565868	92.146000	83.600000	24.042390	1.000520	
0.025000	0.453001	0.532409	91.764000	83.250000	23.999838	1.006900	
0.025000	0.448762	0.623104	91.898000	82.720000	24.107594	1.035631	
0.025000	0.454739	0.679201	91.854000	80.580000	24.138761	1.029806	
0.025000	0.442445	0.505312	92.160000	84.640000	24.349205	1.024538	
0.025000	0.449621	0.471183	91.952000	85.570000	24.389395	1.022321	
0.002500	0.374966	0.299242	94.732000	90.200000	24.528164	1.024613	
0.002500	0.335027	0.300423	96.232000	90.550000	24.187212	1.035671	
0.002500	0.320973	0.296566	96.614000	90.350000	24.521554	1.029218	
0.002500	0.305322	0.299685	97.152000	90.280000	24.352383	0.998272	
0.002500	0.280763	0.296843	98.118000	90.480000	23.845708	1.019212	
0.002500	0.300299	0.292721	97.204000	90.590000	24.465963	1.039226	
0.002500	0.289434	0.303024	97.746000	90.520000	24.284301	1.017050	
0.002500	0.283480	0.300763	97.828000	90.580000	24.610743	1.019856	
0.002500	0.279975	0.302347	98.068000	90.090000	23.909741	1.040464	
0.002500	0.262847	0.300527	98.690000	90.470000	24.326082	1.030655	
0.002500	0.276218	0.300100	98.060000	90.580000	24.531915	0.998588	
0.002500	0.268470	0.311844	98.440000	90.230000	24.802849	1.019617	
0.002500	0.264849	0.307599	98.424000	90.390000	24.610935	1.040632	
0.002500	0.268529	0.302864	98.504000	90.310000	22.964087	0.979766	
0.002500	0.252860	0.304198	99.018000	90.520000	22.991885	0.995989	
0.002500	0.261641	0.302469	98.596000	90.610000	23.594202	0.979638	
0.002500	0.255623	0.312631	98.820000	90.260000	23.266645	0.974428	
0.002500	0.252335	0.310826	98.852000	90.360000	23.621026	0.982480	
0.002500	0.243754	0.314234	99.052000	90.280000	23.414055	0.995262	
0.002500	0.235282	0.316242	99.342000	90.480000	23.397774	0.954232	
0.002500	0.241957	0.314777	99.102000	90.500000	23.325705	0.977223	
0.002500	0.237674	0.324627	99.240000	90.200000	23.057055	0.948901	
0.002500	0.235652	0.322015	99.194000	90.330000	23.339672	0.966990	
0.002500	0.233903	0.327944	99.030000	90.090000	22.983522	0.972814	
0.002500	0.225186	0.330686	99.320000	90.280000	23.004167	0.966687	
0.002500	0.231028	0.327555	99.140000	90.510000	23.302783	0.950456	
0.002500	0.227408	0.342198	99.270000	89.930000	23.322151	0.953126	
0.002500	0.225394	0.334229	99.222000	90.140000	23.447788	0.973895	
0.002500	0.225392	0.352360	98.990000	89.820000	22.946124	0.944134	
0.002500	0.216693	0.346946	99.328000	89.910000	23.104339	0.961373	
0.002500	0.220472	0.346132	99.232000	90.000000	23.181703	0.933888	
0.002500	0.217266	0.356489	99.300000	90.090000	23.101058	0.963633	
0.002500	0.216317	0.353169	99.286000	89.940000	23.245420	0.955672	
0.002500	0.225275	0.369997	98.686000	89.410000	23.202129	0.974684	
0.002500	0.214357	0.368951	99.090000	89.630000	23.107347	0.973142	
0.002500	0.218904	0.364439	98.894000	90.060000	23.019218	0.958082	
0.002500	0.215099	0.371247	99.016000	89.630000	23.005975	0.976797	
0.002500	0.213249	0.373737	99.066000	89.580000	22.990211	0.977491	
0.002500	0.230245	0.383394	98.102000	89.280000	22.892269	0.933322	
0.002500	0.215468	0.376788	98.706000	89.470000	22.903552	0.958884	
0.002500	0.218201	0.376470	98.546000	89.530000	23.054351	0.949747	
0.002500	0.214457	0.392583	98.642000	89.230000	23.091122	0.948450	
0.002500	0.213516	0.387303	98.732000	89.410000	23.005394	0.941258	
0.002500	0.233271	0.398153	97.544000	89.090000	22.791498	0.963810	
0.002500	0.218959	0.389695	98.188000	89.160000	22.898622	0.935256	
0.002500	0.221812	0.392644	98.038000	89.500000	22.340670	0.931872	
0.002500	0.218349	0.407837	98.166000	88.970000	22.749336	0.960935	
0.002500	0.216056	0.412619	98.190000	88.960000	23.116207	0.947798	
0.002500	0.242602	0.410398	96.870000	88.550000	22.879503	0.948451	
0.002500	0.223786	0.416704	97.620000	88.720000	22.958314	0.934219	
0.002500	0.228737	0.407022	97.416000	89.040000	22.974001	0.943113	
0.002500	0.222316	0.439323	97.678000	88.290000	22.694953	0.965029	
0.002500	0.220039	0.417091	97.736000	89.000000	22.823316	0.988551	
0.002500	0.248356	0.437763	96.404000	88.480000	22.096021	0.922401	
0.002500	0.231204	0.428275	97.080000	88.230000	22.170295	0.913156	
0.002500	0.233962	0.419474	96.820000	88.750000	22.459393	0.924768	
0.002500	0.227958	0.464977	97.142000	87.690000	22.419044	0.942091	
0.000250	0.216584	0.387525	97.584000	89.270000	22.354342	0.937381	
0.000250	0.228576	0.406755	97.018000	89.110000	22.590106	0.982396	
0.000250	0.209514	0.402957	97.780000	89.180000	22.870717	0.932559	
0.000250	0.204698	0.398350	98.030000	89.210000	22.630803	0.948192	
0.000250	0.191774	0.407515	98.654000	89.110000	22.395894	0.988672	
0.000250	0.213204	0.402128	97.608000	89.100000	22.646074	0.989965	
0.000250	0.199395	0.402349	98.214000	89.250000	22.845226	0.976414	
0.000250	0.191660	0.400714	98.624000	89.270000	22.969105	0.973751	
0.000250	0.191440	0.398616	98.636000	89.290000	22.807631	0.931374	
0.000250	0.183441	0.410332	99.032000	89.260000	22.890708	0.954779	
0.000250	0.201481	0.405696	98.096000	89.220000	22.880077	0.949131	
0.000250	0.202927	0.412512	98.104000	88.960000	22.888040	0.937044	
0.000250	0.192093	0.407880	98.526000	89.120000	23.128122	0.927876	
0.000250	0.191972	0.402202	98.574000	89.300000	22.032748	0.929039	
0.000250	0.185189	0.413301	98.938000	89.090000	23.074980	0.950683	
0.000250	0.200316	0.409707	98.208000	89.090000	23.112643	0.938287	
0.000250	0.243695	0.431196	96.606000	88.210000	22.195215	0.947570	
0.000250	0.218021	0.422177	97.694000	88.700000	22.638838	0.929479	
0.000250	0.212728	0.414122	97.952000	88.760000	22.873138	0.930148	
0.000250	0.205800	0.422522	98.234000	88.730000	22.798797	0.951845	
0.000250	0.217615	0.416926	97.624000	88.710000	22.151128	0.929628	
0.000250	0.209671	0.420398	97.878000	88.600000	23.084944	0.971869	
0.000250	0.202619	0.416202	98.324000	88.870000	23.071992	0.954583	
0.000250	0.201186	0.411434	98.336000	88.970000	23.417348	0.973350	
0.000250	0.196498	0.422674	98.526000	88.900000	22.634558	0.942611	
0.000250	0.208298	0.417184	97.940000	88.700000	23.038131	0.936714	
0.000250	0.240042	0.438359	97.214000	87.960000	23.131593	0.927296	
0.000250	0.221278	0.427722	97.880000	88.360000	22.649458	0.949914	
0.000250	0.218140	0.416791	97.946000	88.510000	22.732246	0.958603	
0.000250	0.212813	0.428867	98.172000	88.230000	22.860853	0.941798	
0.000250	0.222790	0.422270	97.634000	88.490000	22.664884	0.917780	
