Regularisierer	Zielgroesse	Top1	Trainingszeit	
2.965250	68862592.000000	17.330000	14.762495	
0.203032	68862592.000000	33.160000	19.360440	
0.156605	68862592.000000	24.530000	22.263132	
0.178896	68862592.000000	26.720000	22.170548	
0.180150	68862592.000000	36.430000	22.237453	
0.178328	68862592.000000	33.950000	22.285488	
0.177230	68862592.000000	40.690000	23.114599	
0.180518	68862592.000000	38.890000	23.171077	
0.181270	68862592.000000	46.790000	23.382334	
0.178924	68862592.000000	33.470000	22.958910	
0.180723	68862592.000000	38.970000	23.348655	
0.186068	68862592.000000	44.070000	23.138036	
0.187921	68862592.000000	50.630000	22.866766	
0.186982	68862592.000000	44.740000	23.060733	
0.195059	68862592.000000	33.820000	23.289758	
0.189243	68862592.000000	48.800000	23.295091	
0.188639	68862592.000000	39.320000	23.203388	
0.187897	68862592.000000	33.810000	23.188437	
0.187670	68862592.000000	38.550000	23.239661	
0.185775	68862592.000000	25.290000	23.021872	
0.194487	68862592.000000	24.150000	22.871620	
0.190031	68862592.000000	31.550000	23.396434	
0.189462	68862592.000000	52.280000	23.228848	
0.194494	68862592.000000	26.440000	22.961450	
0.190065	68862592.000000	53.230000	23.316929	
0.194867	68862592.000000	36.120000	22.957426	
0.194557	68862592.000000	33.070000	23.059610	
0.188758	68862592.000000	53.830000	23.151250	
0.192003	68862592.000000	36.170000	22.805680	
0.191728	68862592.000000	55.630000	22.500199	
0.193280	68862592.000000	27.740000	23.196431	
0.195163	68862592.000000	50.330000	23.162516	
0.191834	68862592.000000	25.930000	22.959118	
0.191087	68862592.000000	31.830000	22.987636	
0.197281	68862592.000000	40.080000	22.926528	
0.193250	68862592.000000	30.510000	23.218225	
0.193622	68862592.000000	39.750000	23.256899	
0.193955	68862592.000000	56.060000	23.392031	
0.193402	68862592.000000	35.320000	23.393996	
0.190328	68862592.000000	32.050000	23.474176	
0.193190	68862592.000000	44.020000	23.516632	
0.199871	68862592.000000	40.580000	23.349986	
0.199997	68862592.000000	45.710000	23.151289	
0.198724	68862592.000000	41.490000	23.151202	
0.194059	68862592.000000	45.450000	23.245605	
0.197190	68862592.000000	45.820000	23.153758	
0.193881	68862592.000000	54.580000	22.924724	
0.195577	68862592.000000	54.520000	23.297867	
0.199508	68862592.000000	24.000000	22.695651	
0.206371	68862592.000000	41.360000	23.012591	
0.199710	68862592.000000	44.210000	22.892288	
0.196153	68862592.000000	52.420000	23.280708	
0.194594	68862592.000000	43.790000	22.805112	
0.199676	68862592.000000	38.790000	23.247941	
0.195855	68862592.000000	32.710000	23.195741	
0.197696	68862592.000000	44.920000	23.150776	
0.197891	68862592.000000	33.780000	22.935416	
0.198335	68862592.000000	43.300000	22.965469	
0.200924	68862592.000000	47.130000	23.056380	
0.198429	68862592.000000	35.980000	22.965295	
0.196116	68862592.000000	23.890000	22.846147	
0.208400	68862592.000000	45.150000	23.603165	
0.200070	68862592.000000	43.300000	23.150910	
0.203393	68862592.000000	48.220000	23.675885	
0.197247	68862592.000000	59.160000	23.364293	
0.196676	68862592.000000	53.800000	23.395848	
0.194302	68862592.000000	46.750000	23.066348	
0.203600	68862592.000000	51.720000	22.883739	
0.199887	68862592.000000	37.110000	22.936135	
0.201815	68862592.000000	47.180000	23.150129	
0.205179	68862592.000000	49.210000	23.201875	
0.198141	68862592.000000	40.210000	23.275759	
0.203494	68862592.000000	36.850000	23.195505	
0.199437	68862592.000000	44.470000	23.580376	
0.199024	68862592.000000	44.340000	23.659179	
0.198902	68862592.000000	33.710000	23.069797	
0.195250	68862592.000000	55.400000	23.557895	
0.199728	68862592.000000	45.860000	23.441679	
0.199047	68862592.000000	33.420000	23.499439	
0.204284	68862592.000000	43.270000	23.780136	
0.202426	68862592.000000	55.900000	23.808716	
0.196790	68862592.000000	51.280000	23.728969	
0.200204	68862592.000000	44.300000	23.253927	
0.200209	68862592.000000	39.330000	23.620577	
0.202807	68862592.000000	58.130000	23.875869	
0.200452	68862592.000000	40.620000	23.275839	
0.202121	68862592.000000	48.180000	23.440060	
0.200786	68862592.000000	49.730000	23.966760	
0.199446	68862592.000000	51.740000	23.539871	
0.199717	68862592.000000	39.650000	23.354042	
0.203703	68862592.000000	41.470000	23.053813	
0.200986	68862592.000000	54.660000	23.099746	
0.202114	68862592.000000	50.150000	23.540927	
0.200695	68862592.000000	43.700000	23.345097	
0.205548	68862592.000000	55.200000	23.427811	
0.201018	68862592.000000	37.720000	23.558120	
0.204635	68862592.000000	53.510000	23.214000	
0.208494	68862592.000000	57.750000	23.176929	
0.206697	68862592.000000	31.010000	23.441587	
0.206772	68862592.000000	55.340000	23.026678	
0.201861	68862592.000000	48.810000	23.215290	
0.205161	68862592.000000	38.710000	23.616012	
0.201411	68862592.000000	47.320000	23.318768	
0.204162	68862592.000000	58.950000	23.421267	
0.202894	68862592.000000	27.170000	23.594113	
0.208063	68862592.000000	48.070000	23.127280	
0.203884	68862592.000000	49.160000	23.224721	
0.207302	68862592.000000	53.920000	23.186675	
0.204106	68862592.000000	49.380000	23.184024	
0.206960	68862592.000000	56.300000	22.876224	
0.204674	68862592.000000	46.500000	23.038719	
0.214047	68862592.000000	59.850000	22.805171	
0.209925	68862592.000000	55.730000	22.801306	
0.206631	68862592.000000	44.330000	23.045567	
0.209635	68862592.000000	52.910000	23.187690	
0.205828	68862592.000000	42.210000	23.552648	
0.206059	68862592.000000	38.230000	22.707322	
0.211066	68862592.000000	53.010000	22.996792	
0.208738	68862592.000000	48.870000	22.803120	
0.207397	68862592.000000	58.720000	22.658439	
0.206521	68862592.000000	57.400000	22.928679	
0.203514	68862592.000000	41.300000	22.965214	
0.207276	68862592.000000	54.950000	22.843212	
0.206881	68862592.000000	53.990000	22.807415	
0.208141	68862592.000000	52.690000	22.854480	
0.204703	68862592.000000	48.970000	22.933587	
0.203010	68862592.000000	49.060000	23.284406	
0.206858	68862592.000000	34.380000	22.633231	
0.202473	68862592.000000	55.790000	23.068003	
0.200973	68862592.000000	45.940000	23.066193	
0.204836	68862592.000000	55.200000	22.792817	
0.207742	68862592.000000	45.680000	22.748693	
0.205462	68862592.000000	49.760000	23.064591	
0.206383	68862592.000000	35.280000	23.294525	
0.205384	68862592.000000	59.740000	23.024657	
0.204256	68862592.000000	55.260000	22.849370	
0.203171	68862592.000000	37.540000	22.819044	
0.205929	68862592.000000	47.100000	22.629867	
0.206329	68862592.000000	56.980000	22.855361	
0.203290	68862592.000000	53.270000	23.049850	
0.208585	68862592.000000	50.860000	23.048661	
0.204145	68862592.000000	27.950000	23.020260	
0.207948	68862592.000000	44.540000	22.866052	
0.205024	68862592.000000	33.560000	23.219476	
0.203768	68862592.000000	56.660000	22.602707	
0.203659	68862592.000000	59.360000	22.981810	
0.201001	68862592.000000	35.460000	23.137489	
0.204705	68862592.000000	51.930000	23.188999	
0.204102	68862592.000000	35.710000	23.040391	
0.204343	68862592.000000	54.420000	22.723128	
0.202939	68862592.000000	48.520000	23.493610	
0.203538	68862592.000000	63.140000	23.124416	
0.204684	68862592.000000	44.090000	22.912303	
0.198074	68862592.000000	61.520000	23.420450	
0.206582	68862592.000000	21.660000	22.970248	
0.207778	68862592.000000	50.680000	23.227123	
0.206966	68862592.000000	37.270000	23.178910	
0.206435	68862592.000000	44.060000	23.168336	
0.207726	68862592.000000	53.470000	22.844080	
0.202115	68862592.000000	58.200000	23.328045	
0.205628	68862592.000000	58.410000	22.814395	
0.203537	68862592.000000	51.030000	23.237539	
0.201207	68862592.000000	62.110000	23.070272	
0.203761	68862592.000000	52.160000	23.592878	
0.203955	68862592.000000	50.160000	23.697790	
0.205683	68862592.000000	53.320000	23.199250	
0.203879	68862592.000000	48.040000	24.224703	
0.210002	68862592.000000	40.390000	24.565760	
0.202724	68862592.000000	38.340000	24.127295	
0.203067	68862592.000000	42.270000	23.797876	
0.203077	68862592.000000	30.690000	24.307368	
0.201220	68862592.000000	50.510000	22.983685	
0.211737	68862592.000000	36.030000	23.929983	
0.205309	68862592.000000	54.450000	23.017477	
0.210367	68862592.000000	43.940000	23.303212	
0.207935	68862592.000000	33.350000	22.872134	
0.204929	68862592.000000	23.280000	22.612268	
0.208174	68862592.000000	55.400000	23.008853	
0.203551	68862592.000000	38.170000	23.116416	
0.203899	68862592.000000	37.980000	22.908184	
