Regularisierer	Zielgroesse	Top1	Trainingszeit	
1.798479	68862592.000000	23.350000	163.888919	
0.628126	68862592.000000	35.780000	67.201895	
0.295521	68862592.000000	30.510000	67.360380	
0.213395	68862592.000000	44.550000	68.856498	
0.203657	68862592.000000	44.380000	66.625992	
0.200353	68862592.000000	47.800000	65.206261	
0.197331	68862592.000000	58.330000	67.581145	
0.194694	68862592.000000	39.150000	68.040344	
0.198759	68862592.000000	48.580000	66.620656	
0.195379	68862592.000000	57.390000	66.088792	
0.192648	68862592.000000	59.940000	67.828350	
0.191961	68862592.000000	58.380000	67.004180	
0.193267	68862592.000000	61.380000	66.728106	
0.190126	68862592.000000	35.880000	68.242100	
0.193760	68862592.000000	53.410000	69.306607	
0.191294	68862592.000000	65.130000	68.350998	
0.190078	68862592.000000	55.740000	67.683170	
0.190401	68862592.000000	57.820000	68.065791	
0.190520	68862592.000000	68.660000	69.107659	
0.186145	68862592.000000	67.510000	67.087524	
0.191960	68862592.000000	75.360000	67.128694	
0.187218	68862592.000000	63.690000	67.917915	
0.188828	68862592.000000	67.790000	68.015501	
0.187140	68862592.000000	70.000000	67.210818	
0.186220	68862592.000000	66.530000	68.831171	
0.187090	68862592.000000	65.180000	67.410896	
0.186516	68862592.000000	44.760000	68.877242	
0.187235	68862592.000000	74.680000	67.120168	
0.184925	68862592.000000	59.480000	66.370695	
0.186123	68862592.000000	52.750000	66.618782	
0.186190	68862592.000000	67.370000	66.081831	
0.189106	68862592.000000	63.350000	66.525894	
0.186833	68862592.000000	64.880000	67.224435	
0.190146	68862592.000000	67.940000	67.533956	
0.186029	68862592.000000	66.210000	67.260293	
0.183938	68862592.000000	60.720000	66.627082	
0.183091	68862592.000000	58.210000	66.810236	
0.185718	68862592.000000	74.270000	65.628136	
0.186428	68862592.000000	60.760000	67.317864	
0.188741	68862592.000000	71.600000	67.219632	
0.188315	68862592.000000	66.120000	66.432137	
0.186125	68862592.000000	58.220000	66.669543	
0.187785	68862592.000000	60.290000	66.987040	
0.186184	68862592.000000	69.900000	66.201150	
0.184382	68862592.000000	57.260000	67.164968	
0.185218	68862592.000000	63.470000	67.849005	
0.184538	68862592.000000	75.730000	66.835344	
0.185046	68862592.000000	60.660000	67.737955	
0.185146	68862592.000000	53.810000	65.931880	
0.184988	68862592.000000	63.450000	66.405759	
0.184563	68862592.000000	56.370000	67.699971	
0.185529	68862592.000000	62.160000	67.803853	
0.185393	68862592.000000	55.030000	68.041435	
0.182032	68862592.000000	67.030000	66.721708	
0.187478	68862592.000000	63.090000	66.731894	
0.187659	68862592.000000	72.060000	67.034875	
0.184459	68862592.000000	58.250000	68.240794	
0.184214	68862592.000000	63.300000	67.324633	
0.183472	68862592.000000	63.160000	67.061773	
0.183111	68862592.000000	56.040000	63.818235	
0.185512	68862592.000000	62.490000	66.460298	
0.184334	68862592.000000	62.320000	67.603806	
0.184219	68862592.000000	72.890000	69.260395	
0.181785	68862592.000000	65.070000	69.018785	
0.184158	68862592.000000	63.370000	72.596844	
0.184176	68862592.000000	72.660000	72.494990	
0.182398	68862592.000000	36.860000	72.507421	
0.182037	68862592.000000	73.760000	72.346865	
0.180482	68862592.000000	64.030000	72.264822	
0.180624	68862592.000000	48.840000	72.217598	
0.179933	68862592.000000	67.580000	71.820435	
0.178537	68862592.000000	59.130000	72.552232	
0.178849	68862592.000000	60.420000	73.085393	
0.180747	68862592.000000	73.130000	72.443601	
0.180238	68862592.000000	53.730000	72.436682	
0.181802	68862592.000000	59.590000	72.496961	
0.181805	68862592.000000	65.570000	72.511078	
0.181646	68862592.000000	64.800000	72.230114	
0.178942	68862592.000000	60.070000	71.237057	
0.180176	68862592.000000	70.470000	71.657157	
0.178011	68862592.000000	72.880000	72.127917	
0.181498	68862592.000000	50.840000	72.393226	
0.181723	68862592.000000	71.560000	72.693834	
0.181230	68862592.000000	72.130000	70.877623	
0.179693	68862592.000000	57.720000	72.166087	
0.178244	68862592.000000	33.150000	71.396094	
0.178627	68862592.000000	70.360000	71.610050	
0.176209	68862592.000000	63.360000	71.622507	
0.179171	68862592.000000	74.340000	70.384922	
0.178948	68862592.000000	47.470000	71.577592	
0.178981	68862592.000000	54.140000	70.656247	
0.178642	68862592.000000	65.960000	70.043910	
0.177547	68862592.000000	59.280000	70.028657	
0.179792	68862592.000000	61.450000	68.280451	
0.179718	68862592.000000	57.100000	67.195735	
0.184700	68862592.000000	70.070000	67.940495	
0.180374	68862592.000000	67.730000	67.537007	
0.183903	68862592.000000	73.660000	64.291901	
0.184994	68862592.000000	71.810000	65.947554	
0.183145	68862592.000000	61.470000	66.174236	
0.181065	68862592.000000	70.270000	67.130560	
0.178159	68862592.000000	69.980000	64.698369	
0.181370	68862592.000000	60.190000	65.261192	
0.179051	68862592.000000	53.330000	66.087517	
0.181351	68862592.000000	62.410000	65.802649	
0.177903	68862592.000000	60.020000	64.567159	
0.180022	68862592.000000	66.910000	66.234455	
0.179407	68862592.000000	66.690000	64.900403	
0.178750	68862592.000000	59.940000	64.043588	
0.178657	68862592.000000	60.090000	64.967215	
0.179732	68862592.000000	63.170000	66.063668	
0.180959	68862592.000000	62.140000	64.689809	
0.179107	68862592.000000	45.710000	66.160070	
0.179389	68862592.000000	68.370000	65.215284	
0.180000	68862592.000000	66.360000	68.032337	
0.179407	68862592.000000	69.960000	67.083660	
0.176647	68862592.000000	70.310000	66.270612	
0.182366	68862592.000000	61.660000	64.760400	
0.182644	68862592.000000	78.480000	65.362964	
0.180810	68862592.000000	66.480000	67.367975	
0.180165	68862592.000000	66.460000	66.126770	
0.181033	68862592.000000	67.960000	65.872038	
0.179055	68862592.000000	61.870000	66.224762	
0.178686	68862592.000000	61.050000	69.052890	
0.180067	68862592.000000	67.330000	84.175304	
0.179728	68862592.000000	76.100000	71.053195	
0.179449	68862592.000000	51.870000	70.036604	
0.177769	68862592.000000	66.850000	70.492267	
0.180253	68862592.000000	71.320000	69.258189	
0.179477	68862592.000000	59.060000	71.525984	
0.179879	68862592.000000	60.940000	70.455963	
0.180323	68862592.000000	61.680000	71.146930	
0.181133	68862592.000000	65.110000	70.735937	
0.178896	68862592.000000	60.470000	69.823836	
0.178299	68862592.000000	56.660000	72.105430	
0.176850	68862592.000000	53.810000	71.093286	
0.178642	68862592.000000	59.610000	70.621647	
0.176696	68862592.000000	54.020000	70.904442	
0.182329	68862592.000000	72.030000	79.659137	
0.181051	68862592.000000	70.050000	79.598864	
0.179056	68862592.000000	60.050000	70.161836	
0.180676	68862592.000000	72.390000	70.054065	
0.177956	68862592.000000	52.510000	69.246150	
0.177568	68862592.000000	72.670000	71.018482	
0.178913	68862592.000000	66.560000	69.682291	
0.178867	68862592.000000	56.850000	68.919641	
0.177151	68862592.000000	59.870000	69.983175	
0.178192	68862592.000000	55.380000	75.212755	
0.178530	68862592.000000	63.820000	84.569180	
0.181119	68862592.000000	76.490000	70.781792	
0.178542	68862592.000000	53.480000	70.397569	
0.178341	68862592.000000	56.480000	71.203192	
0.178994	68862592.000000	70.220000	79.982266	
0.176889	68862592.000000	60.210000	81.736294	
0.176332	68862592.000000	63.390000	73.066228	
0.179321	68862592.000000	74.040000	82.661712	
