Regularisierer	Zielgroesse	Top1	Trainingszeit	
3.224273	68862592.000000	26.530000	21.403109	
0.215756	68862592.000000	22.170000	21.511285	
0.228982	68862592.000000	16.570000	22.071232	
0.247929	68862592.000000	16.300000	22.280536	
0.221243	68862592.000000	29.780000	22.970461	
0.218773	68862592.000000	31.360000	22.636062	
0.220267	68862592.000000	23.100000	22.983891	
0.223457	68862592.000000	36.360000	23.342128	
0.227412	68862592.000000	25.320000	23.066536	
0.220920	68862592.000000	31.030000	23.365295	
0.224047	68862592.000000	28.030000	22.998398	
0.226734	68862592.000000	29.640000	23.212816	
0.229291	68862592.000000	31.910000	22.943899	
0.228348	68862592.000000	33.230000	23.327610	
0.229637	68862592.000000	46.370000	23.237941	
0.227124	68862592.000000	27.180000	23.218621	
0.229977	68862592.000000	31.000000	22.718603	
0.230794	68862592.000000	24.630000	23.246422	
0.237700	68862592.000000	49.030000	22.801744	
0.237365	68862592.000000	31.710000	22.516106	
0.231267	68862592.000000	43.820000	23.143446	
0.235190	68862592.000000	40.510000	23.079023	
0.264705	68862592.000000	56.120000	22.932269	
0.265356	68862592.000000	19.260000	23.043379	
0.243331	68862592.000000	44.240000	22.845270	
0.242419	68862592.000000	28.650000	23.189225	
0.240784	68862592.000000	25.410000	22.763903	
0.238878	68862592.000000	31.470000	22.458705	
0.235842	68862592.000000	34.890000	22.989743	
0.232690	68862592.000000	50.510000	22.763275	
0.241246	68862592.000000	46.790000	23.201336	
0.243674	68862592.000000	40.670000	22.784141	
0.238529	68862592.000000	25.030000	23.085728	
0.241327	68862592.000000	52.170000	22.669258	
0.240452	68862592.000000	47.480000	23.100491	
0.237391	68862592.000000	30.930000	22.908653	
0.236262	68862592.000000	23.000000	23.163326	
0.239219	68862592.000000	37.810000	23.077522	
0.239016	68862592.000000	29.320000	23.171389	
0.235625	68862592.000000	29.480000	23.303236	
0.249357	68862592.000000	39.590000	23.227030	
0.280446	68862592.000000	31.860000	22.958592	
0.243601	68862592.000000	27.100000	23.370913	
0.237527	68862592.000000	27.310000	23.325377	
0.243016	68862592.000000	30.590000	23.399206	
0.241403	68862592.000000	14.080000	22.865670	
0.233115	68862592.000000	39.470000	23.308184	
0.238143	68862592.000000	23.630000	22.836747	
0.250219	68862592.000000	43.400000	22.908467	
0.241108	68862592.000000	39.550000	23.125942	
0.242053	68862592.000000	50.510000	22.891749	
0.236833	68862592.000000	50.700000	22.861037	
0.235912	68862592.000000	10.850000	23.069577	
0.243760	68862592.000000	15.760000	23.121933	
0.238557	68862592.000000	50.860000	22.959790	
0.241219	68862592.000000	27.240000	23.210711	
0.239390	68862592.000000	29.760000	23.242715	
0.255361	68862592.000000	51.130000	23.341344	
0.241276	68862592.000000	30.150000	22.908719	
0.242061	68862592.000000	30.090000	22.770152	
0.237413	68862592.000000	51.780000	23.289332	
0.243733	68862592.000000	38.430000	22.614196	
0.248203	68862592.000000	48.700000	23.084008	
0.239980	68862592.000000	33.130000	23.610473	
0.239563	68862592.000000	42.350000	23.202930	
0.242821	68862592.000000	44.990000	23.237698	
0.243579	68862592.000000	38.810000	23.078564	
0.240836	68862592.000000	34.830000	22.632420	
0.242916	68862592.000000	29.120000	22.924682	
0.245265	68862592.000000	31.090000	23.032876	
0.247847	68862592.000000	40.160000	22.953505	
0.239843	68862592.000000	30.630000	23.012809	
0.236592	68862592.000000	45.770000	23.157538	
0.248015	68862592.000000	27.160000	23.589045	
0.242276	68862592.000000	25.250000	23.038501	
0.244073	68862592.000000	23.280000	23.473889	
0.241031	68862592.000000	50.630000	23.101990	
0.245150	68862592.000000	37.300000	23.550169	
0.236461	68862592.000000	51.850000	23.254703	
0.237083	68862592.000000	36.270000	23.835828	
0.240385	68862592.000000	45.720000	23.647675	
0.239523	68862592.000000	36.500000	23.344661	
0.243673	68862592.000000	45.340000	23.442282	
0.244143	68862592.000000	32.700000	23.603819	
0.246624	68862592.000000	39.330000	23.506047	
0.250724	68862592.000000	42.230000	23.499790	
0.245021	68862592.000000	31.960000	23.698670	
0.241229	68862592.000000	33.880000	23.465904	
0.243273	68862592.000000	45.010000	23.391825	
0.242972	68862592.000000	51.570000	23.271765	
0.243544	68862592.000000	34.830000	23.237413	
0.242516	68862592.000000	35.360000	23.743416	
0.243578	68862592.000000	53.740000	23.694796	
0.247260	68862592.000000	22.200000	23.370151	
0.250078	68862592.000000	43.340000	23.476066	
0.240099	68862592.000000	28.460000	23.131988	
0.239369	68862592.000000	40.650000	23.142124	
0.245119	68862592.000000	32.920000	23.702157	
0.248471	68862592.000000	36.060000	23.203905	
0.246826	68862592.000000	33.190000	23.792146	
0.249246	68862592.000000	36.430000	23.621607	
0.248260	68862592.000000	52.900000	23.552671	
0.241324	68862592.000000	28.830000	23.276645	
0.245814	68862592.000000	37.020000	23.264333	
0.241257	68862592.000000	47.690000	23.316419	
0.245227	68862592.000000	32.080000	23.168494	
0.250376	68862592.000000	27.760000	23.241804	
0.247865	68862592.000000	45.120000	23.063461	
0.242788	68862592.000000	49.290000	22.769053	
0.244389	68862592.000000	43.600000	22.791746	
0.252123	68862592.000000	33.410000	23.085275	
0.242539	68862592.000000	39.370000	22.903490	
0.240134	68862592.000000	10.260000	23.149868	
0.266963	68862592.000000	24.550000	22.937818	
0.263675	68862592.000000	48.450000	23.068672	
0.245772	68862592.000000	30.580000	23.136856	
0.240287	68862592.000000	19.500000	23.102218	
0.244139	68862592.000000	26.340000	23.374887	
0.252436	68862592.000000	41.770000	23.094211	
0.252470	68862592.000000	32.620000	23.153882	
0.250784	68862592.000000	10.580000	22.890924	
0.244280	68862592.000000	25.470000	23.129679	
0.249259	68862592.000000	35.750000	22.805325	
0.295358	68862592.000000	38.860000	23.118876	
0.340455	68862592.000000	38.140000	23.072480	
0.296549	68862592.000000	36.880000	23.106074	
0.262008	68862592.000000	18.090000	22.954507	
0.245903	68862592.000000	32.630000	22.884713	
0.239368	68862592.000000	20.450000	22.692376	
0.243231	68862592.000000	45.570000	22.631886	
0.250244	68862592.000000	49.670000	22.655363	
0.242339	68862592.000000	45.670000	22.919859	
0.242070	68862592.000000	44.280000	23.049603	
0.247887	68862592.000000	33.520000	22.771440	
0.243397	68862592.000000	49.440000	23.082101	
0.244887	68862592.000000	25.570000	23.009761	
0.268821	68862592.000000	33.870000	22.948296	
0.243793	68862592.000000	59.410000	22.898902	
0.246164	68862592.000000	43.160000	23.052496	
0.242244	68862592.000000	54.210000	23.197017	
0.240456	68862592.000000	20.340000	22.976863	
0.237607	68862592.000000	36.390000	22.325680	
0.249406	68862592.000000	36.680000	22.889725	
0.245963	68862592.000000	48.700000	23.148734	
0.246462	68862592.000000	40.410000	22.968974	
0.242825	68862592.000000	19.430000	22.891896	
0.243501	68862592.000000	24.790000	23.032938	
0.247041	68862592.000000	25.750000	22.941677	
0.250288	68862592.000000	31.650000	22.695932	
0.246704	68862592.000000	15.480000	23.247427	
0.243719	68862592.000000	47.610000	22.596272	
0.244865	68862592.000000	35.100000	22.983271	
0.247092	68862592.000000	53.620000	22.829008	
0.246048	68862592.000000	30.800000	23.126570	
0.254688	68862592.000000	47.100000	23.420760	
0.269083	68862592.000000	35.660000	22.765651	
0.263283	68862592.000000	22.980000	22.497504	
0.240999	68862592.000000	42.090000	22.995606	
0.244146	68862592.000000	29.160000	22.952270	
0.245843	68862592.000000	35.520000	22.692987	
0.247141	68862592.000000	47.970000	22.720376	
0.244027	68862592.000000	36.800000	23.038530	
0.245144	68862592.000000	32.010000	22.670053	
0.243455	68862592.000000	38.640000	24.156777	
0.247171	68862592.000000	34.530000	23.180633	
0.241694	68862592.000000	23.550000	23.859296	
0.243841	68862592.000000	18.660000	24.000361	
0.249579	68862592.000000	50.690000	24.264140	
0.247049	68862592.000000	48.350000	24.173222	
0.248808	68862592.000000	38.300000	24.274442	
0.269442	68862592.000000	24.620000	23.038503	
0.245219	68862592.000000	48.780000	23.513098	
0.243847	68862592.000000	48.460000	23.261578	
0.246124	68862592.000000	18.450000	22.915299	
0.244729	68862592.000000	48.510000	22.655789	
0.319938	68862592.000000	32.530000	22.892507	
0.370058	68862592.000000	53.960000	22.752087	
0.330577	68862592.000000	32.710000	22.623980	
0.294903	68862592.000000	28.600000	23.047209	
0.261433	68862592.000000	54.100000	18.737682	
