Regularisierer	Zielgroesse	Top1	Trainingszeit	
2.589225	68862592.000000	25.780000	151.800671	
0.382028	68862592.000000	28.880000	66.124153	
0.198011	68862592.000000	21.860000	66.231171	
0.198188	68862592.000000	16.770000	65.531730	
0.213678	68862592.000000	38.990000	66.692840	
0.210936	68862592.000000	29.120000	67.895638	
0.216952	68862592.000000	28.510000	66.889802	
0.216310	68862592.000000	51.110000	65.832114	
0.220837	68862592.000000	37.050000	66.588959	
0.218669	68862592.000000	53.630000	67.975835	
0.215544	68862592.000000	48.190000	66.698412	
0.216399	68862592.000000	49.300000	66.468471	
0.217247	68862592.000000	47.870000	67.016372	
0.223310	68862592.000000	47.580000	66.860701	
0.234946	68862592.000000	51.630000	66.839120	
0.214176	68862592.000000	30.050000	68.433747	
0.217553	68862592.000000	54.110000	69.340639	
0.211587	68862592.000000	47.730000	67.247814	
0.212396	68862592.000000	38.140000	67.980915	
0.217838	68862592.000000	53.960000	69.555783	
0.219763	68862592.000000	49.140000	68.662822	
0.217851	68862592.000000	43.510000	68.243508	
0.222128	68862592.000000	46.450000	67.931332	
0.216753	68862592.000000	32.550000	67.561716	
0.215877	68862592.000000	34.760000	67.272216	
0.211811	68862592.000000	39.880000	67.776609	
0.214347	68862592.000000	55.730000	68.383481	
0.218680	68862592.000000	41.170000	69.302321	
0.225020	68862592.000000	44.700000	67.692232	
0.233095	68862592.000000	45.910000	67.327654	
0.213357	68862592.000000	50.940000	68.176478	
0.216030	68862592.000000	54.320000	66.979314	
0.218559	68862592.000000	39.680000	67.498375	
0.218943	68862592.000000	47.570000	67.712681	
0.218441	68862592.000000	38.570000	66.193825	
0.223530	68862592.000000	53.160000	67.183043	
0.218967	68862592.000000	38.160000	67.920506	
0.219273	68862592.000000	37.440000	68.411715	
0.215390	68862592.000000	14.890000	65.721776	
0.219709	68862592.000000	50.460000	66.779011	
0.222025	68862592.000000	42.800000	67.310366	
0.217074	68862592.000000	48.870000	67.315095	
0.212358	68862592.000000	33.810000	66.552400	
0.211660	68862592.000000	37.460000	67.583677	
0.216578	68862592.000000	25.630000	65.761441	
0.220142	68862592.000000	27.360000	66.752211	
0.213290	68862592.000000	55.460000	66.213531	
0.215052	68862592.000000	60.380000	67.202891	
0.215975	68862592.000000	53.990000	67.851646	
0.211853	68862592.000000	63.410000	68.038955	
0.218525	68862592.000000	51.520000	66.930954	
0.216283	68862592.000000	55.650000	66.699091	
0.219739	68862592.000000	32.810000	66.033112	
0.226247	68862592.000000	40.350000	66.961592	
0.216738	68862592.000000	44.970000	67.212295	
0.214572	68862592.000000	49.700000	66.032349	
0.215062	68862592.000000	58.070000	67.719932	
0.215530	68862592.000000	32.810000	67.364007	
0.214304	68862592.000000	55.680000	64.641615	
0.216959	68862592.000000	50.420000	65.139200	
0.217519	68862592.000000	48.810000	65.662384	
0.216874	68862592.000000	49.770000	65.721767	
0.212233	68862592.000000	45.210000	68.667718	
0.209940	68862592.000000	46.770000	68.376772	
0.210653	68862592.000000	59.970000	72.317220	
0.208225	68862592.000000	56.470000	72.313774	
0.235986	68862592.000000	25.190000	71.864809	
0.252527	68862592.000000	36.210000	71.715343	
0.223270	68862592.000000	28.490000	72.409368	
0.214900	68862592.000000	46.710000	72.130193	
0.215201	68862592.000000	43.440000	71.794138	
0.215653	68862592.000000	41.840000	73.311289	
0.213119	68862592.000000	50.700000	73.082083	
0.223081	68862592.000000	46.010000	72.482083	
0.226435	68862592.000000	64.360000	72.366621	
0.218809	68862592.000000	30.860000	72.295768	
0.211496	68862592.000000	39.620000	72.306811	
0.215450	68862592.000000	55.730000	72.121184	
0.212993	68862592.000000	67.970000	71.115066	
0.214688	68862592.000000	59.250000	72.642202	
0.211801	68862592.000000	42.320000	72.302946	
0.221989	68862592.000000	50.340000	72.264992	
0.211307	68862592.000000	58.740000	72.550133	
0.210867	68862592.000000	47.310000	70.882896	
0.215061	68862592.000000	36.130000	72.203474	
0.217445	68862592.000000	44.010000	71.117469	
0.213764	68862592.000000	24.250000	71.738038	
0.215040	68862592.000000	48.920000	71.830909	
0.224845	68862592.000000	52.110000	70.345838	
0.215543	68862592.000000	66.200000	71.809870	
0.209757	68862592.000000	30.600000	69.323078	
0.213438	68862592.000000	34.280000	70.522440	
0.211266	68862592.000000	42.480000	69.647391	
0.211854	68862592.000000	52.290000	69.187391	
0.216251	68862592.000000	30.170000	67.719180	
0.214515	68862592.000000	54.670000	67.646813	
0.220752	68862592.000000	45.340000	68.405415	
0.215531	68862592.000000	64.630000	67.967426	
0.213617	68862592.000000	52.250000	66.842137	
0.211167	68862592.000000	52.470000	66.349061	
0.216062	68862592.000000	38.230000	65.983945	
0.213879	68862592.000000	63.780000	68.334532	
0.231741	68862592.000000	59.070000	67.620348	
0.217515	68862592.000000	30.690000	65.746688	
0.212737	68862592.000000	38.170000	67.621510	
0.213268	68862592.000000	31.070000	67.694073	
0.210765	68862592.000000	57.110000	66.339271	
0.213208	68862592.000000	63.640000	67.631857	
0.214345	68862592.000000	62.030000	66.747955	
0.215136	68862592.000000	47.600000	65.952961	
0.214426	68862592.000000	61.320000	67.015332	
0.217228	68862592.000000	24.100000	67.802543	
0.213704	68862592.000000	61.250000	66.614816	
0.214540	68862592.000000	34.380000	65.510339	
0.208682	68862592.000000	46.360000	64.363317	
0.212243	68862592.000000	34.860000	66.691506	
0.213050	68862592.000000	52.220000	67.340930	
0.212257	68862592.000000	53.970000	66.435332	
0.212367	68862592.000000	55.180000	65.684194	
0.216118	68862592.000000	53.350000	65.241081	
0.210159	68862592.000000	47.260000	66.092938	
0.276457	68862592.000000	48.860000	67.265941	
0.248909	68862592.000000	49.250000	64.023831	
0.221909	68862592.000000	60.400000	77.619594	
0.213687	68862592.000000	48.820000	81.034986	
0.211566	68862592.000000	36.750000	72.089729	
0.215060	68862592.000000	26.100000	70.146681	
0.214414	68862592.000000	49.950000	70.763188	
0.211181	68862592.000000	47.960000	69.855962	
0.216572	68862592.000000	51.450000	70.478645	
0.213822	68862592.000000	35.250000	70.385742	
0.211321	68862592.000000	25.240000	70.769077	
0.209901	68862592.000000	25.560000	70.789149	
0.213385	68862592.000000	42.630000	71.422868	
0.216069	68862592.000000	54.300000	69.607137	
0.209596	68862592.000000	48.480000	69.574503	
0.214422	68862592.000000	48.530000	71.103381	
0.216749	68862592.000000	49.600000	70.380135	
0.213879	68862592.000000	22.700000	83.028199	
0.215448	68862592.000000	51.930000	73.655252	
0.209428	68862592.000000	63.500000	69.850914	
0.210458	68862592.000000	27.340000	69.612031	
0.312060	68862592.000000	49.340000	71.378398	
0.294535	68862592.000000	40.280000	71.047252	
0.255318	68862592.000000	56.080000	69.622955	
0.226235	68862592.000000	49.170000	71.101022	
0.217269	68862592.000000	52.060000	71.696993	
0.212267	68862592.000000	57.600000	81.071763	
0.212458	68862592.000000	53.510000	79.908392	
0.284229	68862592.000000	41.090000	69.535046	
0.261832	68862592.000000	54.040000	68.908629	
0.226125	68862592.000000	44.610000	69.604762	
0.212912	68862592.000000	45.000000	83.887397	
0.216458	68862592.000000	53.830000	74.285016	
0.218073	68862592.000000	51.360000	70.378716	
