LearningRate	TrainLoss	ValidLoss	TrainAcc.	ValidAcc.	TrainEpochTime(s)	TestEpochTime(s)	
0.100000	1.824559	1.860814	31.650000	33.510000	19.671492	1.443835	
0.100000	1.351548	1.270896	50.364000	53.080000	19.380035	1.399029	
0.100000	1.081803	1.485190	60.808000	51.830000	19.822453	1.521850	
0.100000	0.933330	1.300285	66.732000	56.230000	19.663401	1.310130	
0.100000	0.835368	1.415614	70.778000	54.430000	19.440427	1.349598	
0.100000	0.750762	1.064766	73.768000	65.880000	20.213929	1.443203	
0.100000	0.714744	0.845985	75.136000	70.900000	20.463682	1.449160	
0.100000	0.676223	1.037972	76.574000	67.120000	20.527743	1.467858	
0.100000	0.654721	1.286643	77.378000	63.100000	20.073961	1.517051	
0.100000	0.624739	0.738161	78.298000	75.550000	20.696364	1.427408	
0.100000	0.603342	0.990175	79.284000	68.210000	20.254006	1.384100	
0.100000	0.588435	0.801308	79.672000	73.270000	19.968922	1.450881	
0.100000	0.578003	0.982401	80.008000	70.360000	19.615438	1.466260	
0.100000	0.567093	0.731904	80.374000	76.040000	20.319316	1.471306	
0.100000	0.560244	0.930244	80.604000	70.480000	20.135254	1.453898	
0.100000	0.540964	1.128074	81.296000	68.290000	20.070860	1.474510	
0.100000	0.540921	0.817541	81.338000	72.840000	19.914267	1.414092	
0.100000	0.533862	1.153473	81.522000	65.890000	20.052029	1.487416	
0.100000	0.520769	0.747877	81.958000	75.320000	19.901501	1.223483	
0.100000	0.523802	0.953899	81.936000	69.860000	21.585915	1.506168	
0.100000	0.503797	1.135196	82.600000	66.760000	20.125474	1.455445	
0.100000	0.509912	0.836710	82.364000	72.980000	20.401417	1.442100	
0.100000	0.501640	0.813940	82.712000	73.890000	20.506449	1.454644	
0.100000	0.502394	0.780109	82.722000	75.840000	19.858296	1.470351	
0.100000	0.487448	0.847701	83.210000	73.840000	20.280752	1.347302	
0.100000	0.477856	0.755177	83.638000	75.060000	20.410839	1.477193	
0.100000	0.482258	0.715539	83.398000	76.230000	20.249779	1.428395	
0.100000	0.481015	0.788867	83.302000	74.690000	20.021169	1.389574	
0.100000	0.484710	0.780699	83.372000	74.840000	20.484493	1.441759	
0.100000	0.472050	1.469654	83.724000	61.060000	19.751449	1.457654	
0.100000	0.473318	0.749629	83.754000	75.590000	20.699675	1.480302	
0.100000	0.466799	0.675587	83.924000	78.440000	20.405597	1.495758	
0.100000	0.472669	0.838553	83.772000	74.200000	20.494003	1.484047	
0.100000	0.460943	0.885565	84.222000	72.730000	20.426113	1.392448	
0.100000	0.464651	1.013299	83.868000	69.750000	20.650923	1.481536	
0.100000	0.451063	0.644656	84.442000	78.220000	19.751259	1.261566	
0.100000	0.458949	0.712591	84.112000	76.400000	20.126977	1.500384	
0.100000	0.461663	1.083596	84.368000	68.760000	19.472879	1.422807	
0.100000	0.463276	0.731504	83.952000	76.090000	20.090938	1.457830	
0.100000	0.458577	1.036332	84.242000	71.300000	21.458867	1.401586	
0.100000	0.444343	0.785121	84.894000	75.100000	20.382213	1.404405	
0.100000	0.447940	0.767148	84.564000	75.530000	20.349855	1.462844	
0.100000	0.444327	0.794076	84.638000	74.430000	20.839852	1.457198	
0.100000	0.451904	0.983242	84.486000	71.420000	20.819308	1.483980	
0.100000	0.440029	0.738711	84.882000	76.710000	20.824435	1.410476	
0.100000	0.435476	0.584344	85.100000	80.380000	19.701848	1.448915	
0.100000	0.439948	0.958058	84.770000	71.010000	20.067765	1.443811	
0.100000	0.436419	0.820304	84.984000	73.410000	20.004002	1.423633	
0.100000	0.436052	0.788415	84.922000	75.500000	19.863410	1.503114	
0.100000	0.435452	0.721156	85.020000	77.430000	19.367958	1.134958	
0.100000	0.429732	1.899175	85.054000	52.420000	20.430807	1.502673	
0.100000	0.427889	0.676172	85.266000	77.620000	20.510661	1.462181	
0.100000	0.435616	0.718842	84.982000	75.430000	20.554149	1.496489	
0.100000	0.425923	0.947745	85.260000	71.890000	20.151581	1.175231	
0.100000	0.433400	0.644869	84.950000	78.740000	20.255825	1.445087	
0.100000	0.423216	0.719700	85.594000	76.410000	20.627889	1.459089	
0.100000	0.433663	0.743192	85.092000	76.620000	20.606690	1.504418	
0.100000	0.428725	0.975629	85.222000	71.440000	20.561005	1.191515	
0.100000	0.423670	0.628368	85.366000	80.120000	19.979526	1.462444	
0.100000	0.432241	0.715134	85.002000	75.480000	22.161619	1.470720	
0.100000	0.419396	0.731750	85.308000	76.930000	20.438714	1.354573	
0.100000	0.425522	1.624590	85.290000	60.610000	20.602184	1.539693	
0.100000	0.420582	0.878851	85.536000	73.260000	19.164147	1.468949	
0.100000	0.415997	0.941084	85.494000	70.130000	20.551044	1.449657	
0.100000	0.422897	0.678256	85.368000	78.240000	20.530935	1.432285	
0.100000	0.412782	0.760101	85.686000	76.130000	20.575131	1.466060	
0.100000	0.417432	1.062411	85.654000	69.550000	19.343535	1.382607	
0.100000	0.417879	0.647045	85.606000	78.730000	19.950449	1.401949	
0.100000	0.419247	0.764148	85.520000	75.700000	20.367081	1.463222	
0.100000	0.415663	0.678599	85.728000	78.080000	20.454136	1.391386	
0.100000	0.412774	0.669965	85.880000	78.510000	19.802998	1.507342	
0.100000	0.417774	0.812015	85.690000	75.190000	19.805252	1.390357	
0.100000	0.414886	0.739792	85.658000	76.510000	20.070636	1.422232	
0.100000	0.414469	0.667065	85.682000	79.260000	20.266706	1.354748	
0.100000	0.404504	0.796991	86.050000	75.140000	20.171112	1.395994	
0.100000	0.404355	1.203459	86.072000	67.090000	19.837046	1.496891	
0.100000	0.414153	0.807305	85.630000	75.340000	20.403694	1.455519	
0.100000	0.410437	0.782843	85.978000	76.140000	20.317625	1.357501	
0.100000	0.406480	0.654421	86.064000	77.620000	20.134705	1.486570	
0.100000	0.412409	0.696996	85.794000	79.060000	21.469808	1.454279	
0.100000	0.403889	0.687216	86.192000	77.650000	20.311357	1.499317	
0.100000	0.409952	0.599786	85.756000	80.300000	20.268770	1.367523	
0.100000	0.407524	0.523571	85.968000	82.510000	20.406918	1.419693	
0.100000	0.405699	0.847709	85.990000	74.090000	20.042255	1.406985	
0.100000	0.412797	0.763124	85.694000	76.740000	20.245502	1.346811	
0.100000	0.393430	0.672738	86.400000	78.460000	20.312418	1.437529	
0.100000	0.405389	0.602725	86.092000	80.690000	20.214814	1.475480	
0.100000	0.405238	0.659012	86.012000	78.620000	19.709905	1.467307	
0.100000	0.403514	0.571508	86.058000	81.070000	20.542804	1.377439	
0.100000	0.403408	0.697476	86.098000	77.620000	19.620841	1.371638	
0.100000	0.394347	0.884828	86.436000	71.790000	20.484486	1.449299	
0.100000	0.401024	0.585612	86.230000	81.300000	19.959387	1.435842	
0.010000	0.285891	0.331964	90.230000	88.650000	20.539731	1.480258	
0.010000	0.245106	0.332709	91.636000	88.910000	20.096781	1.458108	
0.010000	0.228962	0.321874	92.252000	89.480000	20.222870	1.453767	
0.010000	0.219435	0.323571	92.440000	89.530000	19.999400	1.499610	
0.010000	0.210293	0.320673	92.668000	89.310000	20.473486	1.398096	
0.010000	0.208325	0.317160	92.896000	89.620000	20.382005	1.237324	
0.010000	0.201861	0.333329	93.056000	89.190000	20.321246	1.436575	
0.010000	0.196450	0.329525	93.268000	89.420000	21.909060	1.449942	
0.010000	0.193945	0.328015	93.272000	89.500000	19.800400	1.513138	
0.010000	0.188303	0.327685	93.444000	89.680000	20.003073	1.415592	
0.010000	0.185562	0.334295	93.582000	89.530000	19.727784	1.349342	
0.010000	0.179750	0.333052	93.742000	89.670000	19.754803	1.476673	
0.010000	0.176464	0.354783	93.860000	88.860000	19.585459	1.480238	
0.010000	0.180200	0.334322	93.744000	89.290000	20.439706	1.488384	
0.010000	0.175683	0.338872	93.946000	89.330000	19.699382	1.387834	
0.010000	0.173718	0.345952	93.834000	89.100000	20.298198	1.386631	
0.010000	0.168828	0.352919	94.160000	88.850000	19.776192	1.446326	
0.010000	0.163302	0.349976	94.330000	88.760000	20.479301	1.425565	
0.010000	0.166041	0.363190	94.154000	88.810000	20.210304	1.475682	
0.010000	0.166248	0.345694	94.286000	89.060000	19.894468	1.466458	
0.010000	0.162772	0.352321	94.346000	89.010000	19.871350	1.540596	
0.010000	0.162225	0.362395	94.348000	89.130000	20.121600	1.430299	
0.010000	0.162059	0.364104	94.244000	89.080000	20.198471	1.411671	
0.010000	0.162101	0.376590	94.476000	88.610000	20.295964	1.505655	
0.010000	0.158668	0.340206	94.348000	89.530000	20.472275	1.411676	
0.010000	0.159156	0.353270	94.460000	88.960000	21.074486	1.433230	
0.010000	0.158774	0.388627	94.444000	88.550000	20.631178	1.411923	
0.010000	0.160840	0.379394	94.248000	88.410000	22.337704	1.518207	
0.010000	0.156834	0.376881	94.500000	89.030000	20.103206	1.429767	
0.010000	0.159072	0.373481	94.342000	88.840000	20.057783	1.442563	
0.010000	0.155697	0.382468	94.546000	88.420000	20.448704	1.540572	
0.010000	0.156059	0.363424	94.462000	89.220000	20.252680	1.444974	
0.010000	0.154653	0.386463	94.556000	88.490000	19.772271	1.478828	
0.010000	0.149710	0.402726	94.772000	88.120000	20.085482	1.389498	
0.010000	0.153580	0.392252	94.618000	88.230000	20.163188	1.502679	
0.010000	0.153887	0.402847	94.574000	88.250000	20.240016	1.359692	
0.010000	0.153797	0.411975	94.566000	87.440000	20.360249	1.395902	
0.010000	0.153097	0.393464	94.484000	88.160000	19.647177	1.504769	
0.010000	0.147927	0.380575	94.754000	88.600000	20.177805	1.455953	
0.010000	0.153627	0.372624	94.554000	88.570000	20.436429	1.381436	
0.010000	0.148111	0.383873	94.794000	88.340000	20.189476	1.454717	
0.010000	0.150309	0.415522	94.710000	87.620000	19.234189	1.408639	
0.010000	0.148935	0.383526	94.836000	88.870000	20.251601	1.474236	
0.010000	0.147251	0.405152	94.864000	88.150000	20.421874	1.465064	
0.010000	0.147580	0.402289	94.726000	88.420000	20.498604	1.423920	
0.010000	0.150559	0.377207	94.612000	88.150000	19.980438	1.087779	
0.010000	0.152175	0.407507	94.608000	87.760000	20.122072	1.521322	
0.010000	0.149200	0.440416	94.702000	87.400000	21.892826	1.456542	
0.010000	0.148129	0.440968	94.718000	87.380000	20.069849	1.404016	
0.010000	0.153763	0.399309	94.562000	88.320000	19.846734	1.182305	
0.010000	0.149894	0.417368	94.586000	88.010000	19.697164	1.422446	
0.010000	0.149841	0.417321	94.714000	87.980000	20.235502	1.480350	
0.010000	0.151106	0.414604	94.624000	88.100000	20.487859	1.490932	
0.010000	0.145505	0.418654	94.780000	88.010000	20.328186	1.212575	
0.010000	0.149631	0.442056	94.764000	86.810000	19.810660	1.276736	
0.010000	0.149894	0.450174	94.708000	86.920000	20.504409	1.470537	
0.010000	0.152430	0.422502	94.542000	87.650000	20.393909	1.449675	
0.001000	0.116334	0.338718	95.990000	89.860000	20.555513	1.492113	
0.001000	0.100726	0.338104	96.600000	90.100000	19.994346	1.414022	
0.001000	0.095065	0.337289	96.856000	89.810000	20.186274	1.455003	
0.001000	0.092671	0.338761	96.848000	90.080000	20.340961	1.433062	
0.001000	0.089990	0.343502	97.034000	90.110000	20.453492	1.414338	
0.001000	0.087559	0.344921	97.066000	90.210000	19.863089	1.439513	
0.001000	0.087803	0.344317	97.036000	90.190000	19.799849	1.395361	
0.001000	0.084904	0.344520	97.254000	90.260000	20.237374	1.453665	
0.001000	0.083775	0.346946	97.194000	90.020000	20.084475	1.467821	
0.001000	0.083335	0.346302	97.138000	90.160000	19.866937	1.488894	
0.001000	0.081018	0.347081	97.316000	90.250000	21.899561	1.443731	
0.001000	0.079474	0.350861	97.332000	90.320000	20.320737	1.426488	
0.001000	0.078685	0.350437	97.402000	90.030000	20.290142	1.401278	
0.001000	0.077435	0.354358	97.420000	90.320000	19.802644	1.469584	
0.001000	0.076627	0.353422	97.546000	90.140000	20.455597	1.404402	
0.001000	0.077491	0.358342	97.428000	89.920000	19.285750	1.089201	
0.001000	0.074139	0.357754	97.536000	90.240000	18.432305	1.224945	
0.001000	0.075452	0.357898	97.532000	90.070000	18.488928	1.244093	
0.001000	0.075278	0.362181	97.516000	89.910000	18.676203	1.223599	
0.001000	0.075016	0.357087	97.484000	90.080000	18.852922	1.171226	
0.001000	0.074252	0.360122	97.632000	89.860000	18.618418	1.260772	
0.001000	0.072990	0.364501	97.518000	89.990000	18.638808	1.292582	
0.001000	0.073073	0.362493	97.564000	90.130000	19.140230	1.204424	
0.001000	0.072243	0.360424	97.624000	90.210000	18.847950	1.245065	
0.001000	0.071519	0.364794	97.594000	90.220000	19.175696	1.174861	
0.001000	0.070006	0.363126	97.640000	90.240000	18.943545	1.198979	
0.001000	0.068675	0.364150	97.766000	90.260000	18.961710	1.259464	
0.001000	0.071572	0.365711	97.708000	90.100000	19.055153	1.177683	
0.001000	0.068683	0.366002	97.760000	90.140000	18.998867	1.208826	
0.001000	0.067548	0.370580	97.716000	89.980000	18.619416	1.152345	
0.001000	0.067543	0.378453	97.780000	89.880000	20.203206	1.203600	
0.001000	1.983154	1.549916	34.042000	43.490000	21.683423	1.315165	
0.001000	1.505447	1.568525	45.206000	44.180000	21.444217	1.310743	
0.001000	1.363957	1.479665	50.804000	50.640000	21.537124	1.318930	
0.001000	1.246219	1.288332	55.710000	55.370000	21.053974	1.341074	
0.001000	1.140098	1.459935	59.610000	52.010000	21.581012	1.273219	
0.001000	1.051380	1.085906	62.920000	62.840000	21.727675	1.245450	
0.001000	0.977565	1.172563	65.728000	59.950000	21.702620	1.265218	
0.001000	0.918718	1.078443	67.918000	63.210000	22.084513	1.254410	
0.001000	0.881240	0.950324	69.326000	67.440000	22.188498	1.329828	
0.001000	0.844174	1.005381	70.518000	66.450000	22.268834	1.272641	
0.001000	0.814984	1.131148	71.446000	64.280000	21.738617	1.375284	
0.001000	0.790692	0.914852	72.502000	69.650000	21.789557	1.259711	
0.001000	0.767295	1.128748	73.010000	65.350000	21.995592	1.257353	
0.001000	0.749020	1.033917	74.016000	66.520000	22.186177	1.293622	
0.001000	0.731193	0.891419	74.402000	71.240000	21.880333	1.296104	
0.001000	0.718264	0.838467	74.982000	71.690000	19.930451	1.245759	
0.001000	0.701787	0.836812	75.596000	72.320000	20.140315	1.276794	
0.001000	0.686774	0.831450	76.100000	72.780000	19.633147	1.184699	
0.001000	0.680449	0.946390	76.304000	68.480000	20.195113	1.251189	
0.001000	0.667975	0.716426	76.658000	75.390000	20.148704	1.115011	
0.001000	0.656649	0.794871	77.114000	73.960000	20.226739	1.305950	
0.001000	0.645314	0.722420	77.492000	75.390000	20.388595	1.311291	
0.001000	0.639456	0.694580	77.618000	76.230000	20.243390	1.309358	
0.001000	0.630884	0.708513	77.882000	76.120000	20.498810	1.282460	
0.001000	0.621366	0.741380	78.332000	75.630000	20.617807	1.290601	
0.001000	0.614160	0.710588	78.530000	75.480000	19.723041	1.300404	
0.001000	0.607346	0.700094	78.820000	76.770000	20.009131	1.250937	
0.001000	0.597719	0.664112	79.074000	77.540000	20.340454	1.263224	
0.001000	0.596125	0.815388	79.220000	74.020000	19.975680	1.394760	
0.001000	0.588589	0.718295	79.388000	75.860000	20.181316	1.299014	
0.001000	0.581913	0.685750	79.642000	76.690000	20.152234	1.227028	
0.001000	0.576854	0.689422	79.558000	76.800000	20.202631	1.247356	
0.001000	0.568923	0.678824	79.902000	77.420000	20.536911	1.139749	
0.001000	0.564216	0.650843	80.120000	78.040000	20.649946	1.306171	
0.001000	0.558164	0.743596	80.448000	75.440000	22.171751	1.250365	
0.001000	0.555708	0.700349	80.394000	77.440000	20.462790	1.335405	
0.001000	0.554278	0.703741	80.590000	76.650000	20.717355	1.284732	
0.001000	0.544589	0.647992	80.896000	78.310000	20.651399	1.251110	
0.001000	0.543333	0.643624	81.032000	78.330000	20.775156	1.274513	
0.001000	0.537900	0.711814	81.172000	76.630000	20.559129	1.343866	
0.001000	0.531397	0.762581	81.568000	75.470000	20.194362	1.256076	
0.001000	0.527874	0.632805	81.530000	78.910000	20.417753	1.282072	
0.001000	0.523274	0.632911	81.622000	78.760000	20.535964	1.285303	
0.001000	0.522666	0.656617	81.610000	77.740000	20.587056	1.309655	
0.001000	0.513663	0.711928	81.998000	76.210000	20.642826	1.241812	
0.001000	0.512799	0.618969	82.066000	79.350000	19.852475	1.285214	
0.001000	0.511024	0.659317	82.246000	78.250000	20.300673	1.262249	
0.001000	0.505994	0.649658	82.244000	78.210000	20.440403	1.242476	
0.001000	0.506951	0.606951	82.348000	79.460000	20.373616	1.304871	
0.001000	0.499693	0.624469	82.564000	79.720000	20.551768	1.291778	
0.001000	0.494766	0.611635	82.848000	79.470000	20.102032	1.301137	
0.001000	0.492417	0.639904	82.822000	78.370000	19.797699	1.219109	
0.001000	0.492098	0.617701	82.690000	78.970000	20.439990	1.272710	
0.001000	0.486724	0.614386	82.832000	79.680000	20.289320	1.286369	
0.001000	0.488273	0.923676	83.086000	72.170000	21.751844	1.270410	
0.001000	0.483850	0.630344	83.178000	79.410000	20.382325	1.287888	
0.001000	0.477589	0.625935	83.296000	78.960000	20.156009	1.291971	
0.001000	0.477576	0.647622	83.558000	78.710000	20.548494	1.342522	
0.001000	0.478119	0.639299	83.296000	79.270000	20.698620	1.192906	
0.001000	0.467642	0.609430	83.562000	79.590000	20.385432	1.277013	
0.001000	0.468485	0.622480	83.450000	79.450000	20.076914	1.268223	
0.001000	0.463841	0.637060	83.710000	79.240000	20.664162	1.277451	
0.001000	0.465374	0.637925	83.628000	78.960000	20.796721	1.285090	
0.001000	0.459851	0.577733	83.918000	80.710000	20.747684	1.354386	
0.001000	0.462851	0.605557	83.842000	79.950000	20.679441	1.239436	
0.001000	0.456118	0.615575	84.046000	79.320000	19.734047	1.299187	
0.001000	0.459065	0.592242	83.900000	80.380000	20.155455	1.354466	
0.001000	0.450672	0.618686	84.260000	79.910000	20.322425	1.288950	
0.001000	0.451208	0.595099	84.338000	80.260000	20.397513	1.256362	
0.001000	0.447895	0.614413	84.400000	79.650000	19.825445	1.270365	
0.001000	0.447439	0.612912	84.298000	79.920000	20.330923	1.340744	
0.001000	0.444966	0.626474	84.340000	79.610000	20.623388	1.139301	
0.001000	0.446664	0.639753	84.252000	78.960000	20.674165	1.365884	
0.001000	0.441942	0.612632	84.524000	79.750000	20.696186	1.318926	
0.001000	0.442607	0.600737	84.318000	79.990000	22.288999	1.322938	
0.001000	0.434915	0.670173	84.794000	78.760000	20.389602	1.259974	
0.001000	0.433083	0.595166	84.844000	80.570000	20.492639	1.278783	
0.001000	0.431205	0.602560	84.928000	80.200000	20.618875	1.286019	
0.001000	0.431273	0.637746	84.920000	79.380000	20.827943	1.277866	
0.001000	0.431881	0.598288	84.876000	80.480000	20.422276	1.257907	
0.001000	0.425733	0.588637	85.038000	80.250000	20.042871	1.279537	
0.001000	0.422656	0.597842	85.202000	80.270000	20.838174	1.334760	
0.001000	0.422308	0.607794	85.138000	80.070000	20.528461	1.304067	
0.001000	0.424240	0.621217	85.212000	80.200000	20.972523	1.240156	
0.001000	0.426713	0.606755	84.954000	80.630000	20.648128	1.165010	
0.001000	0.419133	0.593392	85.202000	80.590000	20.181165	1.301550	
0.001000	0.419559	0.629210	85.492000	79.820000	20.518335	1.283335	
0.000100	0.407333	0.564283	85.872000	81.550000	20.615123	1.293888	
0.000100	0.397268	0.564224	86.246000	81.520000	20.346373	1.280122	
0.000100	0.397188	0.562111	86.218000	81.690000	20.467324	1.317869	
0.000100	0.398993	0.564258	86.074000	81.520000	19.902532	1.266853	
0.000100	0.392954	0.563621	86.348000	81.660000	20.348251	1.250712	
0.000100	0.395365	0.560600	86.310000	81.620000	20.304876	1.301738	
0.000100	0.395619	0.564980	86.180000	81.520000	20.159935	1.337880	
0.000100	0.395032	0.563414	86.104000	81.410000	21.816678	1.323194	
0.000100	0.394267	0.562459	86.204000	81.690000	20.317180	1.244629	
0.000100	0.393497	0.562774	86.370000	81.540000	20.472422	1.298600	
0.000100	0.389794	0.563472	86.370000	81.630000	20.487243	1.306994	
0.000100	0.395260	0.563922	86.170000	81.670000	19.972861	1.258614	
0.000100	0.391164	0.560462	86.368000	81.750000	20.613771	1.265742	
0.000100	0.389555	0.562348	86.522000	81.600000	19.969564	1.249652	
0.000100	0.391411	0.560573	86.416000	81.840000	20.320116	1.275264	
0.000100	0.389115	0.562117	86.442000	81.700000	20.265505	1.307794	
0.000100	0.389368	0.560952	86.488000	81.530000	20.368880	1.277301	
0.000100	0.389076	0.562534	86.544000	81.670000	20.523340	1.255268	
0.000100	0.388418	0.564454	86.452000	81.610000	20.001590	1.178950	
0.000100	0.388148	0.564343	86.582000	81.660000	20.089237	1.252181	
0.000100	0.387769	0.561364	86.532000	81.480000	19.967760	1.274817	
0.000100	0.389139	0.563943	86.382000	81.760000	20.358939	1.204952	
0.000100	0.388115	0.564716	86.316000	81.370000	20.336732	1.253117	
0.000100	0.385085	0.561516	86.618000	81.650000	19.855947	1.234894	
0.000100	0.389181	0.561005	86.410000	81.710000	20.388107	1.341291	
0.000100	0.388679	0.561479	86.334000	81.770000	20.421743	1.301490	
0.000100	0.390736	0.564170	86.420000	81.690000	20.192648	1.400266	
0.000100	0.386811	0.563635	86.522000	81.580000	21.657413	1.225501	
0.000100	0.388052	0.562973	86.388000	81.690000	19.874581	1.243624	
0.000100	0.383706	0.563828	86.618000	81.710000	20.397203	1.291309	
0.000100	0.382509	0.562471	86.638000	81.480000	20.311606	1.298808	
0.000100	0.387939	0.565995	86.474000	81.460000	20.495521	1.256236	
0.000100	0.383669	0.563057	86.636000	81.510000	20.034959	1.218111	
0.000100	0.388492	0.565679	86.626000	81.530000	20.348245	1.261427	
0.000100	0.386138	0.563988	86.680000	81.580000	20.554850	1.312467	
0.000100	0.387162	0.564611	86.668000	81.670000	20.573089	1.329036	
0.000100	0.384627	0.565495	86.638000	81.460000	20.692797	1.260501	
0.000100	0.384151	0.565857	86.598000	81.510000	20.326594	1.249637	
0.000100	0.381926	0.564416	86.652000	81.520000	20.258255	1.379735	
0.000100	0.384771	0.562552	86.646000	81.880000	20.531374	1.326176	
0.000100	0.385782	0.562036	86.554000	81.700000	20.476145	1.267395	
0.000100	0.385662	0.561929	86.556000	81.620000	20.227180	1.320180	
0.000100	0.385879	0.561383	86.526000	81.610000	20.563187	1.345253	
0.000100	0.385788	0.562731	86.438000	81.610000	20.369076	1.309753	
0.000100	0.382749	0.562732	86.548000	81.530000	20.702779	1.269277	
0.000100	0.384763	0.562459	86.522000	81.540000	20.738150	1.292121	
0.000100	0.382492	0.562701	86.714000	81.620000	20.242689	1.223988	
0.000100	0.383797	0.563056	86.614000	81.580000	22.533321	1.246131	
0.000100	0.382874	0.566688	86.668000	81.400000	20.170512	1.281571	
0.000100	0.381665	0.564864	86.552000	81.640000	20.614864	1.302362	
0.000100	0.383517	0.564209	86.456000	81.470000	20.297593	1.285324	
0.000100	0.385701	0.561244	86.638000	81.560000	20.864792	1.262312	
0.000100	0.380418	0.562088	86.782000	81.720000	20.842041	1.280468	
0.000100	0.386273	0.563206	86.390000	81.570000	20.169215	1.178872	
0.000100	0.383071	0.563588	86.676000	81.660000	20.606173	1.331706	
0.000100	0.378483	0.563824	86.806000	81.690000	20.063468	1.276606	
0.000100	0.379605	0.563155	86.790000	81.740000	20.532718	1.325710	
0.000010	0.378678	0.565434	86.800000	81.580000	20.525050	1.312504	
0.000010	0.380313	0.564518	86.690000	81.650000	19.644479	1.228563	
0.000010	0.379979	0.564755	86.784000	81.500000	20.370094	1.306350	
0.000010	0.382654	0.564740	86.646000	81.530000	20.146341	1.285003	
0.000010	0.381541	0.566885	86.748000	81.570000	20.411315	1.265745	
0.000010	0.375513	0.561111	86.874000	81.620000	20.180256	1.152544	
0.000010	0.383076	0.564813	86.686000	81.700000	20.169494	1.286233	
0.000010	0.376389	0.561986	86.976000	81.570000	20.225537	1.274423	
0.000010	0.378240	0.563939	86.898000	81.550000	20.720505	1.298988	
0.000010	0.376325	0.565533	86.836000	81.600000	20.645097	1.297657	
0.000010	0.380057	0.563320	86.728000	81.640000	21.904699	1.257162	
0.000010	0.380993	0.561704	86.792000	81.490000	19.925362	1.328155	
0.000010	0.376102	0.564278	86.660000	81.520000	20.135614	1.231133	
0.000010	0.379048	0.566226	86.830000	81.610000	20.118773	1.331343	
0.000010	0.378820	0.562805	86.848000	81.560000	20.276356	1.233297	
0.000010	0.378522	0.563372	86.840000	81.580000	20.313980	1.242131	
0.000010	0.377014	0.563666	86.832000	81.580000	19.775905	1.311331	
0.000010	0.378725	0.561247	86.624000	81.550000	19.871254	1.288281	
0.000010	0.380416	0.560750	86.706000	81.530000	20.180744	1.203375	
0.000010	0.380561	0.561936	86.696000	81.640000	20.297609	1.298468	
0.000010	0.376083	0.560286	86.902000	81.660000	20.339618	1.284757	
0.000010	0.378947	0.563104	86.894000	81.590000	20.035877	1.240087	
0.000010	0.374940	0.562856	86.948000	81.620000	20.501050	1.160926	
0.000010	0.380205	0.562272	86.608000	81.640000	20.629137	1.284826	
0.000010	0.379160	0.563928	86.846000	81.520000	20.280441	1.308223	
0.000010	0.377586	0.564236	86.856000	81.490000	20.591504	1.282536	
0.000010	0.378864	0.563621	86.844000	81.580000	20.219705	1.357866	
0.000010	0.380334	0.564093	86.666000	81.580000	20.430140	1.244728	
0.000010	0.376135	0.564009	87.010000	81.500000	20.092390	1.298733	
0.000010	0.378097	0.564415	86.810000	81.500000	20.609905	1.221119	
0.000010	0.377904	0.564980	86.906000	81.680000	21.977256	1.259159	
0.000010	0.376425	0.560833	86.908000	81.670000	20.161887	1.362035	
0.000010	0.378855	0.566773	86.808000	81.550000	20.679503	1.296170	
0.000010	0.376921	0.562148	86.802000	81.560000	20.342644	1.232885	
0.000010	0.376119	0.560703	86.840000	81.680000	20.617764	1.294945	
0.000010	0.377820	0.564116	86.906000	81.620000	20.310524	1.231187	
0.000010	0.377459	0.564022	86.880000	81.540000	20.370528	1.283001	
0.000010	0.379274	0.562777	86.692000	81.690000	20.194250	1.304469	
0.000010	0.378290	0.563382	86.712000	81.850000	20.520509	1.351584	
0.000010	0.377548	0.565149	86.868000	81.620000	20.696684	1.341397	
0.000010	0.375915	0.562744	86.796000	81.650000	20.521093	1.311842	
0.000010	0.373775	0.562226	86.998000	81.450000	20.718239	1.280012	
0.000010	0.376899	0.563368	86.962000	81.600000	20.867348	1.241346	
0.000010	0.378765	0.564283	86.768000	81.600000	20.946832	1.275082	
0.000010	0.379191	0.563576	86.738000	81.680000	20.735314	1.291509	
0.000010	0.377833	0.562095	86.874000	81.560000	20.865842	1.320312	
0.000010	0.376482	0.564692	86.782000	81.630000	20.045945	1.277438	
0.000010	0.376418	0.560649	87.040000	81.530000	20.125367	1.331083	
0.000010	0.374146	0.561347	86.904000	81.560000	20.269624	1.291888	
0.000010	0.374394	0.562155	86.952000	81.680000	20.484523	1.287906	
0.000010	0.377567	0.561953	86.930000	81.620000	21.839436	1.270785	
