Regularisierer	Zielgroesse	Top1	
20.051113	461872.000000	36.930000	
19.018301	461872.000000	44.400000	
17.983934	461872.000000	52.050000	
16.950480	461872.000000	53.070000	
15.918434	461872.000000	57.260000	
14.928708	461872.000000	58.870000	
13.903537	461872.000000	60.610000	
12.879834	461872.000000	62.360000	
11.863293	461872.000000	62.520000	
10.860437	461872.000000	66.020000	
9.922184	461872.000000	61.900000	
9.065104	461872.000000	50.290000	
8.449023	461872.000000	56.870000	
7.904593	461872.000000	61.730000	
7.388822	461872.000000	39.690000	
6.904157	461872.000000	45.610000	
6.453149	461872.000000	52.290000	
6.017595	461872.000000	50.840000	
5.591132	461872.000000	62.790000	
5.172444	461872.000000	49.190000	
4.755511	461872.000000	65.870000	
4.354014	461872.000000	47.140000	
3.996986	461872.000000	59.000000	
3.747704	461872.000000	45.280000	
3.554582	461872.000000	54.200000	
3.362419	461872.000000	26.150000	
3.187894	461872.000000	57.950000	
3.016250	461872.000000	61.440000	
2.849350	461872.000000	59.610000	
2.685564	461872.000000	54.420000	
2.530457	461872.000000	65.630000	
2.391477	461872.000000	59.580000	
2.253637	461872.000000	65.550000	
2.117486	461872.000000	58.800000	
1.981355	461872.000000	56.170000	
1.842904	461872.000000	58.600000	
1.713931	461872.000000	61.320000	
1.581369	461872.000000	67.430000	
1.452012	461872.000000	67.370000	
1.321086	461872.000000	45.670000	
1.195212	461872.000000	65.890000	
1.071883	461872.000000	60.370000	
0.949218	461872.000000	70.690000	
0.832939	461872.000000	68.830000	
0.732275	461872.000000	48.450000	
0.620251	461872.000000	42.240000	
0.580358	461872.000000	58.410000	
0.551865	461872.000000	25.180000	
0.527249	461872.000000	57.150000	
0.506969	461872.000000	58.940000	
0.430625	461872.000000	61.920000	
0.422746	461872.000000	46.170000	
0.411332	461872.000000	65.420000	
0.399952	461872.000000	48.310000	
0.387663	461872.000000	68.390000	
0.367158	461872.000000	56.810000	
0.358400	461872.000000	65.260000	
0.349566	461872.000000	42.990000	
0.341068	461872.000000	63.260000	
0.336277	461872.000000	48.000000	
0.319052	461872.000000	53.610000	
0.318061	461872.000000	72.610000	
0.317259	461872.000000	55.210000	
0.317656	461872.000000	69.380000	
0.317292	461872.000000	69.490000	
0.305084	461872.000000	60.640000	
0.306446	461872.000000	53.950000	
0.305595	461872.000000	51.160000	
0.304431	461872.000000	42.530000	
0.304255	461872.000000	65.210000	
0.286332	461872.000000	57.090000	
0.287679	461872.000000	58.940000	
0.286392	461872.000000	47.530000	
0.286225	461872.000000	69.620000	
0.285421	461872.000000	71.330000	
0.281294	461872.000000	70.760000	
0.281534	461872.000000	42.230000	
0.280748	461872.000000	68.490000	
0.279496	461872.000000	62.620000	
0.280435	461872.000000	60.640000	
0.273639	461872.000000	73.520000	
0.272769	461872.000000	67.050000	
0.272484	461872.000000	37.530000	
0.271442	461872.000000	65.110000	
0.271614	461872.000000	63.400000	
0.261861	461872.000000	26.930000	
0.262115	461872.000000	39.770000	
0.262626	461872.000000	71.320000	
0.261909	461872.000000	70.280000	
0.261468	461872.000000	70.860000	
0.254201	461872.000000	69.610000	
0.254353	461872.000000	76.180000	
0.256162	461872.000000	67.270000	
0.255232	461872.000000	56.420000	
0.254283	461872.000000	66.750000	
0.252571	461872.000000	51.550000	
0.253442	461872.000000	60.480000	
0.253195	461872.000000	58.690000	
0.252659	461872.000000	72.980000	
0.252455	461872.000000	66.850000	
0.244179	461872.000000	50.750000	
0.243993	461872.000000	41.220000	
0.244411	461872.000000	74.430000	
0.243745	461872.000000	61.340000	
0.245376	461872.000000	70.880000	
0.239517	461872.000000	64.310000	
0.241304	461872.000000	66.560000	
0.240527	461872.000000	72.740000	
0.242163	461872.000000	64.660000	
0.241452	461872.000000	66.400000	
0.239449	461872.000000	75.130000	
0.238814	461872.000000	74.900000	
0.238783	461872.000000	70.890000	
0.239329	461872.000000	69.410000	
0.239083	461872.000000	71.630000	
0.234444	461872.000000	65.420000	
0.234565	461872.000000	69.720000	
0.235504	461872.000000	69.450000	
0.235267	461872.000000	74.380000	
0.235236	461872.000000	65.440000	
0.232838	461872.000000	70.820000	
0.233767	461872.000000	49.590000	
0.232575	461872.000000	66.530000	
0.233118	461872.000000	68.560000	
0.232983	461872.000000	54.310000	
0.231704	461872.000000	66.320000	
0.231031	461872.000000	59.130000	
0.232151	461872.000000	67.950000	
0.231566	461872.000000	71.770000	
0.231662	461872.000000	62.150000	
0.229605	461872.000000	66.670000	
0.232422	461872.000000	43.210000	
0.232916	461872.000000	70.640000	
0.232100	461872.000000	75.350000	
0.232208	461872.000000	66.900000	
0.229324	461872.000000	75.700000	
0.231838	461872.000000	48.600000	
0.231172	461872.000000	75.930000	
0.230310	461872.000000	62.590000	
0.229987	461872.000000	71.990000	
0.229798	461872.000000	62.000000	
0.230887	461872.000000	65.410000	
0.232146	461872.000000	62.880000	
0.232068	461872.000000	49.110000	
0.231728	461872.000000	78.450000	
0.229292	461872.000000	72.500000	
0.230859	461872.000000	66.520000	
0.231723	461872.000000	66.500000	
0.230784	461872.000000	70.550000	
0.231823	461872.000000	67.440000	
0.229874	461872.000000	70.250000	
0.230698	461872.000000	67.210000	
0.231498	461872.000000	62.660000	
0.230850	461872.000000	68.020000	
0.230300	461872.000000	65.540000	
0.228881	461872.000000	78.450000	
0.229895	461872.000000	62.180000	
0.231407	461872.000000	77.570000	
0.229841	461872.000000	61.630000	
0.229103	461872.000000	69.330000	
0.228450	461872.000000	57.520000	
0.228880	461872.000000	54.270000	
0.228777	461872.000000	68.390000	
0.229631	461872.000000	72.540000	
0.229956	461872.000000	61.480000	
0.224804	461872.000000	73.250000	
0.227099	461872.000000	72.030000	
0.227399	461872.000000	67.200000	
0.226992	461872.000000	46.300000	
0.226832	461872.000000	65.150000	
0.227515	461872.000000	58.960000	
0.226354	461872.000000	63.100000	
0.224979	461872.000000	61.770000	
0.227413	461872.000000	69.270000	
0.226571	461872.000000	67.360000	
0.226822	461872.000000	62.850000	
0.229736	461872.000000	73.570000	
0.226885	461872.000000	68.910000	
0.227522	461872.000000	79.230000	
0.226067	461872.000000	65.250000	
0.000000	0.000000	72.730000	
