LearningRate	TrainLoss	ValidLoss	TrainAcc.	ValidAcc.	TrainEpochTime(s)	TestEpochTime(s)	
0.100000	1.752889	1.486126	34.674000	45.480000	45.870514	2.439601	
0.100000	1.241253	1.256797	54.672000	55.500000	48.878971	2.401597	
0.100000	0.968895	1.082893	65.424000	63.200000	46.062367	2.416053	
0.100000	0.802449	1.056202	71.632000	64.360000	37.677242	1.766131	
0.100000	0.695113	1.187501	75.744000	63.260000	45.303131	2.386726	
0.100000	0.622693	0.793618	78.402000	73.470000	44.576785	2.475107	
0.100000	0.575950	0.776789	80.188000	73.980000	36.781547	1.700292	
0.100000	0.541814	0.976778	81.298000	68.970000	47.558879	2.514424	
0.100000	0.516375	0.742514	82.098000	75.550000	47.530535	2.435830	
0.100000	0.493727	0.643053	82.976000	78.540000	45.942550	2.306501	
0.100000	0.476203	0.691137	83.544000	77.280000	46.641743	2.429890	
0.100000	0.465355	0.767965	83.764000	76.170000	48.295602	2.437411	
0.100000	0.456449	0.753113	84.202000	76.390000	46.307579	2.567425	
0.100000	0.444284	1.063097	84.754000	69.350000	38.192598	1.587305	
0.100000	0.432489	0.743936	85.154000	76.960000	47.052006	2.499779	
0.100000	0.418296	1.047272	85.822000	68.400000	46.614196	2.498237	
0.100000	0.422066	0.581931	85.508000	80.590000	34.385803	2.478717	
0.100000	0.408027	1.508534	85.986000	60.970000	47.872390	2.495008	
0.100000	0.402341	0.644691	86.304000	79.650000	47.604226	2.546692	
0.100000	0.408080	0.884472	86.064000	75.690000	50.919597	2.593482	
0.100000	0.393571	0.545206	86.206000	82.350000	46.367011	2.454843	
0.100000	0.388376	0.740571	86.666000	77.830000	47.446050	2.428736	
0.100000	0.390284	0.529838	86.462000	82.550000	48.737629	2.368346	
0.100000	0.382669	0.724147	86.752000	77.480000	33.782453	2.474684	
0.100000	0.379037	0.518185	86.878000	83.040000	47.680842	2.414332	
0.100000	0.367710	0.740237	87.322000	76.310000	46.105951	2.508986	
0.100000	0.372690	0.793523	87.128000	76.390000	33.113623	2.320686	
0.100000	0.365671	0.850470	87.418000	76.420000	47.441355	2.559965	
0.100000	0.359045	0.776219	87.476000	76.940000	46.487860	2.507499	
0.100000	0.361129	0.750647	87.584000	77.310000	47.342957	2.416512	
0.100000	0.346933	0.751943	87.956000	76.810000	45.806653	2.455267	
0.100000	0.358803	0.501472	87.796000	83.170000	45.763637	2.426035	
0.100000	0.342624	0.547851	88.128000	81.670000	47.818865	2.438058	
0.100000	0.344721	0.830365	87.992000	74.320000	33.574929	2.456889	
0.100000	0.349324	0.557837	87.952000	82.930000	48.221480	2.398373	
0.100000	0.332078	0.520597	88.502000	83.580000	46.820354	2.479275	
0.100000	0.342383	0.475080	88.244000	83.840000	34.314922	2.546539	
0.100000	0.338681	0.555721	88.390000	82.420000	48.349876	2.467191	
0.100000	0.335476	0.610153	88.360000	80.260000	46.271375	2.475018	
0.100000	0.346196	0.509918	87.998000	83.460000	53.156339	2.423666	
0.100000	0.327090	0.646077	88.600000	80.160000	45.540688	2.018689	
0.100000	0.341277	0.749137	88.226000	78.150000	47.997142	2.663116	
0.100000	0.326809	0.532787	88.616000	82.180000	48.543160	2.545853	
0.100000	0.323304	0.685717	88.814000	79.700000	34.015820	2.399794	
0.100000	0.323105	0.589777	88.784000	81.290000	48.408466	2.163481	
0.100000	0.320549	0.781942	88.914000	75.900000	47.031771	2.052738	
0.100000	0.321775	0.522608	88.720000	82.970000	35.442156	2.401496	
0.100000	0.323350	0.577935	88.850000	81.870000	46.809742	2.528911	
0.100000	0.324159	0.646175	88.878000	79.580000	48.204104	2.566369	
0.100000	0.326597	0.644402	88.666000	79.450000	47.487431	2.183943	
0.100000	0.305861	0.635218	89.368000	80.370000	44.537583	2.575795	
0.100000	0.315721	0.619985	89.232000	81.110000	48.287012	2.460943	
0.100000	0.310230	0.530453	89.294000	83.310000	48.148057	2.128648	
0.100000	0.310569	0.481508	89.258000	84.080000	36.074416	2.594081	
0.100000	0.307679	0.689758	89.280000	79.440000	45.929563	2.533887	
0.100000	0.311423	0.715839	89.300000	77.460000	44.153991	1.554025	
0.100000	0.306923	0.468418	89.380000	84.820000	39.212985	2.528363	
0.100000	0.310422	0.538482	89.310000	82.480000	45.810122	2.443115	
0.100000	0.309232	0.738658	89.308000	77.920000	48.149016	2.616242	
0.100000	0.320533	0.569051	88.894000	80.850000	49.945670	1.566112	
0.100000	0.306826	0.531718	89.448000	83.280000	45.661174	2.347310	
0.100000	0.312508	0.812557	89.208000	77.480000	48.182939	2.415919	
0.100000	0.311611	0.533292	89.260000	83.290000	44.758598	1.585386	
0.100000	0.305579	0.556731	89.282000	82.990000	40.743645	2.235016	
0.100000	0.306628	0.753544	89.296000	78.160000	47.558508	2.580273	
0.100000	0.302786	0.470459	89.556000	84.950000	40.641012	1.699107	
0.100000	0.299414	0.535009	89.602000	82.780000	43.387559	2.471536	
0.100000	0.308401	0.588610	89.272000	81.270000	48.070763	2.467978	
0.100000	0.299473	0.578236	89.704000	82.890000	47.569416	2.450921	
0.100000	0.301982	0.690450	89.564000	79.200000	43.198170	1.514688	
0.100000	0.293288	0.518733	89.888000	83.640000	45.922127	2.667459	
0.100000	0.296665	0.470139	89.630000	84.270000	48.002356	2.116297	
0.100000	0.301908	0.473289	89.448000	84.640000	43.291079	1.675669	
0.100000	0.300368	0.465380	89.674000	84.470000	46.159917	2.469935	
0.100000	0.296388	0.539216	89.746000	83.850000	47.850856	2.358786	
0.100000	0.289992	0.515141	89.994000	83.350000	33.303994	1.635168	
0.100000	0.292125	0.522026	89.864000	83.210000	23.437594	1.595108	
0.100000	0.296501	0.559557	89.748000	81.540000	23.470904	1.641997	
0.100000	0.301449	0.551274	89.736000	82.260000	23.519215	1.664024	
0.100000	0.305523	0.500782	89.342000	83.640000	24.899719	1.724704	
0.100000	0.286520	0.538713	90.058000	83.140000	22.418437	1.744668	
0.100000	0.293355	0.802279	89.818000	77.370000	22.224321	1.688804	
0.100000	0.294331	0.600344	89.868000	81.540000	23.060926	1.704588	
0.100000	0.292385	0.509215	89.918000	84.250000	23.032519	1.762475	
0.100000	0.293370	0.540848	89.850000	82.240000	22.909805	1.724267	
0.100000	0.289393	0.630573	89.976000	80.340000	21.581490	1.520004	
0.100000	0.292507	0.493569	89.866000	83.860000	21.860845	1.577340	
0.100000	0.298733	0.613222	89.700000	81.930000	22.098418	1.627380	
0.100000	0.290154	0.647397	89.876000	79.820000	22.304552	1.544160	
0.100000	0.292064	0.646089	89.944000	81.000000	21.980169	1.503625	
0.100000	0.281991	0.711756	90.232000	80.040000	21.249236	1.641437	
0.100000	0.289655	0.732355	89.908000	78.220000	21.842958	1.558754	
0.010000	0.178314	0.250436	94.052000	91.590000	21.958293	1.624849	
0.010000	0.136510	0.246970	95.516000	91.810000	22.074516	1.432008	
0.010000	0.123018	0.247847	95.822000	92.020000	22.284018	1.513737	
0.010000	0.111140	0.242811	96.234000	92.260000	21.838344	1.653507	
0.010000	0.104602	0.248966	96.494000	92.230000	21.694551	1.596221	
0.010000	0.100648	0.254127	96.606000	92.070000	22.232969	1.605181	
0.010000	0.092914	0.249506	96.802000	92.320000	21.771320	1.554441	
0.010000	0.089281	0.263072	97.040000	92.200000	23.642435	1.542037	
0.010000	0.083047	0.259398	97.146000	92.340000	21.818183	1.649582	
0.010000	0.079987	0.253792	97.256000	92.400000	21.540380	1.658674	
0.010000	0.074191	0.261730	97.486000	92.310000	21.866625	1.589817	
0.010000	0.071757	0.286178	97.524000	91.900000	22.372664	1.631711	
0.010000	0.070997	0.261012	97.620000	92.330000	22.086283	1.619686	
0.010000	0.068097	0.268755	97.656000	92.240000	21.601964	1.652062	
0.010000	0.062708	0.270427	97.904000	92.190000	21.686415	1.468881	
0.010000	0.056828	0.271649	98.074000	92.420000	21.920845	1.603638	
0.010000	0.057767	0.278038	98.084000	92.280000	21.835444	1.634496	
0.010000	0.055874	0.274561	98.172000	92.250000	21.959477	1.598966	
0.010000	0.054770	0.282946	98.160000	92.340000	21.755706	1.702652	
0.010000	0.052717	0.292834	98.202000	92.200000	21.394096	1.655303	
0.010000	0.050669	0.296557	98.290000	92.090000	22.065707	1.598823	
0.010000	0.051042	0.302777	98.294000	92.190000	21.974781	1.568182	
0.010000	0.047609	0.295857	98.414000	91.830000	22.047282	1.665251	
0.010000	0.047220	0.305255	98.368000	91.920000	21.374325	1.634264	
0.010000	0.045884	0.296934	98.490000	92.350000	21.666814	1.581322	
0.010000	0.045231	0.307164	98.478000	91.950000	22.043253	1.562407	
0.010000	0.045002	0.316131	98.514000	91.750000	22.144763	1.592231	
0.010000	0.045873	0.316258	98.410000	91.640000	23.623927	1.398480	
0.010000	0.042567	0.305390	98.528000	92.100000	21.560186	1.654529	
0.010000	0.045083	0.304862	98.434000	92.200000	21.798412	1.601877	
0.010000	0.043321	0.316159	98.548000	92.030000	21.744620	1.586227	
0.010000	0.044878	0.328992	98.412000	91.990000	22.273899	1.629720	
0.010000	0.040887	0.342086	98.668000	91.340000	22.131982	1.566350	
0.010000	0.041602	0.350120	98.554000	91.280000	21.642469	1.576560	
0.010000	0.043875	0.333201	98.542000	91.730000	21.588860	1.561692	
0.010000	0.042155	0.322714	98.570000	91.890000	21.889784	1.530295	
0.010000	0.042561	0.337091	98.554000	91.540000	22.053287	1.558928	
0.010000	0.043972	0.324440	98.532000	91.920000	22.395830	1.552762	
0.010000	0.039205	0.375742	98.682000	90.900000	21.600981	1.559791	
0.010000	0.040682	0.338428	98.666000	92.030000	21.339416	1.581173	
0.010000	0.043151	0.337501	98.512000	91.630000	21.874802	1.603380	
0.010000	0.040794	0.329981	98.648000	91.940000	21.923695	1.546575	
0.010000	0.043128	0.344700	98.510000	91.630000	21.786724	1.623546	
0.010000	0.039304	0.358928	98.672000	91.450000	21.667194	1.612935	
0.010000	0.041901	0.318294	98.594000	91.780000	21.840522	1.566737	
0.010000	0.043367	0.355046	98.518000	91.340000	21.571904	1.560745	
0.010000	0.047138	0.372073	98.300000	91.320000	22.295176	1.457625	
0.010000	0.046946	0.384260	98.382000	90.840000	23.472888	1.678193	
0.010000	0.040856	0.333857	98.660000	91.670000	21.467386	1.619278	
0.010000	0.044029	0.343765	98.454000	91.420000	21.512884	1.388730	
0.010000	0.048463	0.399489	98.336000	90.430000	22.088726	1.544857	
0.010000	0.047826	0.310371	98.280000	91.760000	21.979217	1.572527	
0.010000	0.044664	0.345681	98.562000	91.540000	22.241078	1.627341	
0.010000	0.042653	0.348800	98.548000	91.360000	22.005114	1.592808	
0.010000	0.042092	0.337195	98.584000	91.700000	21.548635	1.695205	
0.010000	0.045192	0.379080	98.468000	90.790000	21.814455	1.644287	
0.010000	0.043876	0.376805	98.482000	90.990000	22.247131	1.598147	
0.001000	0.030347	0.292287	99.036000	92.310000	22.027989	1.690022	
0.001000	0.020875	0.291028	99.424000	92.560000	21.483436	1.618604	
0.001000	0.019142	0.288646	99.482000	92.540000	21.784658	1.574909	
0.001000	0.016939	0.288877	99.590000	92.540000	22.015011	1.665181	
0.001000	0.015561	0.288835	99.654000	92.620000	21.876082	1.541783	
0.001000	0.014940	0.289622	99.638000	92.600000	21.971225	1.607275	
0.001000	0.013458	0.289077	99.706000	92.590000	21.254865	1.614008	
0.001000	0.013238	0.293320	99.686000	92.610000	21.506417	1.594770	
0.001000	0.012337	0.291436	99.724000	92.590000	21.935672	1.548213	
0.001000	0.012343	0.292942	99.716000	92.570000	22.253771	1.600700	
0.001000	0.012220	0.291044	99.746000	92.740000	23.382005	1.574333	
0.001000	0.012035	0.295321	99.712000	92.580000	21.668684	1.608157	
0.001000	0.010329	0.293070	99.792000	92.650000	21.941710	1.523204	
0.001000	0.010831	0.298903	99.776000	92.620000	21.952124	1.588287	
0.001000	0.010508	0.296884	99.798000	92.640000	21.828484	1.598319	
0.001000	0.011049	0.296771	99.762000	92.670000	22.640308	1.539461	
0.001000	0.010988	0.296734	99.792000	92.660000	21.326531	1.591724	
0.001000	0.009688	0.296979	99.816000	92.690000	21.840220	1.601902	
0.001000	0.009625	0.297863	99.808000	92.710000	21.633912	1.560508	
0.001000	0.009601	0.296037	99.814000	92.710000	22.591029	1.522670	
0.001000	0.009654	0.299907	99.784000	92.730000	22.358498	1.603970	
0.001000	0.009705	0.298009	99.806000	92.760000	21.794218	1.629099	
0.001000	0.009307	0.298913	99.816000	92.760000	22.027035	1.533388	
0.001000	0.009196	0.296708	99.818000	92.600000	22.055836	1.577898	
0.001000	0.008687	0.296177	99.872000	92.840000	22.032642	1.617871	
0.001000	0.008753	0.300343	99.842000	92.680000	22.288358	1.600931	
0.001000	0.009583	0.297425	99.812000	92.820000	22.179445	1.691453	
0.001000	0.008564	0.298368	99.848000	92.740000	22.108071	1.588601	
0.001000	0.008482	0.300419	99.840000	92.690000	21.962467	1.658335	
0.001000	0.008807	0.302610	99.812000	92.640000	22.417855	1.610176	
0.001000	0.008205	0.299467	99.868000	92.890000	23.531418	1.566813	
