LearningRate	TrainLoss	ValidLoss	TrainAcc.	ValidAcc.	TrainEpochTime(s)	TestEpochTime(s)	
0.100000	2.293971	1.591395	37.538000	43.930000	145.253567	3.213651	
0.100000	1.723878	1.394352	57.592000	51.470000	152.309326	2.587697	
0.100000	1.414829	0.996424	67.374000	66.640000	151.638953	3.109042	
0.100000	1.224195	1.038766	72.894000	65.350000	150.236883	2.675416	
0.100000	1.097069	0.952092	76.056000	68.450000	153.831301	3.149424	
0.100000	1.007661	0.977480	78.200000	68.910000	144.725163	3.229143	
0.100000	0.958268	1.074231	79.048000	67.540000	146.260103	3.149554	
0.100000	0.901470	0.747547	80.194000	74.810000	155.516021	3.279280	
0.100000	0.872053	0.747923	80.938000	75.620000	145.134734	3.086331	
0.100000	0.846008	0.983054	81.586000	69.760000	155.676123	3.154152	
0.100000	0.817981	0.779418	82.258000	74.620000	142.690818	2.900040	
0.100000	0.812024	0.732622	82.330000	75.180000	151.318671	3.323472	
0.100000	0.804698	0.717573	82.516000	76.000000	155.857330	3.214996	
0.100000	0.800734	0.794424	82.652000	73.990000	146.891370	3.303991	
0.100000	0.789911	0.915866	83.084000	71.140000	156.441747	3.357314	
0.100000	0.770687	1.190622	83.690000	65.720000	142.673456	2.852969	
0.100000	0.784800	0.762130	83.278000	75.510000	148.650433	3.226798	
0.100000	0.779437	0.680170	83.658000	76.830000	146.998634	3.162297	
0.100000	0.766251	0.926628	83.920000	70.650000	156.346831	3.319146	
0.100000	0.767080	0.846973	83.948000	73.610000	156.244284	3.199119	
0.100000	0.745078	0.767223	84.698000	75.340000	145.241733	3.110194	
0.100000	0.755961	0.960432	84.544000	72.250000	149.565805	3.250341	
0.100000	0.751993	0.641393	84.502000	78.530000	148.161377	3.200082	
0.100000	0.750463	0.953002	84.622000	71.440000	158.422008	3.332223	
0.100000	0.754326	0.720387	84.514000	76.000000	157.352509	3.302902	
0.100000	0.735481	0.572961	85.074000	81.000000	146.454046	3.174579	
0.100000	0.743051	0.855602	84.834000	74.110000	147.880521	2.965866	
0.100000	0.734566	0.706267	85.104000	77.540000	147.819817	3.100940	
0.100000	0.731217	1.407077	85.236000	63.530000	156.283527	3.187753	
0.100000	0.735460	0.839865	85.214000	72.920000	157.111503	3.261859	
0.100000	0.720373	0.732552	85.622000	77.470000	145.839288	3.249596	
0.100000	0.724610	0.776616	85.392000	75.390000	137.856427	3.163147	
0.100000	0.728818	0.895328	85.252000	74.150000	156.242268	3.189160	
0.100000	0.726977	1.483911	85.200000	61.970000	156.640463	3.168205	
0.100000	0.717119	0.656079	85.602000	78.820000	156.506223	3.232064	
0.100000	0.707938	1.059575	85.908000	69.240000	147.185013	3.421654	
0.100000	0.718884	0.541833	85.414000	81.760000	137.530421	3.288290	
0.100000	0.719629	0.659206	85.572000	79.260000	156.729638	3.125491	
0.100000	0.718435	0.958535	85.580000	72.440000	157.005924	2.908351	
0.100000	0.718667	0.916880	85.608000	72.360000	157.229324	3.110046	
0.100000	0.702709	0.690940	86.130000	76.930000	146.323782	3.169563	
0.100000	0.713976	0.526108	85.768000	82.250000	130.067736	3.016220	
0.100000	0.708649	1.158427	85.790000	67.490000	156.796754	3.146418	
0.100000	0.707114	0.663613	85.922000	78.330000	156.652909	3.105392	
0.100000	0.711959	1.050470	85.734000	67.730000	156.820846	3.072513	
0.100000	0.696785	0.816896	86.118000	74.810000	140.219021	2.706626	
0.100000	0.708606	0.594624	85.934000	80.270000	147.363345	2.604672	
0.100000	0.703090	0.765595	86.102000	76.530000	157.210891	2.612764	
0.100000	0.700002	0.569480	85.978000	81.350000	157.049520	2.678845	
0.100000	0.700049	0.834363	86.142000	73.350000	156.978496	2.635551	
0.100000	0.694517	0.596086	86.390000	81.060000	134.070909	2.738715	
0.100000	0.700402	0.663002	86.020000	78.720000	146.968840	2.743708	
0.100000	0.699524	0.571943	86.106000	81.170000	156.765092	2.708470	
0.100000	0.704065	0.545552	86.000000	81.390000	156.460994	2.616746	
0.100000	0.705181	0.925989	86.074000	72.230000	156.739315	2.677911	
0.100000	0.695648	1.087623	86.168000	71.580000	140.029156	2.968363	
0.100000	0.685307	0.917808	86.582000	73.170000	147.027951	2.605831	
0.100000	0.703714	0.593810	85.990000	80.210000	156.873748	2.685359	
0.100000	0.692144	1.174288	86.474000	66.300000	156.811891	2.638743	
0.100000	0.697878	0.724461	86.028000	76.340000	156.619676	2.705135	
0.100000	0.690196	0.730753	86.334000	76.190000	146.750255	2.975905	
0.100000	0.707225	0.664073	85.758000	77.940000	147.723824	2.633799	
0.100000	0.698526	0.585271	86.216000	80.750000	156.916007	2.703026	
0.100000	0.687939	0.889681	86.448000	72.470000	156.974265	2.621479	
0.100000	0.691971	0.674219	86.316000	77.980000	153.664238	2.081592	
0.100000	0.683035	0.928085	86.572000	72.900000	147.994436	2.734771	
0.100000	0.692923	0.789400	86.184000	77.110000	147.324999	2.580140	
0.100000	0.691647	0.590302	86.372000	80.560000	156.241619	2.604779	
0.100000	0.690499	0.605108	86.438000	80.090000	156.149709	2.580129	
0.100000	0.689721	0.670257	86.340000	79.450000	146.981613	2.629004	
0.100000	0.686695	0.715433	86.324000	77.150000	147.913766	2.769081	
0.100000	0.684490	0.736142	86.566000	76.240000	146.552381	2.572702	
0.100000	0.685917	0.573225	86.274000	81.730000	156.029719	2.614646	
0.100000	0.677666	0.677669	86.552000	77.250000	156.016104	2.601355	
0.100000	0.690936	0.605420	86.160000	80.430000	146.136384	2.632063	
0.100000	0.681770	0.759547	86.380000	75.730000	148.456065	2.800127	
0.100000	0.684081	0.851842	86.354000	74.500000	147.098142	2.597738	
0.100000	0.679342	0.632191	86.514000	79.420000	156.164798	2.602656	
0.100000	0.688115	0.818876	86.342000	76.150000	154.538356	2.088298	
0.100000	0.690675	0.853340	86.254000	74.360000	149.168509	2.598166	
0.100000	0.672893	0.788637	86.734000	75.090000	139.513590	2.773497	
0.100000	0.685737	0.749725	86.362000	75.880000	137.607196	2.534812	
0.100000	0.686027	0.586612	86.310000	79.890000	147.228987	2.502346	
0.100000	0.679823	0.591188	86.634000	81.850000	141.581091	2.045436	
0.100000	0.677902	0.716870	86.592000	77.430000	144.618188	2.502989	
0.100000	0.665375	0.645237	86.964000	78.710000	138.982368	2.726536	
0.100000	0.676673	0.670448	86.626000	79.030000	136.914361	2.465368	
0.100000	0.683027	0.518618	86.434000	82.690000	147.109576	2.444896	
0.100000	0.682035	0.588465	86.434000	81.950000	139.031058	1.942294	
0.100000	0.677040	0.772608	86.526000	74.940000	144.505353	2.617112	
0.100000	0.672838	0.467866	86.746000	84.130000	139.854759	2.484928	
0.100000	0.674464	0.796609	86.668000	76.210000	142.291737	2.007818	
0.010000	0.542823	0.272674	91.330000	90.720000	143.199976	2.430680	
0.010000	0.485541	0.269528	93.004000	90.820000	139.034920	2.439220	
0.010000	0.459981	0.262694	93.640000	91.020000	147.621989	2.497906	
0.010000	0.445521	0.259062	93.866000	91.320000	148.705560	2.655945	
0.010000	0.429113	0.255135	94.372000	91.540000	139.088949	2.504564	
0.010000	0.421239	0.252782	94.394000	91.450000	137.940752	2.484883	
0.010000	0.402458	0.265131	94.964000	91.430000	145.783702	2.340274	
0.010000	0.396995	0.256607	94.900000	91.770000	109.677201	2.010240	
0.010000	0.384455	0.274401	95.204000	91.200000	111.136016	2.175453	
0.010000	0.377389	0.275228	95.278000	91.290000	94.340544	1.883700	
0.010000	0.373860	0.270776	95.212000	91.180000	96.863871	1.978577	
0.010000	0.359320	0.279066	95.598000	91.090000	109.274014	1.962551	
0.010000	0.354263	0.279544	95.672000	91.340000	109.351470	1.970079	
0.010000	0.348008	0.291279	95.806000	90.870000	110.727870	2.189049	
0.010000	0.347990	0.279863	95.586000	91.590000	94.096900	1.887289	
0.010000	0.338031	0.275739	95.846000	91.570000	96.581915	1.958777	
0.010000	0.333859	0.296562	95.876000	91.180000	109.376466	1.977654	
0.010000	0.331282	0.302281	95.936000	90.850000	109.536632	1.981053	
0.010000	0.324996	0.299603	96.042000	90.710000	110.715065	2.195572	
0.010000	0.320589	0.305263	96.010000	90.660000	94.734843	1.531616	
0.010000	0.322715	0.314165	95.874000	90.360000	94.464348	1.950137	
0.010000	0.316080	0.313347	96.048000	90.450000	109.401133	1.967492	
0.010000	0.312792	0.314766	96.106000	90.710000	109.278957	1.936992	
0.010000	0.310450	0.322478	96.072000	90.320000	110.753847	2.187048	
0.010000	0.314741	0.339048	95.892000	90.220000	107.001627	1.193650	
0.010000	0.309740	0.325767	96.042000	90.390000	28.485920	1.991864	
0.010000	0.309425	0.332926	95.892000	90.090000	108.875525	2.082715	
0.010000	0.310233	0.342271	95.870000	89.820000	109.575480	1.974809	
0.010000	0.305982	0.348686	95.992000	89.920000	110.617721	2.221946	
0.010000	0.305895	0.332107	95.820000	90.290000	109.104868	1.955825	
0.010000	0.310482	0.377123	95.666000	89.700000	85.693212	1.193204	
0.010000	0.308301	0.421663	95.670000	88.270000	92.748705	1.983737	
0.010000	0.301996	0.309811	95.996000	90.700000	108.648604	1.981609	
0.010000	0.304663	0.382849	95.702000	88.790000	110.784766	2.240719	
0.010000	0.305269	0.368844	95.792000	89.080000	109.658453	1.942794	
0.010000	0.302412	0.353096	95.784000	89.440000	97.989574	1.662352	
0.010000	0.305130	0.366492	95.644000	89.340000	91.402463	1.949803	
0.010000	0.308268	0.423771	95.576000	87.840000	109.524722	1.964543	
0.010000	0.305347	0.328169	95.622000	90.180000	110.803860	2.171694	
0.010000	0.306960	0.356201	95.590000	89.280000	109.409391	1.943060	
0.010000	0.302448	0.389131	95.692000	88.780000	99.433787	1.636600	
0.010000	0.307506	0.311802	95.500000	90.480000	92.199361	1.971271	
0.010000	0.304199	0.353582	95.706000	89.360000	109.588299	1.984823	
0.010000	0.304191	0.323321	95.646000	90.300000	110.795442	2.230059	
0.010000	0.300464	0.507750	95.816000	86.260000	109.294264	1.988959	
0.010000	0.307308	0.322263	95.502000	90.160000	99.034812	1.680489	
0.010000	0.302190	0.406478	95.738000	88.330000	95.258789	1.687576	
0.010000	0.305890	0.336651	95.444000	89.830000	107.108148	2.018589	
0.010000	0.292471	0.362765	96.030000	89.240000	110.815164	2.187525	
0.010000	0.304423	0.353031	95.528000	89.600000	109.545281	1.959182	
0.010000	0.309455	0.355570	95.430000	89.450000	97.860687	1.642058	
0.010000	0.296717	0.333039	95.808000	90.370000	105.508662	1.654844	
0.010000	0.301093	0.356536	95.680000	89.370000	96.313689	2.001379	
0.010000	0.300669	0.339262	95.680000	90.380000	110.642523	2.216241	
0.010000	0.302205	0.343663	95.676000	89.920000	109.337063	1.973852	
0.010000	0.306624	0.356077	95.482000	89.450000	98.651485	1.581702	
0.010000	0.303307	0.320678	95.588000	89.990000	106.031763	1.989128	
0.001000	0.256605	0.245331	97.306000	92.540000	94.272492	1.983652	
0.001000	0.235148	0.244859	98.172000	92.700000	111.034188	2.242597	
0.001000	0.228738	0.244898	98.366000	92.540000	109.636188	2.006181	
0.001000	0.224459	0.246431	98.484000	92.580000	99.691711	1.695640	
0.001000	0.220059	0.248402	98.658000	92.820000	106.722810	2.007882	
0.001000	0.217472	0.250312	98.710000	92.730000	96.500661	1.984609	
0.001000	0.213391	0.248471	98.838000	92.890000	110.842854	2.221220	
0.001000	0.210600	0.253395	98.884000	92.600000	109.394215	1.974228	
0.001000	0.209434	0.255617	98.902000	92.730000	99.286390	1.675683	
0.001000	0.207884	0.256568	98.914000	92.660000	106.647135	1.950135	
0.001000	0.205115	0.257606	99.062000	92.780000	97.424889	1.688292	
0.001000	0.203733	0.258712	99.060000	92.690000	110.722002	2.248324	
0.001000	0.202101	0.267797	99.126000	92.630000	109.539224	2.003509	
0.001000	0.201266	0.264993	99.116000	92.710000	98.568145	1.702424	
0.001000	0.199572	0.268038	99.170000	92.660000	108.225467	1.999171	
0.001000	0.197517	0.267438	99.234000	92.630000	106.248461	1.672783	
0.001000	0.196806	0.271653	99.284000	92.620000	109.821598	2.181925	
0.001000	0.195660	0.270314	99.260000	92.660000	109.400489	1.949325	
0.001000	0.193332	0.271036	99.328000	92.650000	94.847117	1.967103	
0.001000	0.193519	0.271448	99.316000	92.710000	109.583657	1.948817	
0.001000	0.191069	0.273781	99.400000	92.820000	109.466578	1.947483	
0.001000	0.190459	0.276297	99.406000	92.850000	107.225697	2.212763	
0.001000	0.190131	0.277998	99.320000	92.780000	109.005726	1.878780	
0.001000	0.189066	0.277034	99.378000	92.730000	93.881726	1.937769	
0.001000	0.188077	0.278253	99.410000	92.660000	109.856776	1.964020	
0.001000	0.186798	0.279655	99.434000	92.710000	109.789285	1.969338	
0.001000	0.186832	0.276390	99.384000	92.650000	98.829350	2.227193	
0.001000	0.186041	0.280695	99.432000	92.750000	109.063665	1.891101	
0.001000	0.184524	0.282811	99.454000	92.570000	97.618124	1.962365	
0.001000	0.183779	0.286958	99.452000	92.710000	109.973941	2.039430	
0.001000	0.182684	0.287776	99.456000	92.720000	109.752867	2.021256	
