LearningRate	TrainLoss	ValidLoss	TrainAcc.	ValidAcc.	TrainEpochTime(s)	TestEpochTime(s)	
0.111328	2.315223	1.527924	36.134000	45.780000	159.980162	3.466132	
0.111328	1.739587	1.292330	55.968001	54.610000	184.210392	3.535738	
0.111328	1.409668	1.212772	66.844001	61.170000	182.906342	3.673573	
0.111328	1.213566	0.801326	72.592000	72.090000	178.150317	3.426760	
0.111328	1.085037	0.868556	76.020000	72.140000	179.256680	3.292786	
0.113672	0.973317	1.187557	77.552002	64.880000	168.941188	3.650674	
0.113672	0.919646	1.110521	78.854002	65.970000	179.282754	3.455881	
0.113672	0.878765	0.737105	79.872002	74.840000	180.093988	3.478153	
0.113672	0.835790	0.763879	81.270002	73.680000	171.583560	3.385239	
0.113672	0.820076	0.592660	81.280002	80.100000	171.904282	2.977089	
0.116797	0.806670	0.845360	81.071999	73.330000	163.553014	3.952886	
0.116797	0.787371	1.333119	81.673999	62.530000	174.994695	3.470713	
0.116797	0.773524	1.023723	82.323999	67.960000	175.068856	3.535295	
0.116797	0.767215	0.876153	82.487999	71.470000	167.242097	3.375758	
0.116797	0.760153	1.144945	82.604000	65.100000	166.217061	3.271111	
0.117188	0.735846	1.137711	83.420003	67.110000	172.699481	3.383132	
0.117188	0.740044	0.763894	83.344003	75.800000	171.084576	3.384256	
0.117188	0.732879	0.750217	83.448003	74.900000	172.394334	3.387258	
0.117188	0.731932	0.785753	83.664003	74.120000	165.223863	3.343866	
0.117188	0.725597	0.795949	83.684003	74.870000	154.716036	3.365055	
0.117969	0.714196	1.073386	84.071999	68.810000	171.861134	3.845129	
0.117969	0.706000	0.888975	84.369999	72.660000	171.913142	3.330916	
0.117969	0.707280	0.636223	84.271999	79.230000	168.698184	3.126346	
0.117969	0.696618	0.865152	84.835999	73.520000	168.599196	3.430524	
0.117969	0.705469	0.731953	84.468000	78.010000	156.230227	3.459465	
0.117969	0.693030	0.836872	84.655999	73.830000	173.800239	3.934472	
0.117969	0.697106	0.574870	84.631999	80.630000	172.858217	3.559596	
0.117969	0.687669	0.692465	84.964000	78.470000	163.372710	3.644269	
0.117969	0.692187	0.586630	84.725999	80.590000	165.622450	3.084193	
0.117969	0.690475	0.667394	84.779999	78.050000	162.143186	3.342395	
0.117969	0.674208	0.859428	85.293999	74.010000	173.593556	3.853978	
0.117969	0.673985	0.569594	85.469999	81.430000	169.961566	3.238259	
0.117969	0.684487	0.652317	84.984000	78.000000	165.029840	3.383030	
0.117969	0.674438	0.593802	85.349999	80.420000	156.003848	3.341905	
0.117969	0.674653	1.269586	85.436000	66.270000	170.128856	3.297132	
0.118359	0.664618	1.472728	85.730000	59.180000	172.572702	3.774402	
0.118359	0.922752	0.707474	78.174000	77.670000	163.465527	3.464746	
0.118359	0.735372	1.238213	84.172000	63.780000	161.645576	3.580305	
0.118359	0.847829	1.066337	80.360000	67.070000	163.338422	3.369256	
0.118359	0.766627	0.887330	83.306000	73.020000	168.769793	3.327633	
0.118359	0.682756	2.224789	85.288000	47.530000	173.688376	3.793295	
0.118359	0.910876	0.809085	78.718000	74.160000	156.602399	3.284036	
0.118359	0.901536	0.612494	78.924000	79.380000	166.826958	3.155246	
0.118359	0.753032	0.807073	83.416000	74.750000	166.273518	3.354058	
0.118359	0.737956	1.783148	83.604000	56.230000	163.404855	3.112426	
0.119531	0.672883	0.935514	85.204003	71.070000	164.940498	3.904346	
0.119531	0.669224	0.544550	85.102003	81.230000	161.424514	3.432303	
0.119531	0.659980	0.829446	85.348003	72.780000	161.287165	3.413673	
0.119531	0.667087	0.735845	85.052003	75.880000	168.664516	3.410204	
0.119531	0.657299	0.995523	85.364003	70.440000	160.884694	3.365220	
0.120313	0.651705	0.600320	85.409999	80.680000	144.386235	3.741648	
0.120313	0.658415	0.719534	85.265999	76.740000	159.351552	3.242757	
0.120313	0.649632	0.703742	85.483999	77.610000	150.638375	3.282829	
0.120313	0.650309	0.803395	85.523999	74.480000	158.176525	3.284225	
0.120313	0.653377	0.738472	85.505999	77.200000	149.837763	3.092072	
0.120703	0.640766	0.791894	85.743996	75.090000	143.068992	3.693545	
0.120703	0.644013	0.671484	85.631996	79.060000	157.888294	3.098170	
0.120703	0.648163	0.790012	85.615996	76.790000	149.045038	3.187703	
0.120703	0.647634	0.582806	85.617996	80.460000	156.369527	3.320213	
0.120703	0.650820	0.721817	85.567996	77.530000	148.409713	3.168234	
0.120703	0.637895	0.786710	85.849996	75.250000	140.478794	3.752540	
0.120703	0.644821	0.625337	85.779996	79.810000	157.598162	3.242732	
0.120703	0.644695	0.587747	85.601996	80.780000	149.417817	3.280976	
0.120703	0.637091	0.662345	85.987996	77.650000	156.849418	3.171288	
0.120703	0.642655	0.891309	85.799996	71.680000	149.351507	3.175953	
0.120703	0.629740	0.781682	86.213996	73.070000	145.696577	3.622008	
0.120703	0.632385	0.766462	86.083996	77.770000	158.995469	3.170928	
0.120703	0.640887	0.740402	85.811996	76.560000	148.610292	3.143317	
0.120703	0.640859	0.939545	85.771996	72.210000	150.079218	3.379950	
0.120703	0.636279	0.749968	85.875996	75.500000	158.566885	2.961340	
0.120703	0.627996	1.264279	86.261996	68.030000	159.511908	3.611415	
0.120703	0.636750	0.522167	85.929996	82.770000	156.452118	3.016698	
0.120703	0.638503	0.643773	85.847996	79.440000	149.946764	3.165905	
0.120703	0.624805	0.602164	86.303996	79.670000	149.227896	3.182566	
0.120703	0.629733	0.507525	85.989996	82.950000	143.607796	2.965280	
0.120703	0.626734	0.887628	86.315996	71.130000	158.736083	3.677395	
0.120703	0.626480	0.843707	86.321996	75.120000	151.138894	3.107778	
0.120703	0.634632	0.837326	85.973996	73.510000	152.229716	2.829929	
0.120703	0.630100	0.615953	86.107996	79.230000	154.465965	2.981198	
0.120703	0.632528	0.556249	86.017996	80.990000	143.822744	3.145927	
0.120703	0.619946	0.649212	86.475996	78.850000	159.427945	3.656805	
0.120703	0.632066	0.645617	86.033996	78.840000	149.912197	3.215624	
0.120703	0.629565	0.769037	86.175996	75.340000	149.999749	3.202768	
0.120703	0.623124	0.790863	86.221996	74.390000	150.437151	3.393838	
0.120703	0.628431	0.712262	86.173996	77.350000	150.107272	3.168250	
0.120703	0.618460	0.826935	86.483996	73.790000	159.055868	3.715555	
0.120703	0.628543	0.593059	86.203996	80.790000	149.700659	3.281409	
0.120703	0.628590	1.162760	86.207996	64.990000	143.095289	3.118229	
0.120703	0.625044	0.618683	86.281996	79.860000	153.986670	3.049599	
0.120703	0.634292	0.765822	85.975996	75.180000	155.436949	3.197918	
0.120703	0.618929	0.534415	86.329996	81.580000	158.898649	3.458464	
0.120703	0.621768	0.595592	86.361996	80.380000	143.025177	3.145510	
0.012070	0.497945	0.300004	90.671996	89.520000	149.882875	3.149483	
0.012070	0.446590	0.291753	92.185996	89.980000	149.142604	3.137285	
0.012070	0.423279	0.289426	93.025996	90.070000	157.325692	3.173285	
0.120703	0.618569	0.756028	86.181996	76.700000	150.932544	3.164395	
0.120703	0.633318	0.778734	85.899996	75.350000	145.037789	3.276678	
0.120703	0.627295	0.695627	86.087996	78.060000	156.961704	3.240684	
0.120703	0.629657	0.877382	86.017996	73.810000	149.741136	3.258286	
0.120703	0.621248	1.087153	86.411996	68.420000	157.601697	3.409484	
0.120703	0.621082	0.643097	86.263996	79.650000	143.424289	3.673044	
0.120703	0.621809	0.668521	86.267996	77.690000	151.724443	3.177519	
0.120703	0.626271	0.753143	86.095996	76.740000	156.913841	3.104258	
0.120703	0.616611	0.582815	86.469996	80.890000	149.975462	3.239313	
0.120703	0.626173	0.781883	86.233996	75.770000	156.043543	3.102396	
0.120703	0.610464	0.707870	86.647996	77.040000	142.944416	3.726064	
0.120703	0.621643	0.679633	86.301996	77.820000	158.033872	3.189539	
0.120703	0.625509	0.589932	86.245996	80.510000	149.334310	3.205261	
0.120703	0.611539	0.848345	86.603996	73.920000	156.273430	3.341895	
0.120703	0.619931	0.787506	86.377996	75.620000	149.581370	3.321435	
0.121094	0.613212	0.893146	86.533997	71.940000	149.177733	3.882688	
0.121094	0.622403	0.822276	86.233997	74.210000	157.062070	3.239232	
0.121094	0.624338	0.805923	86.371997	74.140000	148.897254	3.195048	
0.121094	0.623798	0.715113	86.169997	76.550000	148.926869	3.249785	
0.121094	0.621966	0.654004	86.237997	78.860000	149.008472	3.175547	
0.121094	0.609512	0.729251	86.749997	76.310000	159.206821	3.688874	
0.121094	0.619852	0.435094	86.499997	85.280000	154.236058	2.949072	
0.121094	0.629598	0.645119	86.031997	78.020000	150.215232	3.000879	
0.121094	0.624893	0.967192	86.309997	71.540000	149.890287	3.241264	
0.121094	0.625951	0.730499	86.291997	76.680000	144.318989	2.938741	
0.121094	0.608317	0.900649	86.959997	72.010000	160.328962	3.635192	
0.121094	0.624362	0.614026	86.247997	79.850000	149.746064	3.150179	
0.121094	0.621631	0.752497	86.369997	76.390000	148.830772	3.352082	
0.121094	0.625541	0.589264	86.107997	81.240000	149.561332	3.244197	
0.121094	0.624696	0.696753	86.299997	77.630000	148.616155	3.243735	
0.121094	0.612339	1.277773	86.577997	65.620000	159.933116	3.751225	
0.121094	0.621513	1.037893	86.389997	69.780000	142.026353	3.243640	
0.121094	0.617684	0.607843	86.499997	80.120000	153.108423	3.050393	
0.121094	0.620688	0.622882	86.421997	79.600000	153.192391	3.371658	
0.121094	0.627186	0.533238	86.121997	81.910000	149.436349	3.112852	
0.121094	0.621799	0.752545	86.295997	73.880000	149.716487	3.417786	
0.121094	0.615911	0.760887	86.409997	74.960000	131.133558	3.140330	
0.121094	0.618169	0.636110	86.375997	79.060000	139.254999	2.985689	
0.121094	0.620012	0.540203	86.395997	81.680000	147.717261	3.028190	
0.121094	0.618474	0.634696	86.391997	79.700000	139.812100	3.067272	
0.121094	0.608210	0.547439	86.459997	81.670000	144.561217	3.139186	
0.121094	0.617316	0.668111	86.443997	78.150000	135.888558	2.833819	
0.121094	0.616800	0.522942	86.463997	82.800000	138.871351	3.208664	
0.121094	0.624500	0.777743	86.199997	75.300000	146.187200	3.023604	
0.121094	0.624930	0.636672	86.229997	79.280000	139.806666	2.966700	
0.121094	0.604120	0.778745	86.845997	76.650000	141.647753	3.356927	
0.121094	0.617598	0.896848	86.349997	71.900000	134.168248	2.908988	
0.121094	0.621570	0.579737	86.255997	81.320000	147.558637	3.058108	
0.121094	0.613343	0.609957	86.655997	80.210000	146.744509	3.014878	
0.121094	0.612704	0.528768	86.735997	82.330000	139.663387	3.105194	
0.121094	0.604607	0.641994	86.763997	79.230000	139.893589	3.287156	
0.121094	0.617009	0.758998	86.389997	76.060000	134.199902	3.098372	
0.121094	0.619997	0.793767	86.363997	74.190000	147.577865	3.048088	
0.121094	0.617708	1.052897	86.453997	70.050000	147.384374	2.946705	
0.012109	0.493225	0.295294	90.911997	89.920000	140.546864	3.043077	
0.121094	0.599156	0.511481	86.855997	83.420000	145.723647	3.089330	
0.121094	0.612180	0.704333	86.601997	78.380000	136.181435	3.196350	
0.121094	0.610442	0.642793	86.687997	78.530000	147.282334	3.053126	
0.121094	0.617673	0.782457	86.189997	76.340000	146.758057	3.265394	
0.121094	0.615512	0.840371	86.457997	72.610000	134.381468	2.820406	
0.121094	0.608986	0.550407	86.637997	81.560000	138.830772	2.643364	
0.121094	0.613141	0.724328	86.497997	76.460000	142.623787	3.081054	
0.121094	0.612587	1.062353	86.695997	70.610000	145.797773	3.082823	
0.121094	0.618106	0.617091	86.505997	80.510000	146.773860	2.983767	
0.121094	0.616523	0.738872	86.493997	75.590000	128.452733	3.001783	
0.121094	0.601959	0.981029	86.959997	71.480000	138.567812	3.377597	
0.121094	0.606758	0.809248	86.771997	74.510000	145.805866	3.028407	
0.121094	0.612956	0.498822	86.481997	83.380000	147.418318	3.035715	
0.121094	0.616596	1.177419	86.329997	63.280000	146.777354	2.982460	
0.121094	0.618659	0.745771	86.387997	77.710000	132.414677	3.137158	
0.121094	0.605534	0.672422	86.933997	78.080000	113.871041	2.667955	
0.121094	0.612084	1.034782	86.569998	69.210000	114.604612	2.812150	
0.121094	0.617855	0.838432	86.415997	73.690000	117.163001	2.777544	
0.121094	0.612374	0.589602	86.577997	80.440000	107.998247	2.463305	
0.121094	0.617529	0.870826	86.503997	72.840000	70.551768	2.426845	
0.121094	0.603881	0.801476	86.803997	76.630000	71.343365	2.090514	
0.121094	0.616422	0.656228	86.539997	78.680000	52.873311	1.911211	
0.121094	0.624603	1.262967	86.187997	65.050000	53.141718	1.898552	
0.121094	0.602658	0.981092	86.875997	70.550000	53.525534	1.673625	
0.121094	0.614434	0.632304	86.307997	78.630000	33.595609	1.132857	
0.121094	0.597006	1.464423	87.121997	63.220000	20.160483	1.087160	
0.121094	0.616235	0.712073	86.421997	77.330000	18.444332	1.091876	
0.121094	0.620674	0.710120	86.305997	77.200000	18.617600	1.179924	
0.121094	0.614549	0.616353	86.415997	79.710000	19.098589	1.056121	
0.121094	0.611665	0.745059	86.445997	76.520000	18.138525	1.080120	
