LearningRate	TrainLoss	ValidLoss	TrainAcc.	ValidAcc.	TrainEpochTime(s)	TestEpochTime(s)	
0.100000	2.256051	1.404228	37.042000	49.130000	25.192499	1.114360	
0.100000	1.670737	1.395149	57.720000	53.160000	24.851620	1.114029	
0.100000	1.390048	1.397361	66.730000	55.730000	25.007295	1.085391	
0.100000	1.207478	1.002980	72.390000	66.140000	25.044873	1.102378	
0.100000	1.075901	0.938090	75.768000	69.590000	25.039972	1.089540	
0.100000	0.992037	1.058355	77.956000	68.750000	25.806720	1.131570	
0.100000	0.921980	1.234426	79.448000	62.850000	25.260455	1.141418	
0.100000	0.875993	0.771925	80.638000	73.060000	25.456202	1.121628	
0.100000	0.847856	0.935597	81.128000	71.650000	25.498193	1.107160	
0.100000	0.824071	0.816426	81.428000	74.380000	25.384511	1.153312	
0.100000	0.797385	0.700462	82.450000	77.770000	25.531628	1.106484	
0.100000	0.790885	0.983333	82.308000	70.160000	26.301354	1.111406	
0.100000	0.783251	0.596144	82.610000	79.520000	25.803117	1.118071	
0.100000	0.766869	0.764924	83.190000	75.270000	25.702572	1.108793	
0.100000	0.758833	0.846704	83.392000	74.660000	25.730345	1.089113	
0.100000	0.749064	0.921914	83.712000	72.700000	25.640579	1.102060	
0.100000	0.745819	1.263115	83.894000	63.720000	25.585839	1.120295	
0.100000	0.744951	0.917287	83.918000	71.920000	26.048213	1.120656	
0.100000	0.728012	0.608454	84.388000	79.500000	25.797514	1.114999	
0.100000	0.738381	1.085131	84.242000	69.180000	25.800510	1.115997	
0.100000	0.715743	0.914211	84.982000	73.740000	25.760787	1.132493	
0.100000	0.723202	1.241580	84.442000	65.370000	25.602072	1.089897	
0.100000	0.720080	0.558381	84.750000	81.870000	26.363775	1.112718	
0.100000	0.711301	0.618843	85.106000	79.250000	25.934725	1.111949	
0.100000	0.714599	0.650320	84.954000	78.560000	25.819769	1.123475	
0.100000	0.702721	0.675535	85.328000	78.490000	25.373905	1.106781	
0.100000	0.712423	0.615412	84.810000	79.900000	25.560352	1.113263	
0.100000	0.701067	0.558225	85.328000	81.020000	25.828646	1.132259	
0.100000	0.704653	0.648056	85.388000	78.940000	25.950925	1.111872	
0.100000	0.700536	0.657544	85.566000	78.430000	25.852309	1.146882	
0.100000	0.692770	0.686714	85.680000	77.480000	25.586199	1.113584	
0.100000	0.697306	0.798906	85.546000	76.020000	25.573941	1.124480	
0.100000	0.693783	0.625355	85.698000	80.210000	25.451206	1.126227	
0.100000	0.686562	0.600743	86.000000	81.290000	25.631245	1.109154	
0.100000	0.686905	0.776148	85.854000	75.340000	25.694419	1.127213	
0.100000	0.676092	0.703188	86.110000	78.260000	25.852892	1.165282	
0.100000	0.678252	0.614704	86.106000	80.220000	25.779839	1.154067	
0.100000	0.680656	0.739456	86.044000	77.700000	25.842505	1.112335	
0.100000	0.678892	0.663596	86.036000	79.120000	26.543904	1.115702	
0.100000	0.676381	0.508916	86.276000	82.970000	26.106697	1.129831	
0.100000	0.663385	0.550597	86.584000	81.380000	25.769321	1.135626	
0.100000	0.674952	0.661585	86.138000	78.520000	25.750445	1.103890	
0.100000	0.676478	0.751853	86.224000	76.480000	25.864694	1.098759	
0.100000	0.673190	0.732160	86.286000	76.530000	26.395778	1.137576	
0.100000	0.665856	0.662399	86.474000	79.170000	25.757927	1.233984	
0.100000	0.655993	0.632450	86.552000	79.030000	25.764405	1.084328	
0.100000	0.665812	0.590333	86.460000	79.570000	25.524851	1.111881	
0.100000	0.667191	0.599237	86.504000	80.600000	25.651463	1.107247	
0.100000	0.668403	0.602541	86.286000	80.040000	25.477050	1.092000	
0.100000	0.662085	0.579410	86.540000	81.060000	26.145214	1.087503	
0.100000	0.653885	0.767388	86.842000	76.060000	25.169533	1.100918	
0.100000	0.655431	0.598824	86.738000	80.240000	25.037010	1.092897	
0.100000	0.662408	0.706944	86.544000	77.170000	25.178642	1.158816	
0.100000	0.659411	0.602078	86.682000	81.110000	25.114008	1.069930	
0.100000	0.653943	0.678257	86.860000	77.410000	25.918869	1.099221	
0.100000	0.649538	0.457324	86.850000	84.250000	25.639492	1.129915	
0.100000	0.655030	0.648594	86.796000	78.530000	25.349084	1.123497	
0.100000	0.658582	0.616566	86.760000	80.360000	25.238668	1.134250	
0.100000	0.652689	0.605692	86.610000	79.380000	25.402404	1.098417	
0.100000	0.648127	0.635941	86.894000	79.480000	25.916975	1.113969	
0.100000	0.643441	0.718259	87.038000	77.320000	25.096193	1.099039	
0.100000	0.656596	0.632971	86.638000	79.820000	25.167665	1.074040	
0.100000	0.645310	0.915587	87.026000	72.450000	25.149678	1.112950	
0.100000	0.650168	1.472614	86.824000	63.560000	25.126728	1.103017	
0.100000	0.651871	0.741973	86.858000	76.370000	25.362191	1.117930	
0.100000	0.637466	0.634429	87.278000	79.580000	25.172799	1.206094	
0.100000	0.646041	0.532041	87.032000	81.530000	24.957510	1.078154	
0.100000	0.643894	0.613937	86.940000	79.900000	25.098572	1.110225	
0.100000	0.644749	0.898249	87.002000	74.050000	25.050246	1.100249	
0.100000	0.640204	0.987523	87.112000	73.740000	25.262271	1.094620	
0.100000	0.639780	0.880312	87.132000	72.510000	25.127955	1.109479	
0.100000	0.649138	0.818047	86.834000	75.770000	25.200815	1.099153	
0.100000	0.649764	0.856011	86.636000	73.700000	25.070042	1.099698	
0.100000	0.638205	0.510109	87.258000	82.960000	25.155409	1.083830	
0.100000	0.639633	1.067702	86.998000	70.060000	24.978429	1.229142	
0.100000	0.632334	0.785573	87.128000	77.310000	25.311174	1.103171	
0.100000	0.645430	0.545101	87.030000	81.740000	25.310829	1.102023	
0.100000	0.634334	0.595878	87.318000	80.410000	25.134684	1.109816	
0.100000	0.644439	0.652731	86.760000	79.180000	25.253113	1.102295	
0.100000	0.639350	0.709178	87.224000	77.860000	25.177181	1.101757	
0.100000	0.639029	0.514157	87.070000	82.810000	24.835711	1.168146	
0.100000	0.636774	0.614229	87.276000	80.150000	24.767052	1.106207	
0.100000	0.642616	0.837015	87.082000	75.690000	24.943965	1.089105	
0.100000	0.636236	0.561882	87.304000	81.420000	24.994512	1.101528	
0.100000	0.635320	0.625976	87.244000	80.360000	24.936667	1.082427	
0.100000	0.629157	0.546572	87.396000	81.460000	25.142598	1.070078	
0.100000	0.639670	0.527146	86.986000	83.080000	25.263488	1.067394	
0.100000	0.626654	0.622327	87.430000	80.380000	24.986970	1.135621	
0.100000	0.631205	0.605646	87.188000	80.360000	24.962861	1.132888	
0.100000	0.640135	0.700829	86.970000	78.170000	24.718333	1.079826	
0.100000	0.626498	0.898219	87.448000	73.550000	25.028235	1.072674	
0.100000	0.632484	0.563578	87.258000	81.840000	25.537675	1.102903	
0.010000	0.493961	0.276545	92.086000	90.460000	25.003450	1.098361	
0.010000	0.445361	0.261807	93.542000	91.170000	25.279262	1.092178	
0.010000	0.423796	0.253487	94.122000	91.310000	25.099458	1.087121	
0.010000	0.403877	0.253044	94.700000	91.410000	25.053360	1.205011	
0.010000	0.393630	0.251341	94.916000	91.570000	25.731958	1.095219	
0.010000	0.382319	0.248448	95.150000	91.940000	25.186136	1.162252	
0.010000	0.372474	0.255512	95.290000	91.580000	24.921733	1.112954	
0.010000	0.360559	0.255592	95.478000	91.800000	25.098920	1.065285	
0.010000	0.350437	0.252658	95.742000	91.860000	24.779466	1.105697	
0.010000	0.344330	0.251615	95.814000	91.870000	24.758698	1.058738	
0.010000	0.334229	0.268219	96.040000	91.440000	25.300923	1.093841	
0.010000	0.331414	0.267011	95.966000	91.500000	24.923812	1.100292	
0.010000	0.321064	0.269484	96.194000	91.790000	24.667177	1.095028	
0.010000	0.316877	0.265838	96.256000	91.690000	24.592921	1.125545	
0.010000	0.312583	0.273218	96.424000	91.750000	24.344765	1.105216	
0.010000	0.303087	0.259777	96.504000	91.870000	24.940509	1.082510	
0.010000	0.303103	0.299566	96.420000	90.860000	24.763597	1.091624	
0.010000	0.299950	0.291717	96.460000	91.120000	24.798136	1.085090	
0.010000	0.290508	0.299786	96.666000	90.920000	25.165344	1.079541	
0.010000	0.294007	0.305880	96.460000	90.950000	25.059206	1.208336	
0.010000	0.291366	0.328148	96.476000	90.420000	25.448855	1.121561	
0.010000	0.290767	0.303502	96.400000	90.830000	25.217332	1.087761	
0.010000	0.288876	0.299916	96.296000	90.990000	25.040476	1.109243	
0.010000	0.280093	0.322603	96.672000	90.650000	24.810073	1.075943	
0.010000	0.282595	0.315556	96.458000	90.860000	24.703655	1.066689	
0.010000	0.280483	0.323971	96.510000	90.760000	25.025702	1.074378	
0.010000	0.281611	0.311042	96.386000	90.770000	25.022080	1.098197	
0.010000	0.280370	0.286208	96.406000	90.890000	24.763124	1.071211	
0.010000	0.273309	0.321414	96.618000	90.620000	25.081454	1.097049	
0.010000	0.275415	0.373685	96.462000	89.390000	25.145757	1.087802	
0.010000	0.278795	0.340264	96.262000	90.090000	24.990991	1.092353	
0.010000	0.274675	0.318941	96.402000	90.610000	25.751286	1.092590	
0.010000	0.274774	0.313873	96.366000	90.760000	25.256128	1.113140	
0.010000	0.273008	0.316027	96.464000	90.640000	25.439116	1.162148	
0.010000	0.278045	0.338018	96.222000	89.850000	25.275532	1.164413	
0.010000	0.270708	0.318845	96.362000	90.380000	25.273915	1.060144	
0.010000	0.272797	0.362076	96.340000	89.600000	26.022500	1.069674	
0.010000	0.278068	0.301086	96.082000	90.720000	25.263888	1.080606	
0.010000	0.271596	0.320848	96.354000	90.640000	24.450348	1.079962	
0.010000	0.278933	0.397677	96.114000	88.430000	24.366251	1.068810	
0.010000	0.277620	0.356564	96.128000	89.810000	24.562701	1.083830	
0.010000	0.274498	0.314098	96.308000	90.680000	24.877100	1.059272	
0.010000	0.271696	0.342077	96.280000	89.530000	24.516966	1.097618	
0.010000	0.264862	0.338227	96.512000	89.900000	24.823644	1.093772	
0.010000	0.276124	0.374926	96.070000	88.910000	24.625105	1.079333	
0.010000	0.270491	0.312520	96.296000	90.830000	24.701892	1.073892	
0.010000	0.272296	0.345862	96.138000	89.920000	24.435688	1.073637	
0.010000	0.273171	0.336176	96.150000	90.370000	25.145466	1.084646	
0.010000	0.263163	0.364405	96.508000	89.400000	24.973361	1.091737	
0.010000	0.276930	0.351662	95.944000	89.700000	25.028006	1.161477	
0.010000	0.269724	0.324786	96.210000	90.630000	24.985411	1.237166	
0.010000	0.271896	0.331185	96.206000	90.570000	24.988399	1.076823	
0.010000	0.272003	0.372678	96.174000	89.650000	25.549323	1.095119	
0.010000	0.271878	0.396788	96.100000	88.420000	25.366894	1.143263	
0.010000	0.274637	0.391929	95.976000	89.010000	25.073718	1.101169	
0.010000	0.272529	0.339291	96.084000	89.630000	25.129148	1.079984	
0.010000	0.270637	0.356008	96.194000	89.940000	25.324529	1.092241	
0.001000	0.229827	0.252236	97.760000	92.490000	25.574164	1.096497	
0.001000	0.212361	0.245364	98.398000	92.590000	25.173715	1.129681	
0.001000	0.204958	0.245013	98.674000	92.810000	25.163339	1.115656	
0.001000	0.200128	0.248510	98.840000	92.740000	25.028626	1.087935	
0.001000	0.196678	0.247856	98.934000	92.830000	24.992650	1.109967	
0.001000	0.194533	0.247320	98.972000	92.770000	25.069142	1.078223	
0.001000	0.191132	0.249366	99.060000	92.760000	24.646454	1.117740	
0.001000	0.190354	0.248946	99.102000	92.740000	24.586805	1.087355	
0.001000	0.188189	0.247862	99.192000	92.840000	24.733480	1.077009	
0.001000	0.185963	0.252364	99.248000	92.880000	24.552666	1.154001	
0.001000	0.183557	0.250683	99.266000	92.860000	24.853591	1.110825	
0.001000	0.183622	0.252030	99.292000	92.840000	25.254275	1.145792	
0.001000	0.181293	0.253721	99.414000	92.820000	24.786519	1.076200	
0.001000	0.182391	0.255675	99.328000	92.770000	24.779797	1.132466	
0.001000	0.179270	0.253743	99.446000	92.750000	24.818181	1.108390	
0.001000	0.178741	0.257400	99.408000	92.840000	24.721465	1.078451	
0.001000	0.177774	0.254363	99.404000	93.010000	25.133203	1.149405	
0.001000	0.176828	0.256563	99.438000	92.820000	24.919688	1.067708	
0.001000	0.174613	0.261605	99.516000	92.800000	24.887003	1.089032	
0.001000	0.173836	0.259730	99.514000	92.910000	24.575776	1.100522	
0.001000	0.173450	0.260537	99.514000	92.780000	24.833012	1.103327	
0.001000	0.172744	0.264072	99.506000	92.870000	24.856353	1.110504	
0.001000	0.171462	0.261196	99.574000	92.840000	24.730709	1.066240	
0.001000	0.171382	0.262672	99.554000	93.010000	24.678550	1.088578	
0.001000	0.170877	0.263980	99.554000	92.910000	24.900035	1.101627	
0.001000	0.168857	0.262183	99.620000	92.870000	24.711493	1.072812	
0.001000	0.168340	0.268353	99.642000	93.040000	25.042082	1.068748	
0.001000	0.168414	0.262772	99.574000	92.920000	25.528473	1.104083	
0.001000	0.167404	0.269963	99.600000	92.820000	25.072506	1.088454	
0.001000	0.166525	0.266551	99.632000	92.940000	24.870539	1.059909	
0.001000	0.165495	0.271652	99.656000	92.860000	25.024207	1.125205	
