Regularisierer	Zielgroesse	Top1	
8.131667	461872.000000	38.370000	
7.961913	461872.000000	44.500000	
7.791859	461872.000000	47.790000	
7.621915	461872.000000	52.810000	
7.452144	461872.000000	56.910000	
7.282563	461872.000000	58.750000	
7.113222	461872.000000	61.530000	
6.943955	461872.000000	61.800000	
6.774878	461872.000000	62.730000	
6.605922	461872.000000	67.010000	
6.437216	461872.000000	68.590000	
6.268851	461872.000000	67.510000	
6.100631	461872.000000	68.650000	
5.932762	461872.000000	70.430000	
5.765331	461872.000000	67.850000	
5.598022	461872.000000	71.080000	
5.431256	461872.000000	70.960000	
5.264827	461872.000000	73.060000	
5.098982	461872.000000	72.760000	
4.934230	461872.000000	70.380000	
4.770053	461872.000000	75.360000	
4.606441	461872.000000	75.840000	
4.444198	461872.000000	76.700000	
4.283705	461872.000000	77.100000	
4.125371	461872.000000	75.630000	
3.970625	461872.000000	76.600000	
3.821432	461872.000000	74.570000	
3.683587	461872.000000	72.130000	
3.566783	461872.000000	72.860000	
3.465411	461872.000000	63.330000	
3.370539	461872.000000	74.680000	
3.276207	461872.000000	72.910000	
3.185175	461872.000000	72.640000	
3.097659	461872.000000	75.940000	
3.012038	461872.000000	75.350000	
2.930218	461872.000000	74.820000	
2.849102	461872.000000	71.840000	
2.772092	461872.000000	71.590000	
2.697989	461872.000000	61.320000	
2.625610	461872.000000	75.220000	
2.554516	461872.000000	74.550000	
2.482998	461872.000000	75.550000	
2.413198	461872.000000	75.480000	
2.342723	461872.000000	73.580000	
2.275618	461872.000000	75.740000	
2.206214	461872.000000	72.940000	
2.138891	461872.000000	76.290000	
2.071434	461872.000000	74.540000	
2.004302	461872.000000	71.700000	
1.938723	461872.000000	72.230000	
1.874408	461872.000000	77.130000	
1.811594	461872.000000	68.040000	
1.751806	461872.000000	73.000000	
1.694710	461872.000000	72.820000	
1.643449	461872.000000	77.960000	
1.598326	461872.000000	72.250000	
1.559184	461872.000000	61.200000	
1.523439	461872.000000	68.000000	
1.489065	461872.000000	72.410000	
1.459145	461872.000000	63.410000	
1.428184	461872.000000	75.160000	
1.397338	461872.000000	76.600000	
1.366567	461872.000000	69.650000	
1.337887	461872.000000	70.700000	
1.310867	461872.000000	61.660000	
1.281549	461872.000000	80.710000	
1.254550	461872.000000	71.390000	
1.226551	461872.000000	73.590000	
1.198658	461872.000000	63.320000	
1.173843	461872.000000	74.260000	
1.148345	461872.000000	66.950000	
1.121318	461872.000000	71.370000	
1.097388	461872.000000	57.170000	
1.073993	461872.000000	77.180000	
1.048374	461872.000000	74.050000	
1.026599	461872.000000	63.410000	
1.004482	461872.000000	80.420000	
0.982719	461872.000000	66.730000	
0.961806	461872.000000	75.340000	
0.938250	461872.000000	69.000000	
0.915352	461872.000000	74.720000	
0.894020	461872.000000	82.010000	
0.871878	461872.000000	80.060000	
0.848865	461872.000000	81.260000	
0.828263	461872.000000	73.030000	
0.807677	461872.000000	72.480000	
0.785302	461872.000000	82.410000	
0.763601	461872.000000	67.820000	
0.742145	461872.000000	77.720000	
0.722129	461872.000000	77.820000	
0.699631	461872.000000	72.190000	
0.679496	461872.000000	80.070000	
0.658591	461872.000000	73.650000	
0.637348	461872.000000	70.480000	
0.616279	461872.000000	74.250000	
0.598712	461872.000000	67.540000	
0.576607	461872.000000	69.120000	
0.556052	461872.000000	77.200000	
0.537007	461872.000000	78.570000	
0.518829	461872.000000	80.990000	
0.501266	461872.000000	78.800000	
0.482921	461872.000000	69.000000	
0.464513	461872.000000	76.940000	
0.447711	461872.000000	76.900000	
0.432536	461872.000000	83.240000	
0.418920	461872.000000	74.260000	
0.406354	461872.000000	67.530000	
0.393255	461872.000000	66.370000	
0.383649	461872.000000	74.200000	
0.375208	461872.000000	65.870000	
0.366386	461872.000000	77.430000	
0.359944	461872.000000	77.090000	
0.354264	461872.000000	72.170000	
0.348162	461872.000000	75.670000	
0.344070	461872.000000	74.280000	
0.338193	461872.000000	72.180000	
0.333566	461872.000000	72.500000	
0.330501	461872.000000	70.130000	
0.325916	461872.000000	73.120000	
0.323516	461872.000000	63.410000	
0.318364	461872.000000	49.520000	
0.315117	461872.000000	61.330000	
0.312408	461872.000000	65.050000	
0.307893	461872.000000	70.370000	
0.304164	461872.000000	71.730000	
0.302064	461872.000000	74.990000	
0.299218	461872.000000	60.160000	
0.296898	461872.000000	73.320000	
0.293913	461872.000000	70.550000	
0.290557	461872.000000	63.390000	
0.289230	461872.000000	68.550000	
0.287899	461872.000000	72.260000	
0.283885	461872.000000	72.020000	
0.282425	461872.000000	82.370000	
0.280252	461872.000000	53.180000	
0.279634	461872.000000	71.690000	
0.277564	461872.000000	78.140000	
0.275358	461872.000000	81.090000	
0.273793	461872.000000	53.140000	
0.273891	461872.000000	74.480000	
0.270971	461872.000000	64.890000	
0.270145	461872.000000	73.440000	
0.269794	461872.000000	77.920000	
0.269199	461872.000000	77.100000	
0.268450	461872.000000	77.840000	
0.266778	461872.000000	76.100000	
0.269476	461872.000000	82.500000	
0.266721	461872.000000	61.400000	
0.266216	461872.000000	79.390000	
0.265450	461872.000000	68.900000	
0.265119	461872.000000	72.870000	
0.264409	461872.000000	67.070000	
0.264677	461872.000000	70.920000	
0.263706	461872.000000	66.860000	
0.262543	461872.000000	76.050000	
0.261553	461872.000000	80.790000	
0.260928	461872.000000	74.340000	
0.260914	461872.000000	58.250000	
0.260759	461872.000000	68.730000	
0.261759	461872.000000	70.500000	
0.260226	461872.000000	80.450000	
0.259556	461872.000000	70.460000	
0.258966	461872.000000	76.310000	
0.259418	461872.000000	77.320000	
0.258591	461872.000000	74.260000	
0.258168	461872.000000	76.640000	
0.258278	461872.000000	71.320000	
0.257271	461872.000000	77.660000	
0.256896	461872.000000	72.350000	
0.255186	461872.000000	80.970000	
0.256698	461872.000000	66.450000	
0.256267	461872.000000	81.850000	
0.256184	461872.000000	75.340000	
0.255425	461872.000000	75.370000	
0.254972	461872.000000	66.970000	
0.255090	461872.000000	77.080000	
0.256508	461872.000000	69.870000	
0.254141	461872.000000	72.120000	
0.254415	461872.000000	78.890000	
0.252978	461872.000000	76.660000	
nan	381808.000000	43.170000	
