Regularisierer	Zielgroesse	Top1	
0.018424	461872.000000	38.220000	
0.018408	461872.000000	43.250000	
0.018391	461872.000000	51.570000	
0.018375	461872.000000	53.700000	
0.018358	461872.000000	56.510000	
0.018341	461872.000000	59.000000	
0.018325	461872.000000	59.960000	
0.018308	461872.000000	64.280000	
0.018291	461872.000000	61.250000	
0.018274	461872.000000	63.750000	
0.018258	461872.000000	65.060000	
0.018241	461872.000000	65.040000	
0.018224	461872.000000	67.450000	
0.018207	461872.000000	65.090000	
0.018191	461872.000000	63.670000	
0.018174	461872.000000	71.150000	
0.018157	461872.000000	64.160000	
0.018140	461872.000000	71.000000	
0.018123	461872.000000	70.250000	
0.018107	461872.000000	71.550000	
0.018090	461872.000000	72.720000	
0.018073	461872.000000	73.990000	
0.018056	461872.000000	75.910000	
0.018039	461872.000000	74.850000	
0.018022	461872.000000	75.050000	
0.018005	461872.000000	76.430000	
0.017988	461872.000000	75.440000	
0.017972	461872.000000	76.320000	
0.017955	461872.000000	76.900000	
0.017938	461872.000000	76.220000	
0.017921	461872.000000	75.710000	
0.017904	461872.000000	78.660000	
0.017887	461872.000000	79.590000	
0.017871	461872.000000	79.690000	
0.017854	461872.000000	79.030000	
0.017837	461872.000000	77.180000	
0.017820	461872.000000	78.150000	
0.017803	461872.000000	79.160000	
0.017787	461872.000000	76.070000	
0.017770	461872.000000	80.310000	
0.017753	461872.000000	74.710000	
0.017737	461872.000000	76.820000	
0.017720	461872.000000	80.390000	
0.017703	461872.000000	81.110000	
0.017687	461872.000000	80.990000	
0.017670	461872.000000	80.230000	
0.017653	461872.000000	82.160000	
0.017637	461872.000000	79.950000	
0.017620	461872.000000	72.800000	
0.017604	461872.000000	81.080000	
0.017587	461872.000000	80.590000	
0.017570	461872.000000	83.110000	
0.017554	461872.000000	82.290000	
0.017537	461872.000000	78.580000	
0.017521	461872.000000	80.820000	
0.017504	461872.000000	81.630000	
0.017488	461872.000000	81.510000	
0.017472	461872.000000	82.190000	
0.017455	461872.000000	82.350000	
0.017439	461872.000000	81.740000	
0.017423	461872.000000	81.770000	
0.017406	461872.000000	81.240000	
0.017390	461872.000000	81.450000	
0.017373	461872.000000	79.310000	
0.017357	461872.000000	81.330000	
0.017341	461872.000000	83.520000	
0.017325	461872.000000	81.380000	
0.017308	461872.000000	83.060000	
0.017292	461872.000000	81.200000	
0.017276	461872.000000	83.170000	
0.017260	461872.000000	82.340000	
0.017244	461872.000000	83.650000	
0.017227	461872.000000	84.050000	
0.017211	461872.000000	82.500000	
0.017195	461872.000000	82.480000	
0.017179	461872.000000	81.240000	
0.017163	461872.000000	83.700000	
0.017147	461872.000000	84.010000	
0.017131	461872.000000	84.220000	
0.017115	461872.000000	82.580000	
0.017099	461872.000000	82.050000	
0.017083	461872.000000	78.000000	
0.017067	461872.000000	80.450000	
0.017051	461872.000000	82.730000	
0.017035	461872.000000	82.430000	
0.017019	461872.000000	82.980000	
0.017003	461872.000000	84.020000	
0.016987	461872.000000	83.320000	
0.016972	461872.000000	83.510000	
0.016956	461872.000000	81.270000	
0.016940	461872.000000	84.590000	
0.016924	461872.000000	81.890000	
0.016908	461872.000000	83.340000	
0.016893	461872.000000	81.520000	
0.016877	461872.000000	81.830000	
0.016861	461872.000000	83.340000	
0.016845	461872.000000	84.240000	
0.016830	461872.000000	82.910000	
0.016814	461872.000000	84.820000	
0.016798	461872.000000	82.640000	
0.016783	461872.000000	80.030000	
0.016767	461872.000000	80.820000	
0.016751	461872.000000	83.250000	
0.016736	461872.000000	82.970000	
0.016720	461872.000000	84.890000	
0.016705	461872.000000	85.430000	
0.016689	461872.000000	82.810000	
0.016673	461872.000000	84.480000	
0.016658	461872.000000	83.150000	
0.016642	461872.000000	83.840000	
0.016627	461872.000000	83.550000	
0.016611	461872.000000	84.330000	
0.016596	461872.000000	82.950000	
0.016580	461872.000000	84.380000	
0.016565	461872.000000	83.530000	
0.016550	461872.000000	83.760000	
0.016534	461872.000000	84.040000	
0.016519	461872.000000	84.520000	
0.016504	461872.000000	78.760000	
0.016488	461872.000000	80.930000	
0.016473	461872.000000	83.900000	
0.016457	461872.000000	82.040000	
0.016442	461872.000000	84.310000	
0.016427	461872.000000	84.100000	
0.016411	461872.000000	82.370000	
0.016396	461872.000000	83.900000	
0.016381	461872.000000	84.970000	
0.016366	461872.000000	85.610000	
0.016350	461872.000000	82.600000	
0.016335	461872.000000	85.090000	
0.016320	461872.000000	83.130000	
0.016305	461872.000000	84.120000	
0.016290	461872.000000	83.900000	
0.016274	461872.000000	85.180000	
0.016259	461872.000000	83.630000	
0.016244	461872.000000	83.000000	
0.016229	461872.000000	85.440000	
0.016214	461872.000000	84.370000	
0.016199	461872.000000	85.090000	
0.016183	461872.000000	81.960000	
0.016168	461872.000000	85.450000	
0.016153	461872.000000	85.020000	
0.016138	461872.000000	83.960000	
0.016123	461872.000000	84.320000	
0.016108	461872.000000	81.480000	
0.016093	461872.000000	85.150000	
0.016078	461872.000000	84.320000	
0.016063	461872.000000	84.000000	
0.016048	461872.000000	84.280000	
0.016033	461872.000000	85.580000	
0.016018	461872.000000	82.220000	
0.016003	461872.000000	82.730000	
0.015988	461872.000000	82.520000	
0.015973	461872.000000	84.480000	
0.015959	461872.000000	84.600000	
0.015944	461872.000000	85.640000	
0.015929	461872.000000	84.570000	
0.015914	461872.000000	83.270000	
0.015899	461872.000000	84.790000	
0.015884	461872.000000	82.570000	
0.015869	461872.000000	83.900000	
0.015855	461872.000000	83.720000	
0.015840	461872.000000	83.360000	
0.015825	461872.000000	84.410000	
0.015810	461872.000000	82.880000	
0.015795	461872.000000	85.280000	
0.015781	461872.000000	82.700000	
0.015766	461872.000000	85.730000	
0.015751	461872.000000	83.240000	
0.015736	461872.000000	84.230000	
0.015722	461872.000000	84.820000	
0.015707	461872.000000	84.810000	
0.015692	461872.000000	84.490000	
0.015678	461872.000000	85.290000	
0.015663	461872.000000	84.060000	
0.015648	461872.000000	85.700000	
0.015634	461872.000000	85.290000	
0.015619	461872.000000	84.310000	
0.015604	461872.000000	85.010000	
0.015590	461872.000000	85.660000	
nan	461872.000000	35.150000	
0.000000	0.000000	35.150000	
