Regularisierer	Zielgroesse	Top1	
2.727274	461872.000000	37.020000	
2.706761	461872.000000	45.270000	
2.686161	461872.000000	50.470000	
2.665505	461872.000000	56.470000	
2.644867	461872.000000	58.020000	
2.624227	461872.000000	57.690000	
2.603614	461872.000000	62.430000	
2.583013	461872.000000	61.380000	
2.562417	461872.000000	66.190000	
2.541831	461872.000000	67.220000	
2.521277	461872.000000	67.520000	
2.500737	461872.000000	65.110000	
2.480237	461872.000000	69.620000	
2.459758	461872.000000	68.620000	
2.439277	461872.000000	70.050000	
2.418783	461872.000000	73.710000	
2.398338	461872.000000	71.400000	
2.377914	461872.000000	72.630000	
2.357509	461872.000000	73.480000	
2.337135	461872.000000	74.950000	
2.316796	461872.000000	76.540000	
2.296497	461872.000000	77.880000	
2.276185	461872.000000	75.470000	
2.255863	461872.000000	74.000000	
2.235592	461872.000000	74.910000	
2.215365	461872.000000	74.120000	
2.195156	461872.000000	77.160000	
2.174973	461872.000000	77.000000	
2.154802	461872.000000	79.480000	
2.134674	461872.000000	77.170000	
2.115353	461872.000000	78.500000	
2.095301	461872.000000	79.180000	
2.075218	461872.000000	79.030000	
2.055191	461872.000000	77.670000	
2.035223	461872.000000	79.440000	
2.015218	461872.000000	76.070000	
1.995243	461872.000000	78.660000	
1.975294	461872.000000	77.880000	
1.955362	461872.000000	78.240000	
1.935489	461872.000000	78.910000	
1.915696	461872.000000	80.220000	
1.895954	461872.000000	80.790000	
1.876180	461872.000000	81.220000	
1.856449	461872.000000	79.940000	
1.836735	461872.000000	81.150000	
1.817095	461872.000000	79.770000	
1.797497	461872.000000	82.450000	
1.777884	461872.000000	80.560000	
1.758359	461872.000000	81.340000	
1.738889	461872.000000	77.740000	
1.719411	461872.000000	80.350000	
1.700027	461872.000000	83.050000	
1.680658	461872.000000	81.530000	
1.661322	461872.000000	81.300000	
1.642117	461872.000000	83.110000	
1.622931	461872.000000	80.640000	
1.603783	461872.000000	82.110000	
1.584690	461872.000000	82.630000	
1.565642	461872.000000	80.720000	
1.546732	461872.000000	82.430000	
1.528584	461872.000000	82.720000	
1.509775	461872.000000	83.860000	
1.491025	461872.000000	80.860000	
1.472383	461872.000000	79.800000	
1.453914	461872.000000	83.920000	
1.435454	461872.000000	82.520000	
1.417016	461872.000000	81.980000	
1.398745	461872.000000	82.360000	
1.380713	461872.000000	77.630000	
1.362685	461872.000000	83.330000	
1.344803	461872.000000	83.760000	
1.327076	461872.000000	83.900000	
1.309496	461872.000000	84.350000	
1.292135	461872.000000	83.400000	
1.275064	461872.000000	84.040000	
1.258159	461872.000000	83.870000	
1.241793	461872.000000	82.740000	
1.225669	461872.000000	84.590000	
1.210323	461872.000000	84.400000	
1.195445	461872.000000	83.710000	
1.181180	461872.000000	79.380000	
1.167819	461872.000000	83.710000	
1.154855	461872.000000	83.560000	
1.142337	461872.000000	81.170000	
1.130160	461872.000000	82.690000	
1.118235	461872.000000	81.190000	
1.106782	461872.000000	84.520000	
1.095502	461872.000000	80.630000	
1.084233	461872.000000	84.280000	
1.073229	461872.000000	83.750000	
1.062705	461872.000000	83.140000	
1.052106	461872.000000	80.170000	
1.041441	461872.000000	75.880000	
1.030974	461872.000000	83.460000	
1.020492	461872.000000	83.370000	
1.010163	461872.000000	82.120000	
1.000141	461872.000000	82.840000	
0.990371	461872.000000	83.480000	
0.980698	461872.000000	82.780000	
0.970871	461872.000000	83.980000	
0.961245	461872.000000	80.860000	
0.952172	461872.000000	83.990000	
0.942969	461872.000000	80.550000	
0.933853	461872.000000	84.230000	
0.924735	461872.000000	82.970000	
0.915827	461872.000000	81.500000	
0.907066	461872.000000	83.710000	
0.898360	461872.000000	84.000000	
0.889886	461872.000000	82.400000	
0.881304	461872.000000	82.580000	
0.872586	461872.000000	83.360000	
0.864326	461872.000000	82.090000	
0.855707	461872.000000	84.770000	
0.847689	461872.000000	82.470000	
0.839392	461872.000000	82.530000	
0.830785	461872.000000	82.290000	
0.822411	461872.000000	81.510000	
0.814420	461872.000000	83.540000	
0.806354	461872.000000	82.630000	
0.798009	461872.000000	80.530000	
0.790089	461872.000000	83.580000	
0.782319	461872.000000	81.010000	
0.774423	461872.000000	82.450000	
0.766658	461872.000000	82.310000	
0.758439	461872.000000	84.670000	
0.750593	461872.000000	84.900000	
0.742841	461872.000000	84.940000	
0.735182	461872.000000	83.970000	
0.727505	461872.000000	79.190000	
0.719469	461872.000000	82.470000	
0.712047	461872.000000	81.830000	
0.704485	461872.000000	79.330000	
0.696906	461872.000000	82.060000	
0.688974	461872.000000	82.520000	
0.681423	461872.000000	83.470000	
0.674136	461872.000000	79.830000	
0.666569	461872.000000	80.530000	
0.659727	461872.000000	85.250000	
0.652277	461872.000000	82.770000	
0.645298	461872.000000	82.610000	
0.638173	461872.000000	84.270000	
0.631271	461872.000000	79.970000	
0.624559	461872.000000	85.160000	
0.617412	461872.000000	84.320000	
0.610646	461872.000000	84.720000	
0.604130	461872.000000	80.310000	
0.597802	461872.000000	85.000000	
0.591735	461872.000000	83.610000	
0.585201	461872.000000	81.100000	
0.579294	461872.000000	79.990000	
0.573243	461872.000000	84.660000	
0.567719	461872.000000	83.500000	
0.562685	461872.000000	82.200000	
0.557070	461872.000000	82.590000	
0.551795	461872.000000	82.250000	
0.546737	461872.000000	84.340000	
0.542454	461872.000000	82.250000	
0.537662	461872.000000	79.250000	
0.533400	461872.000000	82.250000	
0.528548	461872.000000	80.470000	
0.524310	461872.000000	81.630000	
0.519785	461872.000000	82.260000	
0.515623	461872.000000	82.600000	
0.511935	461872.000000	80.100000	
0.507844	461872.000000	84.830000	
0.503839	461872.000000	81.510000	
0.500031	461872.000000	80.340000	
0.496335	461872.000000	85.020000	
0.492123	461872.000000	82.360000	
0.488690	461872.000000	82.820000	
0.485412	461872.000000	80.200000	
0.481145	461872.000000	78.810000	
0.478065	461872.000000	83.970000	
0.474163	461872.000000	83.060000	
0.470679	461872.000000	83.380000	
0.466691	461872.000000	81.780000	
0.463421	461872.000000	83.140000	
0.460303	461872.000000	84.200000	
0.456974	461872.000000	83.220000	
0.453746	461872.000000	82.500000	
0.449612	461872.000000	82.040000	
0.446594	461872.000000	83.420000	
0.443061	461872.000000	81.390000	
0.440238	461872.000000	84.510000	
0.436789	461872.000000	82.430000	
0.433297	461872.000000	83.400000	
0.430377	461872.000000	80.580000	
0.427229	461872.000000	80.020000	
0.424386	461872.000000	83.030000	
0.420470	461872.000000	85.160000	
0.417438	461872.000000	80.300000	
0.414616	461872.000000	84.140000	
0.411561	461872.000000	84.720000	
0.409040	461872.000000	80.670000	
0.405505	461872.000000	83.960000	
0.402112	461872.000000	85.060000	
0.399435	461872.000000	84.540000	
0.396675	461872.000000	80.300000	
0.393890	461872.000000	83.400000	
0.391406	461872.000000	82.200000	
0.387975	461872.000000	81.890000	
0.385507	461872.000000	83.730000	
0.382296	461872.000000	82.680000	
0.379143	461872.000000	77.990000	
0.376905	461872.000000	81.720000	
0.373795	461872.000000	76.050000	
0.370676	461872.000000	85.610000	
0.368269	461872.000000	84.920000	
0.365386	461872.000000	84.460000	
0.363050	461872.000000	86.130000	
0.359985	461872.000000	78.520000	
0.357520	461872.000000	85.350000	
0.354507	461872.000000	85.810000	
0.352305	461872.000000	83.090000	
0.350005	461872.000000	84.470000	
0.346896	461872.000000	84.780000	
0.344190	461872.000000	84.250000	
0.342084	461872.000000	85.490000	
0.339277	461872.000000	83.300000	
0.337112	461872.000000	81.200000	
0.334485	461872.000000	84.160000	
0.331948	461872.000000	82.070000	
0.329419	461872.000000	83.870000	
0.326667	461872.000000	83.990000	
0.324049	461872.000000	83.020000	
0.321100	461872.000000	81.840000	
0.318250	461872.000000	80.180000	
0.316122	461872.000000	83.810000	
0.313670	461872.000000	81.180000	
0.310863	461872.000000	81.950000	
0.309128	461872.000000	85.460000	
0.306528	461872.000000	82.920000	
0.304291	461872.000000	83.700000	
0.301599	461872.000000	77.210000	
0.299308	461872.000000	86.040000	
0.296905	461872.000000	85.260000	
0.294706	461872.000000	84.040000	
0.291699	461872.000000	84.940000	
0.289726	461872.000000	82.960000	
0.287111	461872.000000	84.630000	
0.284126	461872.000000	83.410000	
0.281802	461872.000000	82.900000	
0.279443	461872.000000	82.680000	
0.277013	461872.000000	82.180000	
0.274752	461872.000000	84.200000	
0.272593	461872.000000	80.560000	
0.270612	461872.000000	84.670000	
0.268010	461872.000000	85.640000	
0.265539	461872.000000	82.820000	
0.263881	461872.000000	84.540000	
0.261795	461872.000000	82.800000	
0.259084	461872.000000	83.440000	
0.256733	461872.000000	84.300000	
0.255583	461872.000000	85.010000	
0.252762	461872.000000	82.330000	
0.250762	461872.000000	82.970000	
0.248499	461872.000000	85.750000	
0.246154	461872.000000	83.480000	
0.243749	461872.000000	83.570000	
0.242015	461872.000000	77.970000	
0.240623	461872.000000	85.900000	
0.238366	461872.000000	82.860000	
0.235993	461872.000000	84.990000	
0.234130	461872.000000	83.870000	
0.232460	461872.000000	84.580000	
0.231140	461872.000000	82.890000	
0.229261	461872.000000	79.850000	
0.226737	461872.000000	84.950000	
0.224249	461872.000000	84.960000	
0.222808	461872.000000	82.750000	
0.214121	461584.000000	36.920000	
0.203440	461584.000000	46.130000	
0.196705	461584.000000	54.860000	
0.192792	461584.000000	53.870000	
0.189533	461584.000000	57.510000	
0.186630	461584.000000	61.590000	
0.183335	461584.000000	62.510000	
0.180480	461584.000000	58.660000	
0.177822	461584.000000	63.030000	
0.175686	461584.000000	66.670000	
0.173558	461584.000000	64.770000	
0.171580	461584.000000	70.130000	
0.169489	461584.000000	69.150000	
0.167333	461584.000000	71.130000	
0.165492	461584.000000	68.590000	
0.163717	461584.000000	72.220000	
0.161923	461584.000000	69.910000	
0.160527	461584.000000	69.730000	
0.158561	461584.000000	74.340000	
0.157703	461584.000000	75.220000	
0.155928	461584.000000	73.940000	
0.155114	461584.000000	64.290000	
0.153981	461584.000000	75.910000	
0.152480	461584.000000	73.330000	
0.151245	461584.000000	73.870000	
0.150484	461584.000000	66.610000	
0.149709	461584.000000	73.860000	
0.148868	461584.000000	78.700000	
0.148065	461584.000000	78.100000	
0.147315	461584.000000	72.810000	
nan	574567.000000	38.950000	
nan	574567.000000	45.030000	
nan	574567.000000	45.050000	
nan	574567.000000	54.360000	
nan	574567.000000	61.610000	
nan	574567.000000	66.810000	
nan	574567.000000	64.620000	
nan	574567.000000	69.710000	
nan	574567.000000	73.230000	
nan	574567.000000	73.580000	
nan	574567.000000	73.020000	
nan	574567.000000	54.150000	
nan	574567.000000	71.890000	
nan	574567.000000	75.570000	
nan	574567.000000	62.330000	
nan	574567.000000	68.820000	
nan	574567.000000	73.940000	
nan	574567.000000	65.410000	
nan	574567.000000	70.550000	
nan	574567.000000	75.570000	
nan	574567.000000	79.890000	
nan	574567.000000	75.650000	
nan	574567.000000	78.180000	
nan	574567.000000	71.120000	
nan	574567.000000	75.930000	
nan	574567.000000	79.610000	
nan	574567.000000	79.640000	
nan	574567.000000	75.570000	
nan	574567.000000	78.320000	
nan	574567.000000	79.010000	
0.000000	0.000000	79.010000	
