Regularisierer	Zielgroesse	Top1	
2.727264	461872.000000	38.590000	
2.706726	461872.000000	46.370000	
2.686085	461872.000000	52.310000	
2.665444	461872.000000	55.200000	
2.644801	461872.000000	59.030000	
2.624188	461872.000000	59.090000	
2.603579	461872.000000	62.330000	
2.582971	461872.000000	63.380000	
2.562379	461872.000000	64.010000	
2.541812	461872.000000	65.390000	
2.521257	461872.000000	67.100000	
2.500699	461872.000000	68.910000	
2.480149	461872.000000	68.320000	
2.459633	461872.000000	70.750000	
2.439156	461872.000000	71.610000	
2.418654	461872.000000	73.100000	
2.398204	461872.000000	70.490000	
2.377758	461872.000000	72.900000	
2.357344	461872.000000	70.640000	
2.336947	461872.000000	70.660000	
2.316593	461872.000000	74.300000	
2.296242	461872.000000	74.770000	
2.275918	461872.000000	74.540000	
2.255653	461872.000000	75.380000	
2.235364	461872.000000	76.520000	
2.215092	461872.000000	75.850000	
2.194874	461872.000000	77.640000	
2.174672	461872.000000	78.600000	
2.154507	461872.000000	76.000000	
2.134395	461872.000000	79.970000	
2.115054	461872.000000	76.730000	
2.094984	461872.000000	77.750000	
2.074866	461872.000000	79.980000	
2.054820	461872.000000	78.050000	
2.034804	461872.000000	81.090000	
2.014795	461872.000000	79.030000	
1.994851	461872.000000	79.340000	
1.974939	461872.000000	78.990000	
1.955071	461872.000000	79.450000	
1.935201	461872.000000	80.820000	
1.915370	461872.000000	79.400000	
1.895559	461872.000000	82.630000	
1.875776	461872.000000	78.970000	
1.856103	461872.000000	80.430000	
1.836411	461872.000000	82.220000	
1.816825	461872.000000	80.510000	
1.797180	461872.000000	79.760000	
1.777577	461872.000000	79.780000	
1.757995	461872.000000	80.570000	
1.738508	461872.000000	82.260000	
1.719126	461872.000000	80.720000	
1.699745	461872.000000	82.110000	
1.680442	461872.000000	83.440000	
1.661117	461872.000000	79.120000	
1.641932	461872.000000	83.520000	
1.622649	461872.000000	82.490000	
1.603532	461872.000000	79.130000	
1.584478	461872.000000	83.150000	
1.565465	461872.000000	81.790000	
1.546561	461872.000000	83.300000	
1.528434	461872.000000	78.960000	
1.509768	461872.000000	80.660000	
1.491063	461872.000000	83.510000	
1.472426	461872.000000	82.920000	
1.454028	461872.000000	83.000000	
1.435644	461872.000000	83.100000	
1.417289	461872.000000	80.490000	
1.398942	461872.000000	82.730000	
1.380858	461872.000000	83.210000	
1.362957	461872.000000	83.150000	
1.345172	461872.000000	81.980000	
1.327441	461872.000000	83.730000	
1.309925	461872.000000	81.820000	
1.292666	461872.000000	82.890000	
1.275569	461872.000000	84.590000	
1.258809	461872.000000	81.530000	
1.242307	461872.000000	82.120000	
1.226353	461872.000000	80.020000	
1.211082	461872.000000	82.530000	
1.196247	461872.000000	84.020000	
1.182000	461872.000000	83.210000	
1.168644	461872.000000	82.540000	
1.156005	461872.000000	80.700000	
1.143604	461872.000000	80.850000	
1.131588	461872.000000	80.570000	
1.119962	461872.000000	82.400000	
1.108330	461872.000000	83.760000	
1.097096	461872.000000	84.570000	
1.085681	461872.000000	83.780000	
1.075036	461872.000000	81.860000	
1.064171	461872.000000	81.130000	
1.053393	461872.000000	82.420000	
1.042642	461872.000000	82.700000	
1.031993	461872.000000	79.750000	
1.021502	461872.000000	83.210000	
1.011380	461872.000000	83.440000	
1.001330	461872.000000	81.150000	
0.991367	461872.000000	82.270000	
0.981615	461872.000000	82.880000	
0.971787	461872.000000	84.390000	
0.961963	461872.000000	84.470000	
0.952947	461872.000000	84.100000	
0.943284	461872.000000	81.650000	
0.934198	461872.000000	83.570000	
0.925384	461872.000000	83.740000	
0.916631	461872.000000	83.200000	
0.907463	461872.000000	83.860000	
0.898969	461872.000000	84.950000	
0.890035	461872.000000	82.750000	
0.881507	461872.000000	83.630000	
0.872952	461872.000000	83.580000	
0.864654	461872.000000	83.890000	
0.856364	461872.000000	81.220000	
0.847829	461872.000000	83.000000	
0.839663	461872.000000	80.830000	
0.831309	461872.000000	82.770000	
0.822897	461872.000000	82.980000	
0.815260	461872.000000	82.670000	
0.807047	461872.000000	84.660000	
0.798692	461872.000000	82.100000	
0.790978	461872.000000	83.870000	
0.783178	461872.000000	79.690000	
0.775143	461872.000000	84.220000	
0.767178	461872.000000	78.810000	
0.758968	461872.000000	83.140000	
0.751683	461872.000000	79.380000	
0.743947	461872.000000	82.500000	
0.736081	461872.000000	83.050000	
0.728391	461872.000000	80.110000	
0.720791	461872.000000	82.230000	
0.712920	461872.000000	83.560000	
0.705624	461872.000000	83.620000	
0.697825	461872.000000	83.340000	
0.690597	461872.000000	82.490000	
0.683301	461872.000000	82.770000	
0.675487	461872.000000	85.160000	
0.668080	461872.000000	83.990000	
0.660293	461872.000000	82.840000	
0.653216	461872.000000	83.790000	
0.645988	461872.000000	79.860000	
0.639200	461872.000000	82.750000	
0.632554	461872.000000	81.980000	
0.625397	461872.000000	81.650000	
0.618220	461872.000000	83.970000	
0.611649	461872.000000	83.440000	
0.605351	461872.000000	82.690000	
0.598846	461872.000000	81.890000	
0.592193	461872.000000	81.560000	
0.585964	461872.000000	83.210000	
0.580387	461872.000000	83.640000	
0.574432	461872.000000	81.930000	
0.569245	461872.000000	80.270000	
0.563662	461872.000000	81.710000	
0.558374	461872.000000	84.770000	
0.553370	461872.000000	85.060000	
0.547990	461872.000000	82.380000	
0.543022	461872.000000	84.370000	
0.538656	461872.000000	83.600000	
0.533266	461872.000000	80.330000	
0.529316	461872.000000	84.050000	
0.525084	461872.000000	79.980000	
0.521281	461872.000000	80.720000	
0.517517	461872.000000	84.150000	
0.513473	461872.000000	83.150000	
0.508838	461872.000000	85.910000	
0.505486	461872.000000	82.850000	
0.501133	461872.000000	82.840000	
0.497490	461872.000000	84.570000	
0.493806	461872.000000	83.500000	
0.490102	461872.000000	84.100000	
0.486299	461872.000000	80.470000	
0.482837	461872.000000	82.670000	
0.479046	461872.000000	82.800000	
0.475628	461872.000000	84.820000	
0.472259	461872.000000	83.350000	
0.468673	461872.000000	77.430000	
0.465409	461872.000000	82.150000	
0.461585	461872.000000	82.380000	
0.458200	461872.000000	83.400000	
0.454768	461872.000000	83.170000	
0.450708	461872.000000	81.580000	
0.447597	461872.000000	81.640000	
0.444409	461872.000000	79.630000	
0.441487	461872.000000	85.330000	
0.437825	461872.000000	81.670000	
0.434343	461872.000000	81.950000	
0.430779	461872.000000	81.190000	
0.427728	461872.000000	80.040000	
0.424774	461872.000000	83.090000	
0.421757	461872.000000	82.730000	
0.418431	461872.000000	81.090000	
0.415029	461872.000000	84.290000	
0.412488	461872.000000	85.130000	
0.409741	461872.000000	78.620000	
0.406358	461872.000000	84.380000	
0.403963	461872.000000	75.240000	
0.400600	461872.000000	82.730000	
0.396617	461872.000000	82.410000	
0.393980	461872.000000	85.160000	
0.391498	461872.000000	82.670000	
0.388570	461872.000000	82.930000	
0.386158	461872.000000	84.500000	
0.383176	461872.000000	84.500000	
0.380239	461872.000000	83.190000	
0.377720	461872.000000	85.710000	
0.375079	461872.000000	84.600000	
0.371847	461872.000000	84.310000	
0.369377	461872.000000	87.260000	
0.366320	461872.000000	84.780000	
0.363308	461872.000000	82.780000	
0.360477	461872.000000	83.160000	
0.357847	461872.000000	74.460000	
0.355684	461872.000000	82.980000	
0.353281	461872.000000	83.870000	
0.350343	461872.000000	85.310000	
0.347245	461872.000000	85.310000	
0.344627	461872.000000	83.560000	
0.342094	461872.000000	84.550000	
0.339601	461872.000000	87.310000	
0.336634	461872.000000	76.900000	
0.334875	461872.000000	85.450000	
0.331910	461872.000000	78.840000	
0.329675	461872.000000	85.990000	
0.326582	461872.000000	82.580000	
0.323544	461872.000000	79.970000	
0.321558	461872.000000	81.420000	
0.319680	461872.000000	84.450000	
0.316840	461872.000000	81.450000	
0.314439	461872.000000	80.470000	
0.312446	461872.000000	85.220000	
0.310037	461872.000000	81.640000	
0.306818	461872.000000	83.020000	
0.305134	461872.000000	83.810000	
0.302333	461872.000000	86.340000	
0.299118	461872.000000	84.450000	
0.296738	461872.000000	83.430000	
0.294518	461872.000000	81.610000	
0.292145	461872.000000	83.860000	
0.289325	461872.000000	83.650000	
0.286719	461872.000000	82.260000	
0.284243	461872.000000	84.330000	
0.282376	461872.000000	82.720000	
0.280351	461872.000000	85.580000	
0.277522	461872.000000	81.470000	
0.275255	461872.000000	84.410000	
0.272883	461872.000000	84.090000	
0.271219	461872.000000	84.570000	
0.268731	461872.000000	83.360000	
0.267014	461872.000000	84.920000	
0.264234	461872.000000	83.680000	
0.262056	461872.000000	80.530000	
0.259501	461872.000000	81.470000	
0.257463	461872.000000	85.220000	
0.255668	461872.000000	79.670000	
0.253877	461872.000000	82.590000	
0.251268	461872.000000	82.410000	
0.248951	461872.000000	84.980000	
0.246582	461872.000000	80.540000	
0.245058	461872.000000	84.730000	
0.242733	461872.000000	81.370000	
0.240548	461872.000000	84.220000	
0.238320	461872.000000	82.780000	
0.236308	461872.000000	82.030000	
0.234388	461872.000000	76.200000	
0.232757	461872.000000	86.950000	
0.231391	461872.000000	85.280000	
0.229081	461872.000000	81.580000	
0.227507	461872.000000	85.500000	
0.225160	461872.000000	83.200000	
0.223147	461872.000000	82.350000	
0.221125	461872.000000	83.630000	
0.219793	461872.000000	81.440000	
0.218369	461872.000000	86.620000	
0.216416	461872.000000	85.710000	
0.214456	461872.000000	83.470000	
0.213035	461872.000000	83.580000	
0.212116	461872.000000	81.750000	
0.209881	461872.000000	86.430000	
0.207707	461872.000000	83.450000	
0.206260	461872.000000	85.640000	
0.205154	461872.000000	85.040000	
0.203253	461872.000000	77.960000	
0.201466	461872.000000	84.440000	
0.200496	461872.000000	83.300000	
0.199333	461872.000000	82.800000	
0.197787	461872.000000	81.950000	
0.196721	461872.000000	82.950000	
0.195049	461872.000000	81.950000	
0.193850	461872.000000	84.300000	
0.192785	461872.000000	84.320000	
0.191797	461872.000000	84.360000	
0.190435	461872.000000	81.170000	
0.189156	461872.000000	82.170000	
0.187481	461872.000000	83.560000	
0.187347	461872.000000	82.970000	
0.186191	461872.000000	83.260000	
0.185431	461872.000000	82.270000	
0.184311	461872.000000	75.290000	
0.183176	461872.000000	81.530000	
0.182573	461872.000000	84.320000	
nan	456112.000000	25.560000	
nan	456112.000000	54.140000	
nan	456112.000000	63.370000	
nan	456112.000000	59.450000	
nan	456112.000000	67.770000	
nan	456112.000000	61.030000	
nan	456112.000000	70.310000	
nan	456112.000000	65.440000	
nan	456112.000000	69.250000	
nan	456112.000000	78.460000	
nan	456112.000000	69.850000	
nan	456112.000000	67.140000	
nan	456112.000000	79.730000	
nan	456112.000000	77.510000	
nan	456112.000000	74.680000	
nan	456112.000000	77.390000	
nan	456112.000000	71.960000	
nan	456112.000000	78.120000	
nan	456112.000000	76.960000	
nan	456112.000000	77.270000	
nan	456112.000000	81.930000	
nan	456112.000000	77.830000	
nan	456112.000000	81.210000	
nan	456112.000000	78.610000	
nan	456112.000000	75.960000	
nan	456112.000000	79.590000	
nan	456112.000000	82.130000	
nan	456112.000000	84.340000	
nan	456112.000000	79.310000	
nan	456112.000000	79.070000	
0.000000	0.000000	79.070000	
