Regularisierer	Zielgroesse	Top1	
2.727319	461872.000000	37.780000	
2.706796	461872.000000	45.080000	
2.686211	461872.000000	49.740000	
2.665606	461872.000000	50.500000	
2.644997	461872.000000	56.940000	
2.624384	461872.000000	60.070000	
2.603802	461872.000000	58.440000	
2.583235	461872.000000	62.240000	
2.562667	461872.000000	62.770000	
2.542099	461872.000000	67.760000	
2.521550	461872.000000	66.310000	
2.501038	461872.000000	68.510000	
2.480543	461872.000000	64.190000	
2.460058	461872.000000	68.800000	
2.439581	461872.000000	69.980000	
2.419120	461872.000000	72.330000	
2.398706	461872.000000	69.600000	
2.378283	461872.000000	74.250000	
2.357881	461872.000000	73.490000	
2.337518	461872.000000	74.920000	
2.317167	461872.000000	73.710000	
2.296854	461872.000000	72.530000	
2.276546	461872.000000	74.920000	
2.256269	461872.000000	75.140000	
2.235979	461872.000000	76.930000	
2.215719	461872.000000	74.870000	
2.195511	461872.000000	77.020000	
2.175330	461872.000000	78.150000	
2.155178	461872.000000	77.960000	
2.135040	461872.000000	75.440000	
2.115738	461872.000000	75.760000	
2.095666	461872.000000	76.790000	
2.075606	461872.000000	79.260000	
2.055572	461872.000000	77.340000	
2.035560	461872.000000	78.700000	
2.015558	461872.000000	79.660000	
1.995653	461872.000000	78.140000	
1.975736	461872.000000	79.600000	
1.955825	461872.000000	79.800000	
1.935924	461872.000000	79.790000	
1.916106	461872.000000	79.810000	
1.896329	461872.000000	77.710000	
1.876572	461872.000000	80.880000	
1.856823	461872.000000	81.840000	
1.837099	461872.000000	77.690000	
1.817434	461872.000000	79.930000	
1.797829	461872.000000	81.680000	
1.778278	461872.000000	81.960000	
1.758749	461872.000000	81.040000	
1.739209	461872.000000	79.950000	
1.719731	461872.000000	77.930000	
1.700332	461872.000000	80.940000	
1.680899	461872.000000	81.860000	
1.661615	461872.000000	77.420000	
1.642331	461872.000000	81.080000	
1.623142	461872.000000	82.300000	
1.604026	461872.000000	83.200000	
1.584939	461872.000000	82.080000	
1.565912	461872.000000	79.260000	
1.546853	461872.000000	78.680000	
1.528702	461872.000000	81.700000	
1.509920	461872.000000	81.410000	
1.491091	461872.000000	79.470000	
1.472452	461872.000000	82.740000	
1.453892	461872.000000	82.010000	
1.435369	461872.000000	81.830000	
1.416920	461872.000000	83.620000	
1.398661	461872.000000	79.910000	
1.380521	461872.000000	82.490000	
1.362419	461872.000000	82.700000	
1.344472	461872.000000	83.100000	
1.326814	461872.000000	82.940000	
1.309365	461872.000000	84.290000	
1.291961	461872.000000	83.600000	
1.274871	461872.000000	82.520000	
1.257797	461872.000000	83.230000	
1.241339	461872.000000	82.490000	
1.225253	461872.000000	81.650000	
1.209690	461872.000000	78.430000	
1.194805	461872.000000	81.400000	
1.180476	461872.000000	79.300000	
1.167049	461872.000000	79.620000	
1.154232	461872.000000	81.000000	
1.141685	461872.000000	80.190000	
1.129866	461872.000000	80.530000	
1.118231	461872.000000	83.620000	
1.106588	461872.000000	81.240000	
1.095258	461872.000000	82.440000	
1.083922	461872.000000	82.170000	
1.072751	461872.000000	83.080000	
1.061937	461872.000000	80.240000	
1.051480	461872.000000	83.420000	
1.040703	461872.000000	83.390000	
1.030465	461872.000000	83.070000	
1.019624	461872.000000	84.490000	
1.009167	461872.000000	81.600000	
0.999022	461872.000000	81.270000	
0.989185	461872.000000	78.110000	
0.979461	461872.000000	83.650000	
0.970071	461872.000000	83.030000	
0.960361	461872.000000	80.310000	
0.950720	461872.000000	83.070000	
0.941420	461872.000000	83.440000	
0.932216	461872.000000	80.850000	
0.923182	461872.000000	82.660000	
0.914250	461872.000000	83.690000	
0.905389	461872.000000	82.350000	
0.896938	461872.000000	80.820000	
0.888664	461872.000000	79.120000	
0.879891	461872.000000	78.290000	
0.871196	461872.000000	83.460000	
0.862523	461872.000000	77.390000	
0.854827	461872.000000	81.000000	
0.846331	461872.000000	78.030000	
0.837789	461872.000000	81.940000	
0.829758	461872.000000	78.070000	
0.821207	461872.000000	82.510000	
0.813013	461872.000000	80.680000	
0.805145	461872.000000	81.150000	
0.797461	461872.000000	82.290000	
0.789146	461872.000000	78.910000	
0.781584	461872.000000	80.000000	
0.773590	461872.000000	81.930000	
0.765826	461872.000000	79.100000	
0.757832	461872.000000	81.350000	
0.750016	461872.000000	82.850000	
0.742180	461872.000000	81.700000	
0.734466	461872.000000	82.680000	
0.726882	461872.000000	82.980000	
0.718991	461872.000000	83.880000	
0.711437	461872.000000	85.340000	
0.703547	461872.000000	84.420000	
0.696009	461872.000000	77.990000	
0.688477	461872.000000	84.420000	
0.681093	461872.000000	84.600000	
0.673866	461872.000000	82.660000	
0.666470	461872.000000	80.920000	
0.658932	461872.000000	84.830000	
0.651908	461872.000000	83.390000	
0.645643	461872.000000	81.480000	
0.638178	461872.000000	82.590000	
0.631267	461872.000000	83.160000	
0.624285	461872.000000	82.240000	
0.617454	461872.000000	83.620000	
0.611056	461872.000000	80.250000	
0.604653	461872.000000	83.410000	
0.598498	461872.000000	82.570000	
0.592313	461872.000000	82.190000	
0.585831	461872.000000	71.800000	
0.580011	461872.000000	81.850000	
0.573742	461872.000000	81.770000	
0.568460	461872.000000	80.460000	
0.562763	461872.000000	83.690000	
0.557114	461872.000000	84.600000	
0.551812	461872.000000	81.630000	
0.546826	461872.000000	83.200000	
0.542427	461872.000000	80.420000	
0.537725	461872.000000	84.270000	
0.533076	461872.000000	82.450000	
0.528915	461872.000000	82.170000	
0.524541	461872.000000	80.880000	
0.520154	461872.000000	81.090000	
0.515792	461872.000000	82.560000	
0.511428	461872.000000	84.050000	
0.507678	461872.000000	82.750000	
0.504010	461872.000000	79.470000	
0.500325	461872.000000	83.530000	
0.496623	461872.000000	83.150000	
0.493342	461872.000000	79.320000	
0.489623	461872.000000	78.130000	
0.485564	461872.000000	81.340000	
0.481731	461872.000000	75.820000	
0.478286	461872.000000	82.790000	
0.474293	461872.000000	81.330000	
0.471168	461872.000000	81.090000	
0.467501	461872.000000	84.570000	
0.464027	461872.000000	76.110000	
0.460680	461872.000000	82.280000	
0.457011	461872.000000	79.010000	
0.453004	461872.000000	80.030000	
0.449787	461872.000000	80.650000	
0.446928	461872.000000	82.810000	
0.443452	461872.000000	82.800000	
0.440306	461872.000000	84.390000	
0.437605	461872.000000	81.220000	
0.434486	461872.000000	83.020000	
0.431045	461872.000000	84.320000	
0.427257	461872.000000	84.410000	
0.424685	461872.000000	83.490000	
0.421879	461872.000000	81.040000	
0.417949	461872.000000	83.170000	
0.414716	461872.000000	83.420000	
0.412082	461872.000000	83.710000	
0.408943	461872.000000	82.780000	
0.405160	461872.000000	84.930000	
0.401941	461872.000000	83.340000	
0.399431	461872.000000	72.490000	
0.396789	461872.000000	84.150000	
0.394358	461872.000000	85.340000	
0.390352	461872.000000	83.120000	
0.387759	461872.000000	82.590000	
0.385784	461872.000000	82.930000	
0.382889	461872.000000	79.960000	
0.380218	461872.000000	83.860000	
0.377377	461872.000000	84.870000	
0.374069	461872.000000	78.500000	
0.371236	461872.000000	80.720000	
0.368968	461872.000000	79.840000	
0.365619	461872.000000	82.430000	
0.362942	461872.000000	82.470000	
0.359753	461872.000000	84.080000	
0.357605	461872.000000	84.760000	
0.355288	461872.000000	84.050000	
0.351998	461872.000000	81.940000	
0.349487	461872.000000	85.490000	
0.346639	461872.000000	84.930000	
0.343930	461872.000000	76.520000	
0.342073	461872.000000	82.790000	
0.339215	461872.000000	78.150000	
0.337155	461872.000000	82.830000	
0.334410	461872.000000	82.960000	
0.331701	461872.000000	81.040000	
0.329584	461872.000000	84.150000	
0.326900	461872.000000	84.000000	
0.323650	461872.000000	79.060000	
0.321680	461872.000000	84.800000	
0.318621	461872.000000	83.710000	
0.316668	461872.000000	79.470000	
0.313363	461872.000000	82.380000	
0.311275	461872.000000	84.210000	
0.308523	461872.000000	82.090000	
0.306408	461872.000000	83.530000	
0.304186	461872.000000	84.180000	
0.301483	461872.000000	84.240000	
0.298925	461872.000000	85.320000	
0.296370	461872.000000	78.770000	
0.293957	461872.000000	83.900000	
0.291680	461872.000000	81.210000	
0.289449	461872.000000	82.040000	
0.287021	461872.000000	81.980000	
0.284297	461872.000000	83.120000	
0.282754	461872.000000	84.100000	
0.279850	461872.000000	83.460000	
0.277263	461872.000000	83.690000	
0.275267	461872.000000	81.880000	
