Regularisierer	Zielgroesse	Top1	
23.948650	461872.000000	38.260000	
22.465008	461872.000000	46.560000	
20.979185	461872.000000	51.380000	
19.494972	461872.000000	53.860000	
18.013203	461872.000000	57.380000	
4.254649	461872.000000	99.020000	
3.182257	461872.000000	97.020000	
2.471789	461872.000000	52.920000	
2.023815	461872.000000	90.240000	
1.709280	461872.000000	83.640000	
3.269926	428176.000000	99.700000	
2.730999	428176.000000	98.560000	
2.289221	428176.000000	96.640000	
1.955736	428176.000000	95.040000	
1.700250	428176.000000	68.580000	
