Regularisierer	Zielgroesse	Top1	Trainingszeit	
0.542829	17326400.000000	41.130000	21.643050	
0.300282	17326400.000000	50.790000	21.880570	
0.180735	17326400.000000	51.870000	22.335450	
0.138067	17326400.000000	61.730000	22.445450	
0.121531	17326400.000000	48.730000	22.594823	
0.116151	17326400.000000	59.820000	22.815491	
0.114334	17326400.000000	42.820000	22.620395	
0.113869	17326400.000000	52.050000	22.443882	
0.112647	17326400.000000	60.000000	22.854430	
0.112065	17326400.000000	61.090000	23.498745	
0.112228	17326400.000000	71.410000	23.054998	
0.111987	17326400.000000	57.490000	22.800250	
0.111578	17326400.000000	65.640000	22.388385	
0.112210	17326400.000000	64.580000	22.813256	
0.112931	17326400.000000	58.640000	22.710366	
0.112144	17326400.000000	59.260000	22.500348	
0.111725	17326400.000000	56.450000	22.840055	
0.112908	17326400.000000	56.110000	22.804535	
0.111680	17326400.000000	65.070000	22.499499	
0.112151	17326400.000000	57.250000	22.322137	
0.112190	17326400.000000	60.130000	22.211040	
0.112555	17326400.000000	62.190000	22.660039	
0.111865	17326400.000000	61.140000	23.023897	
0.113242	17326400.000000	58.710000	22.712841	
0.111982	17326400.000000	68.620000	22.677500	
0.110732	17326400.000000	67.400000	22.806857	
0.109927	17326400.000000	70.980000	22.402140	
0.112724	17326400.000000	56.430000	22.782586	
0.116164	17326400.000000	66.080000	23.281508	
0.114209	17326400.000000	63.870000	22.534012	
1.513856	69342064.000000	61.710000	26.798911	
0.699261	69342064.000000	61.650000	26.541845	
0.292157	69342064.000000	62.470000	26.991024	
0.215165	69342064.000000	61.520000	26.843542	
0.191518	69342064.000000	38.830000	26.970730	
0.188149	69342064.000000	57.730000	26.719058	
0.187667	69342064.000000	59.410000	26.540987	
0.187141	69342064.000000	48.700000	26.537919	
0.183566	69342064.000000	55.890000	27.120208	
0.182479	69342064.000000	58.950000	26.431856	
0.181521	69342064.000000	64.680000	26.225630	
0.188419	69342064.000000	48.250000	26.878226	
0.180783	69342064.000000	50.900000	26.260023	
0.178384	69342064.000000	59.720000	26.339654	
0.179084	69342064.000000	66.620000	26.411200	
0.177859	69342064.000000	58.040000	26.148696	
0.178674	69342064.000000	52.680000	26.429209	
0.178985	69342064.000000	56.490000	26.554549	
0.179919	69342064.000000	47.420000	25.604690	
0.179731	69342064.000000	44.040000	26.495811	
0.185026	69342064.000000	48.010000	26.614419	
0.178442	69342064.000000	70.030000	26.402226	
0.177975	69342064.000000	62.780000	26.007805	
0.176524	69342064.000000	42.000000	27.146858	
0.175845	69342064.000000	57.020000	27.151145	
0.174423	69342064.000000	38.320000	26.740545	
0.175015	69342064.000000	65.690000	26.995598	
0.173852	69342064.000000	58.420000	26.599738	
0.172177	69342064.000000	53.550000	26.658045	
0.171352	69342064.000000	39.970000	26.611795	
1.360394	71125280.000000	56.600000	34.106683	
0.797311	71125280.000000	43.140000	34.225387	
0.365655	71125280.000000	47.690000	33.943092	
0.223385	71125280.000000	55.750000	34.266846	
0.193351	71125280.000000	22.360000	33.924695	
0.186821	71125280.000000	62.020000	34.170637	
0.176935	71125280.000000	25.730000	34.738842	
0.272036	71125280.000000	49.330000	34.574474	
0.190340	71125280.000000	62.400000	34.224939	
0.188945	71125280.000000	65.490000	34.433538	
0.270457	71125280.000000	49.240000	34.120425	
0.256235	71125280.000000	51.570000	34.217037	
0.229405	71125280.000000	38.430000	34.179437	
0.237327	71125280.000000	62.070000	34.830958	
0.178952	71125280.000000	52.270000	33.938653	
0.170639	71125280.000000	61.220000	34.734692	
0.189408	71125280.000000	53.170000	33.962277	
0.173283	71125280.000000	63.300000	33.638705	
0.168677	71125280.000000	65.220000	34.268709	
0.173237	71125280.000000	49.760000	34.558484	
0.164670	71125280.000000	57.290000	34.889246	
0.174444	71125280.000000	57.370000	33.770058	
0.169470	71125280.000000	52.320000	33.631031	
0.171625	71125280.000000	69.600000	33.477999	
0.169851	71125280.000000	42.180000	33.431069	
0.170681	71125280.000000	65.100000	33.375886	
0.173118	71125280.000000	64.970000	33.532058	
0.170759	71125280.000000	58.470000	33.748260	
