LearningRate	TrainLoss	ValidLoss	TrainAcc.	ValidAcc.	TrainEpochTime(s)	TestEpochTime(s)	
0.100000	2.332076	1.525933	35.444000	44.220000	192.593718	3.699166	
0.100000	1.726057	1.300223	56.738000	56.250000	201.186617	3.502819	
0.100000	1.391705	1.102623	67.694000	63.350000	199.236706	3.604857	
0.100000	1.192384	1.054646	73.358000	65.480000	199.450748	3.545761	
0.100000	1.064761	1.071508	76.580000	65.530000	185.421872	3.143353	
0.100000	0.976235	0.931221	78.702000	68.120000	197.744853	3.937782	
0.100000	0.929193	0.819998	79.602000	73.310000	201.358871	3.724081	
0.100000	0.873647	0.624907	80.860000	78.720000	201.539839	3.692716	
0.100000	0.842513	0.611861	81.530000	79.000000	200.577965	3.379838	
0.100000	0.824187	0.909128	81.778000	72.020000	184.059621	3.059359	
0.100000	0.800467	1.860788	82.372000	57.130000	198.235291	3.583874	
0.100000	0.789601	1.053412	82.742000	67.970000	199.542631	3.479852	
0.100000	0.777471	0.843512	83.118000	73.470000	200.982109	3.511625	
0.100000	0.781131	0.743885	83.142000	75.240000	200.340039	3.259490	
0.100000	0.769212	0.723616	83.342000	77.360000	182.980164	3.017135	
0.100000	0.752450	0.697472	83.958000	76.450000	197.115580	3.579449	
0.100000	0.753273	0.920496	83.852000	71.290000	200.636025	3.366069	
0.100000	0.749907	0.948623	84.006000	71.700000	199.898915	3.450062	
0.100000	0.745900	0.681998	83.908000	78.550000	200.735065	3.363991	
0.100000	0.736671	0.864285	84.238000	74.190000	182.019242	3.088305	
0.100000	0.729401	1.334203	84.648000	64.770000	197.387067	3.655091	
0.100000	0.737358	0.812355	84.402000	75.420000	201.344173	3.519176	
0.100000	0.733392	0.856373	84.612000	74.180000	200.140553	3.670529	
0.100000	0.725110	0.664684	84.780000	78.690000	200.106272	3.491691	
0.100000	0.717024	0.882567	85.220000	70.820000	182.771561	3.108738	
0.100000	0.708310	1.088038	85.460000	68.000000	198.194225	3.720710	
0.100000	0.721229	0.916601	84.944000	72.920000	201.588675	3.583229	
0.100000	0.713753	0.781212	85.304000	75.170000	201.899373	3.519148	
0.100000	0.710941	0.712692	85.498000	77.460000	200.547169	3.370519	
0.100000	0.707079	0.630100	85.400000	79.510000	179.947769	3.363744	
0.100000	0.698892	0.668479	85.718000	77.650000	198.125672	3.512986	
0.100000	0.702957	0.691204	85.652000	77.120000	199.215912	3.406352	
0.100000	0.698261	0.634630	85.762000	79.390000	198.833098	3.318842	
0.100000	0.700352	0.823629	85.704000	75.030000	198.632483	3.333277	
0.100000	0.694762	0.600262	85.984000	80.040000	176.915236	2.830076	
0.100000	0.689381	0.964862	85.980000	71.350000	197.468976	3.556932	
0.100000	0.688990	0.511396	86.182000	83.150000	198.797865	3.430570	
0.100000	0.690675	0.809753	86.082000	73.350000	199.314273	3.395413	
0.100000	0.690035	0.588592	86.096000	80.790000	197.915727	3.276858	
0.100000	0.686407	0.550240	86.420000	82.010000	175.095087	2.723064	
0.100000	0.680364	0.796463	86.144000	74.190000	199.112042	3.808226	
0.100000	0.685184	0.528503	86.120000	81.950000	199.066700	3.560764	
0.100000	0.684857	1.010593	86.206000	69.250000	198.441864	3.492213	
0.100000	0.685508	0.630155	86.156000	79.270000	196.579539	3.646879	
0.100000	0.682318	0.866914	86.322000	75.170000	179.089594	2.998655	
0.100000	0.669613	0.689712	86.778000	79.190000	206.647625	4.169416	
0.100000	0.681912	0.773918	86.208000	74.960000	205.933241	3.738701	
0.100000	0.679673	0.751174	86.424000	76.920000	207.918749	3.921224	
0.100000	0.678089	0.708767	86.256000	77.330000	204.238376	3.290437	
0.100000	0.673752	0.754165	86.594000	76.700000	183.237342	2.990928	
0.100000	0.666554	0.645781	86.748000	78.100000	209.443007	4.237115	
0.100000	0.678077	0.800689	86.266000	75.600000	206.449545	3.892754	
0.100000	0.674164	0.834587	86.468000	75.150000	207.367571	3.976312	
0.100000	0.676170	0.568580	86.348000	81.890000	200.163687	3.488116	
0.100000	0.662214	0.580214	86.860000	80.660000	185.306446	3.425833	
0.100000	0.662155	0.528268	86.912000	82.770000	207.471206	4.323771	
0.100000	0.669950	0.585566	86.706000	80.720000	205.783000	3.962913	
0.100000	0.666246	0.589366	86.686000	81.100000	205.384873	3.929660	
0.100000	0.666890	0.641349	86.586000	80.060000	197.426042	3.708438	
0.100000	0.658725	0.548522	86.848000	82.290000	185.191477	3.917826	
0.100000	0.659662	0.543020	86.858000	82.500000	208.753821	4.108935	
0.100000	0.666238	0.953146	86.690000	72.670000	207.549230	3.936014	
0.100000	0.662660	0.633785	86.724000	80.030000	207.056828	3.654867	
0.100000	0.662030	0.565723	86.888000	82.070000	198.448995	3.716143	
0.100000	0.660513	0.555975	86.820000	82.030000	188.526776	3.591391	
0.100000	0.651791	0.533034	87.054000	81.860000	207.396023	4.538543	
0.100000	0.663172	0.692276	86.788000	78.010000	205.976028	3.831690	
0.100000	0.658310	0.719222	86.892000	77.790000	204.770318	3.754008	
0.100000	0.659375	0.551232	86.884000	81.950000	196.288665	3.786720	
0.100000	0.661363	0.539711	86.870000	81.890000	190.769075	3.586536	
0.100000	0.646216	0.852862	87.208000	74.760000	208.712614	4.094746	
0.100000	0.658212	0.564519	86.928000	81.680000	205.162818	3.576848	
0.100000	0.658492	0.652573	86.958000	79.270000	206.222149	3.487435	
0.100000	0.665977	0.652482	86.722000	80.280000	185.134180	3.736141	
0.100000	0.654667	0.533461	87.062000	82.340000	191.333831	3.339494	
0.100000	0.647748	0.685589	87.388000	78.700000	209.210071	4.158964	
0.100000	0.657488	1.086036	86.978000	69.950000	207.181937	3.465520	
0.100000	0.652245	0.761752	87.032000	75.680000	207.146140	3.578470	
0.100000	0.656727	0.540791	86.924000	82.820000	188.567694	3.480719	
0.100000	0.650821	0.713525	87.174000	77.160000	181.652484	3.747669	
0.100000	0.646750	0.622918	87.214000	80.360000	206.790897	4.305076	
0.100000	0.651651	0.589906	87.092000	81.240000	204.719077	3.641032	
0.100000	0.656862	0.658648	86.998000	78.100000	202.544698	3.529108	
0.100000	0.650589	0.821917	87.128000	75.420000	188.928552	3.770552	
0.100000	0.652587	0.549721	86.954000	81.630000	186.624612	3.779702	
0.100000	0.644184	0.787359	87.256000	74.000000	208.562428	4.119919	
0.100000	0.652890	0.621154	86.990000	79.110000	205.555777	3.926117	
0.100000	0.656419	0.727429	87.048000	76.800000	196.329601	3.843578	
0.100000	0.652142	0.700197	86.996000	76.450000	198.056708	3.595400	
0.100000	0.646633	0.579429	87.212000	81.160000	191.198419	3.667157	
0.100000	0.640547	0.574959	87.408000	81.300000	208.554238	4.081121	
0.100000	0.649275	0.555087	87.192000	80.500000	198.361019	3.818882	
0.010000	0.513317	0.264671	91.852000	90.830000	206.784538	3.590420	
0.001000	0.464675	0.256826	93.474000	90.910000	189.442012	3.546299	
0.000100	0.458704	0.257508	93.600000	91.030000	196.671391	3.536416	
0.010000	0.457445	0.255400	93.496000	91.040000	205.945572	4.215783	
0.001000	0.431484	0.246758	94.386000	91.450000	194.855430	3.654650	
0.000100	0.429352	0.248547	94.390000	91.420000	205.081453	3.665403	
0.000010	0.427708	0.246200	94.550000	91.570000	184.937063	3.595765	
0.000001	0.429596	0.247740	94.400000	91.530000	196.503744	3.614734	
0.010000	0.432652	0.247072	94.266000	91.560000	198.723007	3.969503	
0.001000	0.412168	0.238610	94.836000	91.750000	204.667813	3.606396	
0.000100	0.409609	0.238170	94.904000	91.900000	205.405996	3.842432	
0.000010	0.407325	0.239163	94.946000	91.670000	188.903918	3.667787	
0.000001	0.408565	0.240476	94.950000	91.660000	196.501896	3.638084	
0.010000	0.415218	0.248597	94.622000	91.840000	199.426254	4.231300	
0.001000	0.395394	0.236701	95.254000	91.920000	205.813038	3.408823	
0.000100	0.392143	0.237655	95.288000	92.030000	201.191761	3.463244	
0.000010	0.392197	0.237903	95.276000	91.930000	190.970363	3.544210	
0.000001	0.390852	0.236231	95.356000	91.930000	192.515662	3.282822	
0.010000	0.399159	0.251775	94.886000	91.770000	206.582315	4.262035	
0.001000	0.381426	0.237791	95.442000	92.180000	205.178928	3.935076	
0.000100	0.374785	0.234931	95.834000	92.110000	198.413141	3.794912	
0.000010	0.377787	0.235794	95.676000	92.050000	197.357550	3.636141	
0.000001	0.375387	0.233970	95.652000	92.080000	186.718927	3.721753	
0.010000	0.386613	0.245045	95.204000	91.910000	208.508152	3.916648	
0.001000	0.368666	0.234740	95.790000	92.180000	204.787649	3.601142	
0.000100	0.361153	0.234029	95.994000	92.310000	197.559951	3.570201	
0.000010	0.363188	0.239947	96.040000	92.160000	188.364513	3.568932	
0.000001	0.361756	0.233109	96.124000	92.190000	195.686064	3.626256	
0.010000	0.372575	0.265244	95.466000	91.390000	207.457102	4.309978	
0.001000	0.357794	0.235612	95.990000	92.190000	204.503323	3.404139	
0.000100	0.351927	0.235518	96.230000	92.090000	197.795311	3.417264	
0.000010	0.348001	0.236433	96.364000	92.110000	189.019635	3.720386	
0.000001	0.348121	0.235216	96.326000	92.280000	196.700948	3.853349	
0.010000	0.364857	0.256842	95.616000	91.760000	207.772170	4.155695	
0.001000	0.344941	0.235591	96.272000	92.440000	197.459856	3.482408	
0.000100	0.336949	0.234760	96.590000	92.320000	195.553361	3.663611	
0.000010	0.338726	0.235657	96.550000	92.260000	196.491554	3.759464	
0.000001	0.339785	0.235655	96.412000	92.400000	196.261740	3.780492	
0.010000	0.353932	0.254987	95.806000	91.620000	207.006874	4.070776	
0.001000	0.335255	0.239610	96.448000	92.070000	195.446086	3.358731	
0.000100	0.328298	0.239528	96.726000	92.070000	197.971006	3.510514	
0.000010	0.327719	0.238865	96.722000	92.050000	196.685229	3.547440	
0.000001	0.326100	0.237337	96.854000	92.180000	196.959589	3.536135	
0.010000	0.344109	0.266970	95.996000	91.650000	208.149645	3.794385	
0.001000	0.325380	0.239580	96.678000	92.310000	186.423585	3.649040	
0.000100	0.318727	0.241675	96.888000	92.270000	204.939892	3.471665	
0.000010	0.316488	0.241906	97.086000	92.470000	197.767023	3.613845	
0.000001	0.317626	0.240714	96.942000	92.410000	195.565277	3.566259	
0.010000	0.335004	0.270335	96.166000	91.570000	198.661660	3.890908	
0.001000	0.315165	0.240271	96.898000	92.320000	198.133148	3.628068	
0.000100	0.308058	0.237887	97.132000	92.450000	204.566886	3.514443	
0.000010	0.306748	0.238778	97.242000	92.320000	194.994434	3.523025	
0.000001	0.306725	0.239788	97.316000	92.330000	196.099323	3.575337	
0.010000	0.328088	0.269407	96.372000	91.500000	189.111303	4.662762	
0.001000	0.309270	0.234774	96.958000	92.410000	203.013605	3.840981	
0.000100	0.299361	0.236319	97.328000	92.420000	203.687073	3.880745	
0.000010	0.298636	0.235040	97.388000	92.380000	193.926839	3.710299	
0.000000	0.298523	0.236567	97.368000	92.380000	194.392916	3.559336	
0.001000	0.298878	0.236459	97.332000	92.540000	200.118466	4.188079	
0.000010	0.295086	0.235237	97.546000	92.450000	204.974081	3.790520	
0.000000	0.294420	0.233997	97.540000	92.400000	203.711749	3.599729	
0.000000	0.294870	0.234567	97.446000	92.470000	198.045462	3.772366	
0.000000	0.293744	0.235093	97.528000	92.470000	183.767411	3.755468	
0.001000	0.293643	0.241344	97.572000	92.370000	201.633877	4.345717	
0.000010	0.290465	0.238325	97.664000	92.430000	206.888728	4.013584	
0.000000	0.292381	0.237100	97.578000	92.410000	205.065728	3.937458	
0.000000	0.292039	0.239824	97.630000	92.400000	193.307716	3.434974	
0.000000	0.292953	0.241356	97.538000	92.420000	191.469193	4.044226	
0.001000	0.291821	0.237121	97.602000	92.490000	207.219371	4.878755	
0.000010	0.287868	0.236104	97.736000	92.460000	206.994350	3.653241	
0.000000	0.288141	0.237685	97.680000	92.360000	207.435161	3.563497	
0.000000	0.289109	0.237552	97.644000	92.440000	187.835547	3.610466	
0.000000	0.289681	0.236655	97.678000	92.370000	193.659627	3.359232	
0.001000	0.289933	0.240074	97.594000	92.490000	206.934049	3.814256	
0.000010	0.285649	0.237799	97.804000	92.450000	206.502968	3.430156	
0.000000	0.287344	0.240758	97.724000	92.490000	189.353052	2.868889	
0.000000	0.285357	0.238491	97.790000	92.580000	154.000754	2.892126	
0.000000	0.287254	0.238201	97.704000	92.460000	142.886030	2.801775	
0.001000	0.288146	0.238081	97.640000	92.410000	165.955345	3.081785	
0.000010	0.284626	0.239444	97.802000	92.350000	164.535850	2.846915	
0.000000	0.282347	0.239754	97.834000	92.590000	163.547202	2.777091	
0.000000	0.283517	0.240117	97.886000	92.430000	153.397792	2.751742	
0.000000	0.284385	0.240000	97.802000	92.600000	110.823493	2.161146	
0.001000	0.286415	0.239967	97.722000	92.550000	121.934304	2.538176	
0.000010	0.282336	0.238654	97.848000	92.500000	121.748698	2.282364	
0.000000	0.282735	0.239065	97.778000	92.520000	120.726378	2.260349	
0.000000	0.281886	0.240139	97.828000	92.590000	89.021312	1.844589	
0.000000	0.281839	0.241337	97.844000	92.620000	33.678959	1.173310	
