LearningRate	TrainLoss	ValidLoss	TrainAcc.	ValidAcc.	TrainEpochTime(s)	TestEpochTime(s)	
0.100000	1.706216	1.681096	36.154000	41.790000	17.152012	1.010124	
0.100000	1.267924	1.625814	53.960000	43.890000	17.334892	1.010485	
0.100000	1.067970	1.506253	61.604000	52.090000	17.426524	0.957426	
0.100000	0.926458	1.074415	67.060000	62.660000	17.247537	0.989609	
0.100000	0.838034	1.274415	70.532000	61.400000	17.373842	1.049120	
0.100000	0.758903	0.937641	73.300000	68.910000	17.232511	0.963465	
0.100000	0.722932	0.938573	74.918000	67.540000	17.335797	1.002690	
0.100000	0.682672	1.155872	76.308000	65.650000	17.216506	1.006989	
0.100000	0.654340	1.049175	77.256000	67.890000	17.188134	0.974796	
0.100000	0.634020	0.921363	78.140000	70.020000	17.287199	0.981687	
0.100000	0.599627	1.041547	79.188000	68.420000	17.223520	0.977479	
0.100000	0.592291	1.046345	79.750000	67.920000	17.242568	0.976762	
0.100000	0.585945	0.866323	79.680000	71.490000	17.260453	1.009100	
0.100000	0.570748	0.849491	80.418000	71.970000	17.084628	1.005745	
0.100000	0.558343	0.918995	80.708000	71.860000	17.010447	1.006102	
0.100000	0.547508	0.839340	81.246000	73.470000	17.590568	0.998078	
0.100000	0.538108	0.912335	81.438000	71.930000	17.550953	1.013927	
0.100000	0.534072	0.814905	81.740000	73.160000	17.705512	0.999052	
0.100000	0.520022	1.460692	82.014000	62.250000	17.651165	0.992239	
0.100000	0.518087	0.876723	81.992000	72.320000	17.692905	0.981134	
0.100000	0.505150	0.989294	82.582000	70.540000	17.363191	0.973567	
0.100000	0.507077	0.831698	82.468000	74.190000	17.329957	0.992286	
0.100000	0.504706	0.888517	82.586000	71.380000	17.132561	1.089350	
0.100000	0.493748	1.324604	83.030000	60.290000	17.400431	0.997657	
0.100000	0.496489	0.635161	82.936000	78.610000	17.355912	1.001920	
0.100000	0.486028	0.693173	83.054000	77.850000	17.190407	0.980374	
0.100000	0.485631	0.729404	83.368000	75.410000	17.228029	0.985299	
0.100000	0.489346	0.530882	83.344000	81.650000	17.272527	1.009127	
0.100000	0.482399	0.877936	83.430000	72.460000	17.220200	1.000845	
0.100000	0.479289	0.744117	83.450000	74.700000	17.056195	0.970199	
0.100000	0.465584	0.769769	83.954000	75.760000	16.978459	1.052670	
0.100000	0.472698	0.708443	83.916000	76.900000	17.073422	0.987982	
0.100000	0.469392	0.696340	83.834000	77.070000	17.253409	0.974428	
0.100000	0.468221	0.609819	83.876000	79.970000	17.117350	1.003585	
0.100000	0.468206	0.688220	83.916000	77.150000	17.220390	0.965912	
0.100000	0.460300	0.624031	84.202000	78.920000	17.189865	0.984151	
0.100000	0.469105	0.844762	83.800000	72.150000	17.169015	0.993715	
0.100000	0.458677	0.782451	84.210000	75.440000	17.284977	1.012336	
0.100000	0.458736	0.787639	83.948000	76.400000	17.213629	1.004540	
0.100000	0.461045	0.681516	84.028000	76.910000	17.111817	0.997952	
0.100000	0.450874	0.681816	84.500000	76.670000	17.326044	1.030915	
0.100000	0.452080	0.913642	84.274000	72.330000	17.320491	0.980951	
0.100000	0.444911	0.843585	84.730000	73.700000	17.213207	1.041154	
0.100000	0.451854	0.832877	84.340000	72.860000	17.293621	0.985778	
0.100000	0.448460	0.820569	84.642000	73.730000	17.297181	1.020169	
0.100000	0.440029	0.609626	84.898000	80.280000	17.187099	0.985381	
0.100000	0.447446	0.634039	84.490000	79.330000	17.116532	1.004829	
0.100000	0.441389	0.689091	84.856000	77.920000	17.480521	0.972099	
0.100000	0.440149	1.306914	84.820000	63.950000	17.081277	1.021849	
0.100000	0.439125	0.761153	84.826000	74.940000	17.099715	1.137762	
0.100000	0.435762	0.664532	85.034000	78.350000	17.233730	1.027673	
0.100000	0.434743	0.642121	85.146000	79.130000	17.231486	0.989475	
0.100000	0.436092	0.784423	85.024000	75.780000	17.243860	1.028541	
0.100000	0.435682	0.826826	85.008000	74.190000	17.261666	1.006856	
0.100000	0.432386	0.822246	85.028000	74.240000	17.360677	1.031689	
0.100000	0.426713	0.771403	85.370000	75.990000	17.132215	1.023131	
0.100000	0.431198	0.584862	85.180000	80.570000	17.545303	1.001554	
0.100000	0.424264	0.755656	85.214000	76.000000	17.170204	0.997570	
0.100000	0.427559	0.624648	85.302000	78.850000	17.282130	0.975298	
0.100000	0.430323	0.679024	85.226000	77.980000	17.286488	1.037511	
0.100000	0.422159	1.133699	85.450000	67.760000	17.431671	1.049701	
0.100000	0.432339	0.638120	85.024000	79.320000	17.560010	1.019012	
0.100000	0.423798	0.783821	85.456000	75.480000	17.351260	1.038562	
0.100000	0.421723	0.651187	85.556000	78.990000	17.444106	1.048573	
0.100000	0.421915	0.900021	85.620000	74.230000	17.417174	0.972816	
0.100000	0.418689	0.671222	85.474000	77.900000	17.372967	0.964790	
0.100000	0.424427	0.580833	85.342000	80.870000	17.319293	1.016740	
0.100000	0.416185	0.573925	85.788000	81.050000	17.290704	0.991380	
0.100000	0.418963	1.013208	85.354000	72.370000	17.292822	0.990397	
0.100000	0.420039	1.087811	85.512000	67.490000	17.274957	1.067763	
0.100000	0.410464	0.761131	85.866000	77.260000	17.325055	0.991820	
0.100000	0.415851	0.661240	85.680000	78.240000	17.322531	1.010436	
0.100000	0.411850	0.547276	85.816000	82.210000	17.397263	0.986572	
0.100000	0.415741	0.673137	85.678000	78.820000	17.290146	0.996177	
0.100000	0.413523	0.855432	85.852000	74.820000	17.213856	0.998591	
0.100000	0.406932	0.619025	86.046000	78.300000	17.468260	0.964450	
0.100000	0.415973	0.779073	85.642000	76.520000	17.540837	1.034551	
0.100000	0.403218	0.749570	86.198000	77.660000	18.076665	0.990950	
0.100000	0.419019	0.701785	85.456000	77.270000	18.007185	0.986820	
0.100000	0.410988	0.593925	85.874000	80.600000	17.529372	1.014980	
0.100000	0.399595	0.956727	86.296000	73.380000	17.199246	0.992907	
0.100000	0.410710	0.660571	86.032000	77.620000	17.540618	1.008695	
0.100000	0.407396	0.760712	85.846000	75.580000	17.507786	1.005224	
0.100000	0.410478	0.773688	85.766000	76.800000	17.359762	1.011185	
0.100000	0.410411	0.670287	85.866000	78.770000	17.235789	1.028954	
0.100000	0.405272	0.711799	85.972000	77.480000	17.898334	0.986086	
0.100000	0.409586	0.712450	85.784000	77.950000	17.550698	0.964369	
0.100000	0.408735	1.054030	85.864000	71.070000	17.335268	0.980081	
0.100000	0.409436	0.613112	86.004000	79.360000	17.449360	1.030200	
0.100000	0.399599	0.771735	86.192000	75.160000	17.218104	1.013426	
0.100000	0.399863	0.642569	86.252000	78.860000	16.918970	1.033186	
0.100000	0.402907	0.532497	86.032000	81.460000	17.051334	1.002879	
0.010000	0.285832	0.332182	90.288000	88.500000	16.581618	0.998938	
0.010000	0.247349	0.325845	91.554000	89.040000	17.090911	1.083774	
0.010000	0.233999	0.325617	92.032000	89.070000	17.290307	0.994839	
0.010000	0.225994	0.326600	92.328000	88.870000	17.361264	0.995978	
0.010000	0.217684	0.318532	92.554000	89.320000	17.413532	1.003094	
0.010000	0.211094	0.315540	92.734000	89.270000	17.351373	0.984468	
0.010000	0.207367	0.320655	92.938000	89.270000	17.533751	1.184116	
0.010000	0.199987	0.325224	93.192000	89.160000	17.540448	1.341181	
0.010000	0.200673	0.331786	93.046000	89.230000	17.323519	0.995150	
0.010000	0.192501	0.330457	93.438000	89.290000	17.428262	0.977836	
0.010000	0.191027	0.326502	93.506000	89.260000	17.349257	1.041435	
0.010000	0.186322	0.334926	93.582000	89.460000	17.377767	0.995908	
0.010000	0.181946	0.336632	93.696000	89.490000	17.417934	0.999057	
0.010000	0.182735	0.337216	93.646000	89.520000	17.208600	0.993375	
0.010000	0.180998	0.332938	93.694000	89.520000	17.231165	1.023860	
0.010000	0.178330	0.341050	93.882000	89.020000	17.367577	1.004935	
0.010000	0.178058	0.335858	93.944000	89.160000	17.294325	0.980309	
0.010000	0.175975	0.362458	93.974000	88.660000	17.034931	1.041258	
0.010000	0.173585	0.373823	93.980000	88.510000	17.276745	0.998383	
0.010000	0.171792	0.373255	94.104000	88.640000	17.243021	1.024143	
0.010000	0.170839	0.351338	94.076000	89.250000	17.089806	1.024222	
0.010000	0.166551	0.342803	94.206000	89.080000	17.295493	1.036605	
0.010000	0.163480	0.365657	94.428000	88.500000	17.347961	1.000388	
0.010000	0.165719	0.367441	94.304000	88.510000	17.262471	1.012585	
0.010000	0.166419	0.339742	94.144000	89.010000	17.355759	1.003776	
0.010000	0.165759	0.374870	94.260000	88.680000	17.445374	0.993725	
0.010000	0.165405	0.358870	94.282000	88.580000	17.389964	1.042359	
0.010000	0.159468	0.363955	94.412000	88.800000	17.332081	0.983190	
0.010000	0.159166	0.346027	94.560000	89.150000	17.420758	1.509233	
0.010000	0.163328	0.389158	94.388000	88.180000	17.842811	1.008889	
0.010000	0.161704	0.410906	94.412000	88.050000	17.540694	1.005586	
0.010000	0.160504	0.370524	94.386000	88.530000	17.643381	1.058050	
0.010000	0.159618	0.371939	94.402000	88.810000	17.570947	1.003824	
0.010000	0.159082	0.398854	94.410000	87.820000	17.468621	1.044553	
0.010000	0.157774	0.375905	94.470000	88.020000	17.552675	1.005733	
0.010000	0.158827	0.373923	94.398000	88.660000	17.438090	1.020645	
0.010000	0.161137	0.394015	94.414000	88.330000	17.364038	1.033966	
0.010000	0.157976	0.380019	94.484000	88.330000	17.331143	0.990890	
0.010000	0.157344	0.417436	94.576000	87.570000	17.426654	1.013571	
0.010000	0.159307	0.373400	94.434000	88.800000	17.340106	0.980344	
0.010000	0.159392	0.363260	94.378000	88.980000	17.330194	1.015113	
0.010000	0.160865	0.395501	94.378000	88.000000	17.426605	1.029137	
0.010000	0.158108	0.407792	94.514000	88.370000	17.367104	1.017987	
0.010000	0.154159	0.380281	94.628000	88.930000	17.278526	1.044188	
0.010000	0.156159	0.384588	94.402000	88.600000	17.344538	0.997455	
0.010000	0.158806	0.360372	94.428000	88.680000	17.192685	1.030477	
0.010000	0.155905	0.417689	94.486000	87.660000	17.313838	1.020946	
0.010000	0.159268	0.375753	94.400000	88.790000	17.325594	1.042596	
0.010000	0.157075	0.420947	94.464000	87.790000	17.661909	1.080127	
0.010000	0.154269	0.357243	94.694000	89.290000	17.560556	1.009933	
0.010000	0.159573	0.403033	94.380000	88.110000	17.433958	0.973649	
0.010000	0.158899	0.390275	94.354000	88.240000	17.412314	1.008587	
0.010000	0.157331	0.438189	94.520000	87.110000	17.404108	0.990096	
0.010000	0.155749	0.401217	94.592000	88.020000	17.277164	1.003448	
0.010000	0.154746	0.410646	94.632000	87.850000	17.247493	1.005829	
0.010000	0.156905	0.442687	94.560000	87.400000	17.306044	1.024098	
0.010000	0.159205	0.414732	94.460000	87.970000	17.378021	1.008871	
0.001000	0.124458	0.320512	95.896000	90.110000	17.332871	0.990111	
0.001000	0.108589	0.323971	96.408000	90.070000	17.028310	0.985347	
0.001000	0.103509	0.322938	96.630000	90.210000	17.142309	0.998924	
0.001000	0.101343	0.326737	96.714000	90.130000	17.103157	0.982770	
0.001000	0.099750	0.325335	96.772000	90.280000	17.049742	0.974219	
0.001000	0.096229	0.322483	96.876000	90.170000	17.236569	1.034451	
0.001000	0.094623	0.325796	96.940000	90.250000	17.420104	1.011810	
0.001000	0.093635	0.326760	96.996000	90.200000	17.423074	0.973814	
0.001000	0.090976	0.326106	97.068000	90.250000	17.489982	1.003825	
0.001000	0.090406	0.334555	97.084000	90.210000	17.452534	1.031050	
0.001000	0.090761	0.331917	97.042000	90.130000	17.287793	1.037667	
0.001000	0.089298	0.332128	97.132000	90.340000	17.150717	0.975552	
0.001000	0.088570	0.331054	97.122000	90.320000	17.443737	1.008488	
0.001000	0.087542	0.335848	97.230000	90.310000	17.271620	0.976078	
0.001000	0.087504	0.334755	97.248000	90.170000	17.267953	0.989473	
0.001000	0.084119	0.333566	97.272000	90.380000	17.255878	0.996514	
0.001000	0.085986	0.334872	97.194000	90.190000	17.289073	0.995138	
0.001000	0.084339	0.334481	97.266000	90.250000	17.209156	1.016398	
0.001000	0.084048	0.337877	97.288000	90.150000	17.113056	0.993340	
0.001000	0.083161	0.339680	97.282000	90.260000	17.185960	0.965879	
0.001000	0.083767	0.341319	97.326000	90.030000	17.165577	1.034368	
0.001000	0.081077	0.337191	97.456000	90.050000	17.344037	0.991039	
0.001000	0.082293	0.339522	97.278000	90.010000	17.296806	1.032325	
0.001000	0.079849	0.340639	97.528000	90.090000	17.589358	0.985930	
0.001000	0.079570	0.339363	97.478000	90.320000	17.458700	0.992161	
0.001000	0.079249	0.342854	97.472000	90.060000	17.347995	1.028988	
0.001000	0.079663	0.338811	97.462000	90.140000	17.184135	0.989893	
0.001000	0.079702	0.340018	97.490000	90.090000	17.395748	1.006955	
0.001000	0.079166	0.342450	97.490000	90.040000	17.192143	1.005853	
0.001000	0.077216	0.343427	97.616000	90.100000	17.335566	1.042669	
0.001000	0.079701	0.342878	97.464000	90.170000	17.276173	1.053616	
0.100000	1.919150	1.795739	29.350000	36.480000	20.462501	1.137373	
0.100000	1.522084	2.373324	43.534000	35.690000	20.411644	1.180024	
0.100000	1.240335	1.752758	54.690000	44.660000	20.364676	1.143366	
0.100000	1.043737	1.136136	62.464000	59.200000	20.352543	1.117043	
0.100000	0.897808	0.944836	68.256000	66.850000	20.457988	1.178587	
0.100000	0.797669	1.121868	72.102000	64.400000	20.344605	1.150079	
0.100000	0.730271	0.865846	74.472000	70.120000	20.421340	1.138747	
0.100000	0.680814	0.790092	76.280000	73.010000	20.445719	1.148937	
0.100000	0.646338	0.812351	77.634000	72.410000	20.373636	1.159023	
0.100000	0.606975	1.131993	78.886000	65.700000	20.422319	1.143849	
0.100000	0.579817	0.894677	79.930000	70.550000	20.341037	1.151780	
0.100000	0.556453	0.694967	80.798000	76.670000	20.437339	1.192590	
0.100000	0.535912	0.849886	81.500000	72.040000	20.463754	1.135151	
0.100000	0.519380	0.750202	82.228000	75.940000	20.426069	1.156270	
0.100000	0.505945	0.934483	82.558000	71.210000	20.472167	1.170830	
0.100000	0.484338	0.587258	83.330000	80.350000	20.303375	1.148855	
0.100000	0.479657	1.104869	83.480000	68.350000	20.267656	1.149529	
0.100000	0.465741	0.791236	83.918000	74.470000	20.307255	1.121257	
0.100000	0.459471	0.767352	84.242000	75.440000	20.292698	1.123749	
0.100000	0.454404	0.615113	84.492000	79.160000	20.274839	1.172273	
0.100000	0.436564	0.567690	85.130000	80.700000	19.971212	1.141787	
0.100000	0.442328	0.565954	84.574000	81.130000	19.840595	1.177904	
0.100000	0.422076	0.687307	85.356000	78.040000	19.985180	1.114361	
0.100000	0.430579	0.569628	85.280000	81.650000	20.083637	1.101916	
0.100000	0.416754	0.676452	85.642000	77.980000	20.144703	1.128032	
0.100000	0.395155	0.763056	86.316000	75.020000	19.997280	1.147838	
0.100000	0.401502	0.894690	86.254000	74.180000	20.224460	1.160371	
0.100000	0.401819	0.755246	86.190000	75.730000	20.238695	1.111474	
0.100000	0.394104	0.673340	86.586000	78.630000	20.204318	1.147693	
0.100000	0.386834	0.650167	86.728000	78.970000	20.294644	1.151275	
0.100000	0.384037	0.644893	86.904000	78.990000	20.282166	1.190116	
0.100000	0.388322	0.987481	86.672000	71.710000	20.285648	1.189457	
0.100000	0.382764	0.670086	86.854000	78.860000	20.212277	1.167492	
0.100000	0.378891	0.620807	87.042000	79.890000	20.385141	1.135681	
0.100000	0.376990	0.969752	87.148000	72.680000	20.373783	1.157799	
0.100000	0.366390	0.870527	87.482000	73.840000	20.279831	1.161704	
0.100000	0.371301	0.567879	87.128000	81.290000	20.279487	1.167239	
0.100000	0.367673	0.662544	87.374000	79.120000	20.255655	1.155645	
0.100000	0.360192	0.767531	87.652000	75.900000	20.387541	1.171080	
0.100000	0.364990	0.608485	87.378000	80.090000	20.359544	1.139638	
0.100000	0.352076	0.695990	87.876000	77.550000	20.202445	1.181258	
0.100000	0.357723	1.089166	87.702000	69.550000	20.251287	1.141337	
0.100000	0.348932	0.509394	88.046000	83.340000	20.187014	1.156127	
0.100000	0.355115	0.935003	87.730000	73.020000	20.387851	1.163742	
0.100000	0.356150	0.503323	87.750000	82.890000	20.259971	1.223103	
0.100000	0.334321	0.686727	88.444000	77.740000	20.150843	1.179481	
0.100000	0.354636	0.512942	87.742000	82.550000	20.285029	1.167135	
0.100000	0.342030	0.754665	88.168000	77.550000	20.215118	1.151082	
0.100000	0.350915	0.639313	87.952000	79.890000	20.372822	1.157667	
0.100000	0.339071	0.728338	88.482000	77.800000	20.268997	1.150709	
0.100000	0.336200	0.719858	88.456000	77.220000	20.074592	1.157037	
0.100000	0.337592	0.640682	88.268000	80.380000	20.385814	1.162353	
0.100000	0.329272	0.553957	88.564000	81.840000	20.355893	1.149905	
0.100000	0.335758	0.856550	88.438000	75.270000	20.433320	1.139309	
0.100000	0.336366	0.699913	88.324000	78.130000	20.304755	1.153741	
0.100000	0.330184	0.773364	88.484000	75.160000	20.438344	1.151296	
0.100000	0.332939	0.536096	88.636000	82.270000	20.399817	1.194549	
0.100000	0.338642	0.567487	88.478000	80.770000	20.389509	1.126634	
0.100000	0.333101	0.678081	88.622000	79.090000	20.429426	1.131295	
0.100000	0.324270	0.935164	88.856000	73.340000	20.392443	1.140907	
0.100000	0.319421	0.864493	89.006000	74.820000	20.330365	1.205369	
0.100000	0.327823	0.710536	88.658000	79.590000	20.174933	1.132165	
0.100000	0.323241	0.635605	88.846000	79.910000	20.294623	1.134894	
0.100000	0.329096	0.530562	88.768000	82.890000	20.188041	1.146834	
0.100000	0.323240	0.621735	88.816000	80.090000	20.315008	1.155268	
0.100000	0.321197	0.463427	88.872000	84.420000	20.342993	1.168607	
0.100000	0.322398	0.595670	88.856000	80.770000	20.270004	1.141579	
0.100000	0.319734	0.475058	89.106000	84.190000	20.386879	1.157603	
0.100000	0.321725	0.450769	89.008000	84.800000	20.310502	1.151970	
0.100000	0.319876	0.645170	89.058000	79.960000	20.346464	1.135788	
0.100000	0.312997	0.577399	89.242000	81.810000	20.146646	1.138558	
0.100000	0.321476	0.624941	88.896000	81.020000	20.133974	1.167902	
0.100000	0.324318	0.464730	88.886000	84.520000	20.192808	1.119447	
0.100000	0.315596	0.750636	89.076000	78.600000	20.111557	1.187542	
0.100000	0.313623	0.505963	89.202000	83.790000	20.223298	1.155288	
0.100000	0.306674	0.512890	89.390000	82.750000	20.093235	1.161951	
0.100000	0.317489	0.576981	89.248000	81.640000	20.159259	1.132464	
0.100000	0.325009	0.595295	88.700000	80.580000	20.171690	1.129807	
0.100000	0.311346	1.070834	89.394000	70.170000	20.327039	1.177082	
0.100000	0.312166	0.580366	89.258000	80.880000	20.299253	1.137563	
0.100000	0.305647	0.681454	89.606000	79.730000	20.263999	1.128522	
0.100000	0.312014	0.628418	89.302000	80.160000	20.368782	1.156328	
0.100000	0.308336	0.626709	89.412000	81.280000	20.194117	1.140778	
0.100000	0.311077	0.603305	89.142000	80.900000	20.370049	1.165795	
0.100000	0.314345	0.613127	89.192000	79.530000	20.464576	1.178962	
0.100000	0.310287	0.690804	89.402000	78.350000	20.063759	1.167117	
0.100000	0.312064	0.609691	89.216000	81.130000	20.254079	1.161239	
0.010000	0.198546	0.266375	93.310000	91.040000	20.204160	1.116406	
0.010000	0.159448	0.254450	94.662000	91.090000	20.279692	1.149222	
0.010000	0.147357	0.250971	95.176000	91.700000	20.298379	1.176091	
0.010000	0.134756	0.253833	95.600000	91.210000	20.312307	1.137503	
0.010000	0.125248	0.248410	95.844000	91.770000	20.274921	1.129004	
0.010000	0.121432	0.247832	95.976000	91.720000	20.339558	1.145052	
0.010000	0.115254	0.254809	96.232000	91.560000	20.238786	1.137592	
0.010000	0.109841	0.259336	96.392000	91.390000	20.354553	1.150641	
0.010000	0.102804	0.258170	96.678000	91.590000	20.494271	1.181403	
0.010000	0.102358	0.270212	96.550000	91.380000	20.496233	1.200583	
0.010000	0.098272	0.255089	96.806000	91.670000	20.463711	1.130581	
0.010000	0.093080	0.259392	96.918000	91.860000	20.642329	1.168137	
0.010000	0.090134	0.263011	97.062000	91.910000	20.625773	1.157138	
0.010000	0.084641	0.263518	97.270000	91.730000	20.102879	1.141725	
0.010000	0.084339	0.269389	97.188000	91.740000	20.236266	1.130612	
0.010000	0.080706	0.270345	97.340000	91.680000	20.134005	1.116637	
0.010000	0.078297	0.271816	97.434000	91.620000	20.275934	1.136110	
0.010000	0.077957	0.281632	97.428000	91.410000	20.324360	1.134492	
0.010000	0.076404	0.273288	97.500000	91.750000	20.039793	1.124044	
0.010000	0.072193	0.275642	97.706000	91.610000	20.035998	1.175175	
0.010000	0.071275	0.287312	97.642000	91.530000	20.111653	1.116713	
0.010000	0.072131	0.308396	97.592000	91.010000	20.221300	1.164186	
0.010000	0.069941	0.297075	97.686000	91.480000	20.141786	1.148140	
0.010000	0.069065	0.294132	97.690000	91.440000	20.235952	1.163625	
0.010000	0.068275	0.293953	97.778000	91.370000	20.495343	1.143622	
0.010000	0.066832	0.283770	97.814000	91.690000	20.310854	1.145234	
0.010000	0.066101	0.316435	97.782000	90.990000	20.445001	1.159079	
0.010000	0.065918	0.290921	97.806000	91.600000	20.364242	1.142153	
0.010000	0.060250	0.331351	98.052000	90.590000	20.250123	1.147842	
0.010000	0.062171	0.304329	97.948000	91.100000	20.247206	1.163636	
0.010000	0.062505	0.331992	97.906000	90.530000	20.389648	1.160159	
0.010000	0.061931	0.319558	97.962000	90.730000	20.134795	1.148508	
0.010000	0.065220	0.329994	97.858000	90.820000	20.310376	1.182415	
0.010000	0.060320	0.319829	97.966000	90.960000	20.147405	1.122270	
0.010000	0.060510	0.331990	98.048000	90.560000	20.268440	1.172384	
0.010000	0.061960	0.333225	97.990000	90.820000	20.387254	1.136748	
0.010000	0.060761	0.335039	97.974000	90.810000	20.325092	1.147353	
0.010000	0.060915	0.325043	98.000000	90.810000	20.405945	1.154720	
0.010000	0.060591	0.343289	97.968000	90.660000	20.276895	1.157262	
0.010000	0.062330	0.334154	97.964000	90.790000	20.386207	1.137532	
0.010000	0.059995	0.330648	98.100000	90.640000	20.362009	1.139279	
0.010000	0.061862	0.317229	97.910000	91.180000	20.252128	1.196949	
0.010000	0.066861	0.378477	97.742000	90.000000	20.423063	1.154353	
0.010000	0.058783	0.348921	98.048000	91.030000	20.290694	1.158655	
0.010000	0.062579	0.337766	97.892000	90.830000	20.342838	1.134155	
0.010000	0.063276	0.344936	97.862000	90.530000	20.344373	1.168282	
0.010000	0.061044	0.321076	97.938000	90.930000	20.208331	1.167808	
0.010000	0.060897	0.362060	98.018000	90.370000	20.372646	1.165067	
0.010000	0.057668	0.388865	98.116000	89.770000	20.307479	1.154433	
0.010000	0.067351	0.342588	97.752000	90.690000	20.408246	1.222977	
0.010000	0.060118	0.338267	98.048000	90.600000	20.423657	1.156479	
0.010000	0.065050	0.334178	97.720000	90.950000	20.346462	1.139179	
0.010000	0.064302	0.348075	97.892000	90.220000	20.459543	1.172930	
0.010000	0.059797	0.354133	98.038000	90.350000	20.170808	1.140949	
0.010000	0.065127	0.340968	97.796000	90.830000	20.300461	1.111670	
0.010000	0.062323	0.370871	97.902000	90.190000	20.287182	1.157578	
0.010000	0.064556	0.342280	97.778000	90.280000	20.164055	1.146853	
0.001000	0.042446	0.285155	98.688000	92.030000	20.347739	1.171944	
0.001000	0.031504	0.285627	99.138000	92.180000	20.201887	1.161715	
0.001000	0.027476	0.284912	99.234000	92.090000	20.278020	1.240747	
0.001000	0.026493	0.285058	99.334000	92.240000	20.298635	1.164007	
0.001000	0.025787	0.287869	99.362000	92.360000	20.459564	1.174316	
0.001000	0.024338	0.288729	99.372000	92.260000	20.267310	1.138236	
0.001000	0.022896	0.290760	99.446000	92.190000	20.186810	1.134153	
0.001000	0.022917	0.291378	99.428000	92.200000	20.365985	1.155931	
0.001000	0.021698	0.291116	99.510000	92.320000	20.324658	1.225540	
0.001000	0.020493	0.290719	99.520000	92.230000	20.304294	1.140578	
0.001000	0.020406	0.293540	99.526000	92.090000	20.289234	1.183621	
0.001000	0.019271	0.292404	99.566000	92.300000	20.247176	1.162016	
0.001000	0.019189	0.293385	99.566000	92.250000	20.288955	1.186288	
0.001000	0.019365	0.296554	99.574000	92.340000	20.337005	1.152761	
0.001000	0.018423	0.296327	99.604000	92.290000	20.300081	1.155751	
0.001000	0.016877	0.295205	99.686000	92.380000	20.330343	1.125986	
0.001000	0.017648	0.293634	99.654000	92.300000	20.287051	1.142655	
0.001000	0.018572	0.295283	99.576000	92.290000	20.302191	1.140878	
0.001000	0.017720	0.296338	99.592000	92.190000	20.289288	1.186581	
0.001000	0.017491	0.303100	99.628000	92.160000	20.335440	1.147298	
0.001000	0.016304	0.298944	99.674000	92.210000	20.428921	1.137624	
0.001000	0.016085	0.298254	99.672000	92.310000	20.421485	1.126252	
0.001000	0.015706	0.297973	99.684000	92.230000	20.537573	1.143853	
0.001000	0.015753	0.297777	99.712000	92.210000	20.417881	1.163471	
0.001000	0.016361	0.299064	99.636000	92.370000	20.536440	1.150154	
0.001000	0.014979	0.299816	99.720000	92.180000	20.576458	1.157029	
0.001000	0.014837	0.301875	99.724000	92.320000	20.259728	1.133106	
0.001000	0.015058	0.301896	99.702000	92.510000	20.360097	1.122942	
0.001000	0.015419	0.299885	99.696000	92.360000	20.396415	1.174146	
0.001000	0.014113	0.301913	99.744000	92.340000	20.360955	1.145947	
0.001000	0.014786	0.305469	99.710000	92.310000	20.405947	1.129040	
0.001000	0.014513	0.302625	99.676000	92.300000	20.434935	1.173173	
0.001000	0.014128	0.303269	99.744000	92.300000	20.252691	1.144509	
0.001000	0.012966	0.308872	99.778000	92.400000	20.544877	1.140026	
0.001000	0.013782	0.305960	99.730000	92.410000	20.434727	1.136706	
0.001000	0.013556	0.304515	99.752000	92.200000	20.418787	1.165547	
0.001000	0.013761	0.306650	99.702000	92.280000	20.223615	1.196750	
0.001000	0.012919	0.305366	99.754000	92.380000	20.411561	1.160159	
0.001000	0.013992	0.303865	99.726000	92.280000	20.230434	1.136794	
0.001000	0.012929	0.307459	99.776000	92.280000	20.319148	1.137257	
0.001000	0.013280	0.306045	99.752000	92.200000	20.382451	1.156239	
0.001000	0.012743	0.305682	99.748000	92.310000	20.137935	1.142137	
0.001000	0.012983	0.307703	99.758000	92.320000	20.222935	1.145984	
0.001000	0.013311	0.307046	99.724000	92.190000	20.275392	1.165787	
0.001000	0.012642	0.309491	99.762000	92.250000	20.178925	1.114906	
0.001000	0.012634	0.307078	99.776000	92.320000	20.327498	1.121361	
0.001000	0.012915	0.309262	99.760000	92.370000	20.143321	1.138759	
0.001000	0.012894	0.311281	99.746000	92.160000	20.143324	1.135791	
0.001000	0.012663	0.310980	99.764000	92.300000	19.965457	1.147895	
0.001000	0.012900	0.316649	99.746000	92.240000	20.208464	1.152478	
0.001000	0.012368	0.312541	99.786000	92.320000	20.201828	1.176519	
