LearningRate	TrainLoss	ValidLoss	TrainAcc.	ValidAcc.	TrainEpochTime(s)	TestEpochTime(s)	
0.097656	2.440335	1.655516	33.222001	40.490000	25.748597	1.163922	
0.097656	1.872916	1.404905	53.404001	52.980000	25.638392	1.074076	
0.097656	1.545306	1.922402	63.394001	47.920000	26.242480	1.087107	
0.097656	1.325937	1.099296	69.900001	63.870000	25.897555	1.144424	
0.097656	1.165654	0.791023	74.150001	72.700000	25.562521	1.102396	
0.095367	1.052604	0.967329	77.014002	68.090000	25.426721	1.126582	
0.095367	0.988459	1.210015	78.248001	62.250000	25.950291	1.103326	
0.095367	0.943540	0.909748	78.988002	70.150000	25.630878	1.127981	
0.095367	0.902850	0.792468	80.004001	73.070000	25.469865	1.158076	
0.095367	0.875631	1.037063	80.756001	68.570000	25.527661	1.086040	
0.094250	0.848405	0.779668	81.389998	73.070000	25.441087	1.134992	
0.094250	0.831895	0.644655	81.865998	78.280000	25.363749	1.092919	
0.094250	0.829964	0.859804	81.995998	71.130000	25.625175	1.132977	
0.094250	0.809615	0.817336	82.715998	74.350000	26.098770	1.102054	
0.094250	0.806904	1.021106	82.961998	68.660000	25.489784	1.102471	
0.093514	0.796733	0.930913	83.343998	69.460000	25.263668	1.112464	
0.093514	0.791920	0.780399	83.177998	74.600000	25.145633	1.167067	
0.093514	0.788595	0.744550	83.501998	75.880000	26.054719	1.137525	
0.093514	0.779204	1.071307	83.717998	67.610000	25.332676	1.117921	
0.093514	0.787681	0.586920	83.651998	80.280000	25.285679	1.093836	
0.092783	0.770556	0.600478	84.173998	79.890000	25.586169	1.097331	
0.092783	0.768318	0.911465	84.397998	73.360000	25.968597	1.117084	
0.092783	0.765578	1.065576	84.359998	69.320000	25.677762	1.125548	
0.092783	0.759455	0.595693	84.577998	80.260000	25.647333	1.146710	
0.092783	0.760876	1.025942	84.675998	68.380000	25.470490	1.109826	
0.092783	0.753534	1.079388	84.764000	69.520000	26.064147	1.163903	
0.092783	0.748739	0.676366	84.962000	77.990000	25.634586	1.115735	
0.092783	0.749222	0.656648	84.992000	78.750000	25.543623	1.109628	
0.092783	0.746454	0.656154	85.072000	78.200000	25.449330	1.084369	
0.092783	0.745764	0.686898	85.066000	77.040000	25.947391	1.138716	
0.092783	0.737911	0.676053	85.328000	76.960000	25.466337	1.141697	
0.092783	0.735655	0.713367	85.444000	77.580000	25.412774	1.217960	
0.092783	0.739848	0.548678	85.360000	81.370000	25.567231	1.101460	
0.092783	0.734119	0.565958	85.488000	81.090000	25.498278	1.127132	
0.092783	0.737962	0.781259	85.282000	75.770000	25.533270	1.140340	
0.093508	0.724257	0.613364	85.670001	80.150000	25.108110	1.163388	
0.093508	0.726899	0.580601	85.576002	81.140000	25.235332	1.081549	
0.093508	0.724145	0.547300	85.778002	81.100000	25.201957	1.091759	
0.093508	0.720961	0.648170	85.880001	78.200000	25.035546	1.140106	
0.093508	0.719297	0.685357	85.872002	77.160000	24.859885	1.112070	
0.095699	0.716876	0.619203	85.804000	79.650000	25.198211	1.094651	
0.095699	0.717190	0.634223	86.100000	80.000000	24.721705	1.096941	
0.095699	0.717798	0.784760	85.802000	74.760000	24.420687	1.111865	
0.095699	0.714745	0.678994	85.894000	77.810000	24.672805	1.162947	
0.095699	0.709558	0.598464	86.063999	79.610000	24.721106	1.100474	
0.097942	0.708925	0.597342	86.118000	81.090000	25.042656	1.103256	
0.097942	0.711296	0.760795	86.054000	76.140000	24.615809	1.080640	
0.097942	0.720488	0.600321	85.804000	80.420000	24.742140	1.187616	
0.097942	0.715005	1.122503	85.988000	64.940000	24.735489	1.069962	
0.097942	0.708362	0.727392	86.218000	76.850000	24.795037	1.096473	
0.103681	0.705090	0.775582	86.169999	74.910000	24.003987	1.097460	
0.103681	0.713127	0.748509	85.941999	77.010000	24.065294	1.088709	
0.103681	0.705840	0.768463	86.343999	74.960000	24.419984	1.122627	
0.103681	0.712518	0.719583	86.019999	76.330000	24.162480	1.143262	
0.103681	0.709416	0.630681	86.105999	78.690000	23.959748	1.135615	
0.111376	0.716300	0.765249	85.886003	75.640000	24.171494	1.077078	
0.111376	0.722148	0.762567	85.630003	76.410000	24.175618	1.085734	
0.111376	0.711753	0.810090	86.154003	74.440000	24.085634	1.120622	
0.111376	0.715867	0.635892	85.906003	79.430000	24.022281	1.113648	
0.111376	0.715176	0.680209	85.858003	77.710000	23.807781	1.077954	
0.121818	0.732944	1.086899	85.384002	66.690000	22.587609	1.027563	
0.121818	0.729940	1.416788	85.518002	63.920000	22.638116	1.017740	
0.121818	0.725653	0.828201	85.550002	74.530000	22.400191	1.103994	
0.121818	0.728726	0.577126	85.470002	80.210000	22.324910	1.026814	
0.121818	0.728160	0.764507	85.498002	76.000000	22.591666	1.055418	
0.135142	0.743716	0.902851	85.162001	71.320000	22.765023	1.057036	
0.135142	0.771617	1.401354	84.278001	61.080000	22.470361	1.041826	
0.135142	0.794716	1.354942	83.950001	64.140000	22.423605	1.056802	
0.135142	0.784915	0.786483	84.056001	75.150000	22.552063	1.008020	
0.135142	0.752881	0.693493	85.046002	78.000000	22.309743	1.021320	
0.149923	0.756313	1.898855	84.822001	43.950000	22.463259	1.033089	
0.149923	0.851676	0.918526	82.282001	70.650000	22.542486	1.050349	
0.149923	0.796018	1.095090	83.908001	66.420000	22.415691	1.028893	
0.149923	0.791727	0.688890	83.832001	77.400000	22.371091	1.022235	
0.149923	0.775651	0.752969	84.384001	75.220000	22.913635	1.103736	
0.169249	0.769529	1.431917	84.222000	61.200000	22.039108	1.037260	
0.169249	0.994816	8.833106	78.235999	20.920000	21.865232	1.054172	
0.169249	1.078079	4.391385	76.047999	40.100000	21.964960	1.015945	
0.169249	1.412553	3.731046	65.932000	31.310000	22.371553	1.051130	
0.169249	1.102881	1.542923	75.353999	55.200000	21.966639	1.032892	
0.196355	0.930016	1.110330	79.402001	65.300000	21.360131	1.204952	
0.196355	0.873991	1.055616	80.302002	65.730000	21.200919	1.024828	
0.196355	0.850434	1.413044	80.412002	62.190000	21.101182	0.991210	
0.196355	0.823024	1.307456	81.262002	61.180000	21.352506	1.066633	
0.196355	0.818887	0.848820	81.146002	72.610000	21.135524	1.050914	
0.230103	0.833035	1.885663	80.702003	56.830000	21.145680	1.069845	
0.230103	0.841841	0.927184	80.636002	71.190000	21.151098	1.029387	
0.230103	0.833007	1.155281	80.780003	64.470000	21.184643	0.984061	
0.230103	0.828928	1.245613	80.974002	60.680000	21.042298	1.157509	
0.230103	0.831225	0.779197	80.916003	74.620000	20.863825	1.051193	
0.290326	0.861073	0.915639	80.114000	71.170000	19.798879	1.018133	
0.290326	0.861004	1.206772	80.322000	65.680000	19.638098	1.012798	
0.029033	0.679769	0.393650	86.287999	86.280000	19.906975	1.048831	
0.029033	0.604294	0.392709	88.542000	86.730000	19.814142	1.008275	
0.029033	0.568596	0.355740	89.448000	88.400000	19.882238	1.061846	
0.037992	0.546292	0.390111	89.809997	86.570000	19.102699	0.999849	
0.037992	0.530273	0.368986	89.887997	87.420000	19.271438	1.104407	
0.037992	0.509746	0.357250	90.433997	87.960000	19.268615	1.063590	
0.037992	0.501128	0.510863	90.305997	83.140000	19.245201	1.067933	
0.037992	0.491226	0.431590	90.445997	85.720000	19.221967	1.090142	
0.050755	0.506019	0.449885	89.815996	85.200000	19.113388	0.974935	
0.050755	0.509773	0.435209	89.447996	85.610000	19.306827	1.024114	
0.050755	0.509419	0.508781	89.389996	82.740000	19.108916	1.049217	
0.050755	0.513104	0.592312	89.099997	80.840000	19.120950	1.073760	
0.050755	0.504418	0.455364	89.203996	84.660000	19.037288	1.075264	
0.069788	0.540817	0.718274	88.019999	77.170000	18.712996	0.985168	
0.069788	0.637871	0.568912	85.307999	81.140000	18.889710	1.070687	
0.069788	0.580470	0.622129	87.167999	78.620000	18.980112	1.089589	
0.069788	0.619608	0.600879	86.217999	80.070000	18.876348	0.975632	
0.069788	0.605283	0.688507	86.637999	78.680000	19.008161	1.077072	
0.096776	0.599440	0.723273	86.916003	77.730000	18.409127	0.964525	
0.096776	0.606279	0.663667	86.778003	78.320000	18.311776	1.015867	
0.096776	0.600515	0.699529	86.858003	77.390000	18.349156	1.151167	
0.096776	0.597352	0.599694	87.000003	81.520000	18.365953	0.998507	
0.096776	0.598410	1.219476	86.982002	68.060000	18.229591	1.022270	
0.134201	0.666143	0.706621	85.102003	75.960000	18.622889	0.974080	
0.134201	0.667308	1.075677	85.372003	68.840000	18.572824	0.964832	
0.134201	0.649379	0.599462	85.920003	79.720000	18.542559	1.127534	
0.134201	0.657577	1.112297	85.578003	69.400000	18.502465	0.970313	
0.134201	0.661045	0.722018	85.598003	76.240000	18.508396	1.199911	
0.182430	0.721609	0.766953	83.769999	74.650000	18.962728	1.127861	
0.182430	0.731652	0.687831	83.809999	76.840000	19.057384	1.006706	
0.182430	0.722839	0.738937	84.225999	74.980000	19.058478	1.059437	
0.182430	0.718245	0.692151	84.279998	77.770000	18.986479	1.040313	
0.182430	0.724963	0.675531	84.035999	77.470000	18.883500	1.042673	
0.246565	0.796693	0.927110	81.848002	72.180000	18.850737	1.120377	
0.246565	0.790957	0.687407	82.496002	76.660000	18.773545	0.967895	
0.246565	0.780843	1.416760	82.752003	60.160000	18.807836	1.006967	
0.246565	0.792213	0.937541	82.390003	70.200000	18.763068	1.078446	
0.246565	0.780552	0.740976	82.542002	75.550000	18.676724	1.054176	
0.332285	0.865278	0.773666	80.177997	73.890000	18.681715	1.024124	
0.332285	0.863581	0.802339	80.585998	74.090000	18.857164	0.958275	
0.332285	0.841796	2.461824	81.115997	51.500000	18.916209	1.082116	
0.332285	0.860167	0.943201	80.409997	70.130000	18.770379	1.104846	
0.332285	0.845687	1.213497	80.803998	66.490000	18.765060	1.038831	
0.449104	0.920123	1.520277	78.786002	60.090000	18.162608	0.972423	
0.449104	0.935406	1.574095	78.386002	54.890000	18.177893	0.945620	
0.449104	0.924549	1.238541	78.756002	63.760000	18.228518	1.000115	
0.449104	0.916884	2.083520	78.612002	48.660000	18.158115	0.967754	
0.449104	0.922273	0.908884	78.646002	68.870000	18.011180	1.033348	
0.636815	1.035827	1.031105	75.136000	64.990000	17.051471	1.106606	
0.636815	1.007663	3.242388	76.272000	32.850000	17.048183	0.903413	
0.636815	1.014923	2.220363	75.994000	46.300000	17.064645	0.908874	
0.636815	1.010373	1.542196	75.878000	56.730000	17.069037	0.989232	
0.636815	1.009569	1.276351	75.662000	62.820000	17.134119	0.983355	
0.915422	1.110181	1.895395	73.021999	52.030000	16.506664	0.973348	
0.915422	1.117766	1.963717	72.851999	45.670000	16.579626	0.952263	
0.915422	1.109175	1.814341	72.739999	49.130000	16.441528	0.885778	
0.915422	1.105941	1.910643	72.867999	41.960000	16.504050	0.922677	
0.091542	0.836653	0.547381	81.185998	81.820000	16.502714	0.889807	
0.138386	0.746214	0.539594	83.396001	81.490000	15.769049	1.008410	
0.138386	0.691195	0.667244	84.330001	78.420000	15.870495	0.994571	
0.138386	0.669144	0.740874	84.408001	75.700000	15.924087	0.890426	
0.138386	0.655055	0.654518	84.160001	77.820000	15.772589	0.873489	
0.138386	0.660028	0.850674	83.754001	73.820000	15.791650	0.911074	
0.223256	0.713899	1.432770	82.316002	60.520000	14.998248	0.933257	
0.223256	0.773445	1.768910	80.880002	59.070000	15.093003	0.947430	
0.223256	0.741558	0.767044	81.950002	75.350000	15.196955	0.974965	
0.223256	0.744834	1.022654	81.692002	69.160000	15.018334	0.958335	
0.223256	0.749383	0.732346	81.662002	75.520000	14.870397	0.868137	
0.385465	0.817979	1.564576	79.530000	56.170000	14.030067	0.854974	
0.385465	0.843991	1.332270	79.642000	61.870000	13.897890	0.884498	
0.385465	0.827546	1.747895	79.894000	53.310000	13.707480	0.891972	
0.385465	0.835979	0.986769	79.526001	69.070000	13.862747	0.950062	
0.385465	0.817905	1.646319	80.220000	53.350000	13.905272	0.863188	
0.677575	0.948846	1.522819	76.538001	55.940000	13.362018	0.860184	
0.677575	0.968766	1.305938	76.212001	55.420000	13.528336	0.795560	
0.677575	0.985862	1.412561	75.810001	57.520000	13.541539	0.853699	
0.677575	0.965608	8.795879	76.440001	17.350000	13.465416	0.827735	
0.677575	0.978053	2.741974	75.704001	35.360000	13.342678	0.928483	
1.196343	1.127508	4.464415	71.796001	31.060000	13.418346	0.853832	
1.196343	1.119656	2.337141	72.102001	39.020000	13.475671	0.872031	
1.196343	1.130614	2.282181	71.486001	42.810000	13.240431	0.874841	
1.196343	1.107314	2.439156	71.906001	40.040000	13.217349	0.800266	
1.196343	1.124911	2.336680	71.450001	42.170000	13.440806	0.859451	
2.051541	1.337870	2.201096	65.521999	33.980000	13.652420	0.871543	
2.051541	1.318704	6.880210	65.577999	20.470000	13.767533	0.901132	
2.051541	1.316184	1.985324	65.145999	33.430000	13.602085	0.863566	
2.051541	1.319529	1.525709	64.603999	45.210000	13.753887	0.972102	
2.051541	1.316417	2.567278	64.597999	27.360000	13.678614	1.077946	
