LearningRate	TrainLoss	ValidLoss	TrainAcc.	ValidAcc.	TrainEpochTime(s)	TestEpochTime(s)	
0.100000	1.797258	1.581859	31.876000	40.000000	56.342728	2.506943	
0.100000	1.293828	1.311765	52.534000	53.220000	75.852232	1.853944	
0.100000	0.999358	1.204066	64.112000	59.970000	53.843778	2.114031	
0.100000	0.817793	0.873298	71.350000	69.770000	60.143267	2.284249	
0.100000	0.705967	0.947115	75.506000	67.320000	54.626419	2.240282	
0.100000	0.633856	1.227926	78.068000	62.830000	54.498508	2.326116	
0.100000	0.598685	0.795889	79.334000	73.120000	53.232355	2.279016	
0.100000	0.553948	0.784118	81.006000	74.580000	35.753031	1.620357	
0.100000	0.528865	0.814171	81.560000	73.000000	34.091410	2.200902	
0.100000	0.501433	0.768879	82.836000	74.770000	53.643738	2.344849	
0.100000	0.478576	0.735615	83.350000	76.940000	53.952607	2.467732	
0.100000	0.465216	0.735873	83.974000	76.200000	54.086205	2.410454	
0.100000	0.454759	0.639913	84.160000	78.590000	32.823410	1.513595	
0.100000	0.438935	0.599187	84.850000	80.180000	35.517910	2.342003	
0.100000	0.430459	1.046390	85.300000	71.950000	53.619391	2.421323	
0.100000	0.416799	0.607584	85.690000	79.620000	54.508476	2.434767	
0.100000	0.422040	0.767318	85.436000	75.330000	53.686090	2.331060	
0.100000	0.412559	0.752677	85.670000	75.230000	31.753784	1.505559	
0.100000	0.404394	0.832987	85.968000	74.100000	37.662786	2.459186	
0.100000	0.399611	0.801644	86.250000	76.150000	54.127687	2.336362	
0.100000	0.384636	0.515650	86.714000	82.520000	54.148495	2.439007	
0.100000	0.387378	0.718951	86.802000	76.860000	53.643588	2.374188	
0.100000	0.381293	0.551353	86.812000	81.790000	29.644835	1.419953	
0.100000	0.372527	0.607213	87.302000	80.210000	36.756532	2.406912	
0.100000	0.369156	0.563138	87.344000	81.560000	54.041892	2.445325	
0.100000	0.362205	0.657692	87.454000	78.230000	53.183259	2.506473	
0.100000	0.367431	0.525341	87.324000	82.730000	53.531992	2.376284	
0.100000	0.357073	0.691193	87.676000	78.540000	31.666483	1.539480	
0.100000	0.353895	0.484734	87.894000	84.250000	33.833037	2.181369	
0.100000	0.345318	0.839374	88.134000	74.610000	53.132821	2.115686	
0.100000	0.340112	0.761065	88.286000	77.430000	53.603208	2.210411	
0.100000	0.352751	0.518074	87.800000	82.920000	53.454580	2.401666	
0.100000	0.340095	0.735984	88.350000	77.840000	33.660247	1.494279	
0.100000	0.343385	0.510377	88.256000	83.160000	33.159880	2.251426	
0.100000	0.338628	0.479811	88.366000	84.170000	53.130665	2.280621	
0.100000	0.328432	0.567544	88.650000	81.190000	52.196336	2.372055	
0.100000	0.327645	0.547789	88.698000	82.000000	52.636327	2.155953	
0.100000	0.334324	0.683826	88.516000	79.600000	33.071344	1.445259	
0.100000	0.335303	0.524713	88.348000	82.820000	32.372569	2.234037	
0.100000	0.320256	0.519739	89.018000	83.200000	52.950456	2.349859	
0.100000	0.316273	0.607603	89.216000	80.800000	53.024629	2.391110	
0.100000	0.326211	0.456653	88.728000	85.430000	53.892438	2.371744	
0.100000	0.316957	0.514079	89.186000	83.170000	33.647771	1.667022	
0.100000	0.318479	0.520450	89.256000	83.400000	37.363145	2.343888	
0.100000	0.316798	0.700566	89.058000	78.650000	52.795856	2.358914	
0.100000	0.313044	0.783682	89.148000	77.280000	51.999195	2.517092	
0.100000	0.316792	0.730140	89.062000	79.320000	52.031208	2.399571	
0.100000	0.313129	0.511848	89.316000	83.150000	31.873891	1.593106	
0.100000	0.316622	0.814894	89.196000	75.700000	36.244746	2.346393	
0.100000	0.308662	0.570574	89.530000	81.620000	52.759840	2.405681	
0.100000	0.304970	0.812561	89.428000	76.280000	54.166249	2.424224	
0.100000	0.313229	0.661815	89.142000	80.420000	54.232760	2.388418	
0.100000	0.310239	0.847468	89.314000	76.030000	28.995710	1.441705	
0.100000	0.305755	0.715284	89.544000	78.570000	40.548555	2.495767	
0.100000	0.305508	0.779720	89.482000	76.950000	53.023114	2.447352	
0.100000	0.296442	0.473109	89.706000	84.180000	52.741653	2.443343	
0.100000	0.305745	0.710735	89.486000	78.470000	52.493901	2.434497	
0.100000	0.301270	0.473609	89.616000	84.770000	28.854454	1.467829	
0.100000	0.300026	0.531623	89.672000	83.110000	40.139459	2.384562	
0.100000	0.297687	0.661086	89.788000	80.130000	53.375829	2.365669	
0.100000	0.287719	0.460381	90.064000	84.500000	53.248448	2.538152	
0.100000	0.300014	0.506713	89.768000	83.340000	53.552902	2.447250	
0.100000	0.301864	0.689030	89.622000	80.800000	25.732093	1.659690	
0.100000	0.299217	0.529291	89.660000	83.260000	43.123435	2.407918	
0.100000	0.292402	0.413860	90.038000	85.920000	52.808764	2.443238	
0.100000	0.283966	0.553162	90.304000	82.790000	54.026551	2.352892	
0.100000	0.296056	0.493138	89.756000	84.310000	53.439614	2.282434	
0.100000	0.293874	0.634996	89.992000	80.260000	25.067916	1.426736	
0.100000	0.291607	0.412727	89.848000	85.970000	43.510945	2.344571	
0.100000	0.291072	0.608570	90.110000	82.100000	53.101317	2.376944	
0.100000	0.284374	0.433911	90.212000	85.980000	53.659891	2.442356	
0.100000	0.295736	0.530372	89.752000	82.880000	52.785103	2.249617	
0.100000	0.289502	0.764126	90.016000	77.690000	27.876396	1.627159	
0.100000	0.295334	0.656974	89.838000	80.120000	40.034406	2.351033	
0.100000	0.283052	0.610227	90.270000	81.660000	52.733519	2.413332	
0.100000	0.284412	0.879127	90.128000	76.200000	52.875821	2.390636	
0.100000	0.284718	0.555001	90.226000	82.120000	52.875230	2.351031	
0.100000	0.291561	0.479862	89.932000	84.910000	24.739551	1.524845	
0.100000	0.281879	0.466419	90.078000	84.690000	43.457470	2.474655	
0.100000	0.282470	0.549669	90.278000	82.500000	53.180865	2.297291	
0.100000	0.281367	0.483513	90.370000	84.880000	54.291430	2.547430	
0.100000	0.288785	0.554858	90.068000	82.940000	54.275549	2.368594	
0.100000	0.286611	0.502863	90.096000	84.250000	26.336921	1.581593	
0.100000	0.282647	0.439658	90.190000	85.420000	42.370399	2.443258	
0.100000	0.283344	0.692903	90.326000	80.300000	53.164385	2.486509	
0.100000	0.270267	0.548935	90.656000	82.550000	53.897110	2.389868	
0.100000	0.281005	0.967697	90.410000	72.110000	54.123503	2.326042	
0.100000	0.282399	0.537705	90.170000	83.140000	25.983459	1.495695	
0.100000	0.276445	0.497827	90.664000	83.910000	43.441905	2.300102	
0.100000	0.285735	0.465517	90.188000	84.990000	52.673707	2.184411	
0.100000	0.266153	0.453497	90.906000	85.310000	52.421943	2.265875	
0.100000	0.278044	0.488987	90.546000	84.410000	52.825357	2.278438	
0.010000	0.167973	0.237045	94.380000	92.020000	21.205936	1.366167	
0.010000	0.124609	0.237299	95.920000	92.080000	44.508938	2.228735	
0.010000	0.112416	0.238329	96.308000	92.170000	53.029838	2.379552	
0.010000	0.102845	0.227382	96.606000	92.670000	52.465598	2.186769	
0.010000	0.097172	0.227143	96.754000	92.630000	52.254434	2.121735	
0.010000	0.088181	0.235586	97.134000	92.440000	24.800321	1.343344	
0.010000	0.082428	0.238313	97.292000	92.380000	40.518496	2.328066	
0.010000	0.077150	0.239799	97.416000	92.470000	52.474849	2.119458	
0.010000	0.073080	0.238898	97.602000	92.850000	52.923565	2.383980	
0.010000	0.070633	0.250630	97.694000	92.390000	52.898861	2.319376	
0.010000	0.066233	0.243240	97.860000	92.740000	26.374965	1.368809	
0.010000	0.061901	0.241161	97.974000	92.740000	40.589689	2.148102	
0.010000	0.059804	0.256896	98.052000	92.300000	55.064012	2.293684	
0.010000	0.058151	0.257818	98.106000	92.520000	53.903962	2.455191	
0.010000	0.056024	0.257623	98.144000	92.540000	54.206547	2.416851	
0.010000	0.050889	0.256259	98.462000	92.530000	28.097040	1.485136	
0.010000	0.049471	0.267057	98.370000	92.330000	37.919672	2.279933	
0.010000	0.048645	0.291020	98.382000	92.110000	52.375515	2.315889	
0.010000	0.049147	0.264892	98.408000	92.480000	52.899265	2.133533	
0.010000	0.046068	0.264718	98.538000	92.630000	52.765980	2.293807	
0.010000	0.045924	0.266307	98.538000	92.700000	28.249679	1.249007	
0.010000	0.043245	0.280473	98.648000	92.310000	36.317061	2.225822	
0.010000	0.044571	0.275203	98.528000	92.680000	51.800747	2.406760	
0.010000	0.039991	0.294732	98.744000	92.350000	52.047271	2.196457	
0.010000	0.042017	0.296754	98.666000	92.050000	51.742503	2.272273	
0.010000	0.042004	0.335671	98.608000	91.460000	32.288902	1.476175	
0.010000	0.041834	0.317725	98.656000	91.350000	35.001980	2.298261	
0.010000	0.043498	0.286870	98.612000	92.280000	52.808044	2.334355	
0.010000	0.036954	0.283612	98.874000	92.650000	53.067747	2.455170	
0.010000	0.038657	0.309696	98.752000	91.800000	54.600057	2.334318	
0.010000	0.039768	0.309115	98.714000	92.040000	34.675944	1.618936	
0.010000	0.039712	0.291969	98.712000	92.240000	33.800925	2.410056	
0.010000	0.037527	0.303118	98.796000	92.170000	54.512264	2.362299	
0.010000	0.035862	0.313951	98.858000	91.770000	53.395299	2.358126	
0.010000	0.038668	0.310627	98.756000	92.070000	53.348180	2.390673	
0.010000	0.039882	0.304679	98.764000	92.180000	35.507942	1.624781	
0.010000	0.038534	0.321507	98.784000	91.920000	32.042186	2.368269	
0.010000	0.039682	0.291157	98.726000	92.300000	52.612820	2.283706	
0.010000	0.037318	0.308815	98.808000	91.930000	52.690252	2.505638	
0.010000	0.043293	0.321178	98.568000	92.010000	53.333274	2.367790	
0.010000	0.042409	0.323187	98.602000	91.770000	35.649463	1.480457	
0.010000	0.036780	0.338428	98.796000	91.750000	33.108441	2.471065	
0.010000	0.037699	0.333936	98.776000	91.680000	53.887738	2.458988	
0.010000	0.036596	0.315421	98.842000	92.210000	52.461502	2.363187	
0.010000	0.038650	0.322581	98.706000	91.810000	54.195706	2.273725	
0.010000	0.042478	0.323254	98.626000	91.970000	35.368701	1.566237	
0.010000	0.043975	0.348661	98.578000	91.200000	32.839100	2.356754	
0.010000	0.039994	0.352876	98.716000	91.010000	54.011595	2.455213	
0.010000	0.040980	0.382896	98.668000	90.910000	53.607666	2.348734	
0.010000	0.041709	0.299863	98.648000	92.100000	53.211182	2.465931	
0.010000	0.038533	0.349381	98.792000	91.380000	34.710462	1.497869	
0.010000	0.041573	0.329894	98.670000	91.600000	33.215927	2.344143	
0.010000	0.043022	0.315390	98.586000	91.910000	52.618628	2.418609	
0.010000	0.040995	0.346072	98.668000	91.560000	52.876588	2.249236	
0.010000	0.041945	0.352504	98.608000	91.640000	53.012716	2.303769	
0.010000	0.044248	0.343561	98.520000	91.430000	34.844177	1.434276	
0.010000	0.042179	0.315255	98.692000	91.860000	32.110186	2.343031	
0.001000	0.027289	0.281210	99.190000	92.770000	53.634750	2.246909	
0.001000	0.020029	0.281249	99.456000	92.930000	52.795028	2.367514	
0.001000	0.016701	0.275352	99.612000	92.910000	53.042014	2.230199	
0.001000	0.014244	0.278964	99.704000	92.940000	32.211262	1.388154	
0.001000	0.013870	0.279434	99.706000	93.100000	35.404037	2.412525	
0.001000	0.012895	0.278058	99.698000	92.990000	53.032356	2.395006	
0.001000	0.012206	0.278049	99.782000	92.990000	53.644646	2.409598	
0.001000	0.011587	0.279847	99.764000	93.100000	53.287591	2.279124	
0.001000	0.012393	0.281680	99.736000	93.040000	33.694360	1.467551	
0.001000	0.011652	0.278408	99.726000	93.110000	37.145851	2.330369	
0.001000	0.010355	0.278019	99.798000	93.090000	53.935333	2.246502	
0.001000	0.010350	0.278116	99.778000	93.030000	53.104266	2.379027	
0.001000	0.010435	0.282324	99.790000	93.090000	53.629944	2.197351	
0.001000	0.009429	0.284736	99.818000	93.080000	30.859702	1.470375	
0.001000	0.010175	0.281125	99.796000	93.220000	38.248651	2.394760	
0.001000	0.008810	0.284615	99.862000	93.150000	53.430265	2.257466	
0.001000	0.009081	0.285778	99.826000	93.070000	53.567602	2.387091	
0.001000	0.008497	0.282660	99.876000	93.140000	53.411704	2.369138	
0.001000	0.008551	0.283595	99.852000	93.160000	29.995664	1.558117	
0.001000	0.008380	0.284674	99.860000	93.160000	38.577992	2.382480	
0.001000	0.008538	0.285330	99.856000	93.110000	53.620079	2.356060	
0.001000	0.008254	0.284338	99.856000	93.180000	53.810157	2.579550	
0.001000	0.008275	0.287464	99.850000	93.060000	53.889663	2.637596	
0.001000	0.007493	0.283970	99.874000	93.230000	26.670641	1.458340	
0.001000	0.007907	0.283382	99.850000	93.170000	42.511410	2.504707	
0.001000	0.008030	0.284749	99.880000	93.270000	52.530359	2.510166	
0.001000	0.007682	0.284726	99.864000	93.260000	53.932420	2.480631	
0.001000	0.007203	0.285313	99.890000	93.230000	53.619470	2.356382	
0.001000	0.007098	0.288065	99.886000	93.250000	24.703902	1.432060	
0.001000	0.007275	0.285178	99.892000	93.270000	19.744722	1.472820	
0.001000	0.007766	0.288264	99.878000	93.320000	19.622976	1.618994	
