LearningRate	TrainLoss	ValidLoss	TrainAcc.	ValidAcc.	TrainEpochTime(s)	TestEpochTime(s)	
0.100000	1.764418	1.488573	33.580000	45.000000	16.990862	1.240169	
0.100000	1.296320	1.152230	52.694000	58.400000	17.951973	2.182641	
0.100000	1.009677	1.132444	63.884000	62.350000	64.397102	3.027568	
0.100000	0.833284	0.916210	70.702000	69.040000	72.356272	2.582447	
0.100000	0.711781	0.997099	75.330000	65.800000	56.899921	3.233774	
0.100000	0.631307	0.899775	78.130000	70.050000	55.303059	2.494212	
0.100000	0.584313	0.893482	79.924000	71.890000	33.480196	1.470896	
0.100000	0.557492	0.943253	80.632000	69.850000	35.505284	2.437342	
0.100000	0.516707	0.784085	82.234000	75.440000	53.578957	2.528852	
0.100000	0.500650	0.806531	82.702000	73.330000	53.564561	2.314669	
0.100000	0.479526	0.694404	83.266000	77.130000	53.641559	2.479296	
0.100000	0.467537	0.671037	83.844000	76.990000	34.437538	1.487606	
0.100000	0.456848	0.767347	84.340000	74.680000	34.111485	2.356405	
0.100000	0.438763	0.611810	85.086000	80.110000	52.951570	2.277431	
0.100000	0.443746	0.713620	84.678000	77.980000	52.807129	2.336341	
0.100000	0.419914	0.684730	85.652000	78.510000	53.435526	2.398271	
0.100000	0.421033	0.796540	85.644000	75.120000	36.269385	1.649527	
0.100000	0.413700	0.630688	85.892000	79.000000	32.499487	2.305953	
0.100000	0.400012	1.174214	86.062000	68.000000	53.811701	2.285865	
0.100000	0.395294	0.584837	86.440000	81.130000	52.548904	2.319676	
0.100000	0.380808	0.725492	86.968000	77.360000	53.687529	2.394318	
0.100000	0.382194	0.679481	86.880000	78.770000	38.519588	1.474729	
0.100000	0.384701	0.656677	86.614000	78.150000	30.213257	2.285508	
0.100000	0.372345	0.662391	87.218000	79.900000	53.708100	2.276697	
0.100000	0.365221	0.609304	87.532000	80.670000	53.090092	2.381618	
0.100000	0.362246	0.851283	87.582000	77.310000	53.347303	2.426650	
0.100000	0.370816	0.625916	87.120000	80.380000	38.287281	1.518263	
0.100000	0.365332	0.590502	87.480000	81.140000	31.537646	2.419825	
0.100000	0.355737	0.513874	87.778000	83.720000	53.601238	2.410745	
0.100000	0.348854	0.964248	88.176000	72.150000	53.801934	2.283094	
0.100000	0.341625	0.643107	88.268000	80.140000	53.862364	2.198195	
0.100000	0.346969	0.538679	88.092000	81.920000	33.892109	1.408794	
0.100000	0.345366	0.514789	88.026000	83.550000	33.687042	2.234355	
0.100000	0.336663	0.618015	88.528000	80.040000	53.367653	2.259047	
0.100000	0.337333	0.513284	88.424000	83.420000	52.993950	2.286877	
0.100000	0.328979	0.491196	88.756000	83.770000	53.579165	2.320556	
0.100000	0.336421	0.641174	88.416000	79.230000	33.138654	1.385023	
0.100000	0.327467	0.545055	88.800000	82.310000	30.780380	2.220255	
0.100000	0.332269	0.635278	88.552000	80.380000	52.808888	2.250422	
0.100000	0.325065	0.545814	88.826000	82.850000	53.778775	2.434548	
0.100000	0.316810	0.709360	89.098000	78.510000	52.817444	2.330003	
0.100000	0.325753	0.810078	88.866000	78.460000	33.108555	1.578930	
0.100000	0.324811	0.566370	88.756000	81.790000	32.950248	2.209906	
0.100000	0.320456	0.508541	88.976000	83.450000	53.029224	2.262508	
0.100000	0.323915	0.684756	88.786000	78.960000	53.001520	2.333643	
0.100000	0.308372	0.599441	89.264000	80.660000	53.931017	2.433047	
0.100000	0.321954	0.543061	88.918000	82.700000	36.865957	1.708386	
0.100000	0.313257	0.564155	89.360000	82.730000	30.603630	2.136941	
0.100000	0.315500	0.545042	89.194000	82.620000	52.339445	2.305085	
0.100000	0.316479	0.717485	89.116000	78.650000	52.599190	2.373111	
0.100000	0.307802	0.448436	89.444000	85.160000	53.273188	2.312196	
0.100000	0.310686	0.427295	89.404000	85.670000	36.305020	1.360916	
0.100000	0.302363	0.514103	89.498000	83.460000	28.652525	2.396612	
0.100000	0.307586	0.550120	89.444000	82.170000	53.104441	2.430918	
0.100000	0.306966	0.515648	89.362000	83.510000	53.598515	2.367741	
0.100000	0.299796	0.653826	89.720000	80.820000	53.834521	2.745203	
0.100000	0.301387	0.587462	89.650000	80.900000	40.216059	1.581223	
0.100000	0.304110	0.667703	89.476000	79.700000	27.768025	2.536656	
0.100000	0.304028	0.581704	89.412000	80.950000	52.937193	2.540722	
0.100000	0.304590	0.560377	89.604000	83.130000	52.763694	2.500459	
0.100000	0.297105	0.684824	89.678000	79.300000	52.840440	2.326863	
0.100000	0.303116	0.606527	89.574000	81.670000	41.418219	1.437193	
0.100000	0.301276	0.758926	89.694000	75.910000	25.159174	2.338810	
0.100000	0.300635	0.438222	89.760000	85.580000	53.085843	2.377093	
0.100000	0.298091	0.475238	89.756000	84.660000	52.768077	2.374053	
0.100000	0.289056	0.460035	90.054000	84.970000	52.895327	2.378938	
0.100000	0.296042	0.493928	89.920000	83.880000	43.835314	1.661475	
0.100000	0.295821	0.593737	89.772000	81.230000	25.589665	2.364907	
0.100000	0.294715	0.656579	89.888000	79.660000	53.381207	2.256175	
0.100000	0.289097	0.644278	89.994000	79.860000	52.780392	2.315606	
0.100000	0.286384	1.178430	90.082000	70.050000	54.538951	2.491640	
0.100000	0.296279	0.412696	89.830000	86.280000	43.059474	1.511776	
0.100000	0.295592	0.456162	89.976000	84.800000	26.223942	2.420685	
0.100000	0.298457	0.567365	89.656000	81.760000	53.869583	2.350539	
0.100000	0.295017	0.565516	89.882000	81.730000	53.949830	2.465782	
0.100000	0.284477	0.851580	90.180000	75.880000	53.412694	2.446220	
0.100000	0.288882	0.558772	90.048000	81.760000	40.048840	1.480427	
0.100000	0.290785	0.681887	89.948000	79.750000	24.485083	2.347692	
0.100000	0.288810	0.512020	89.906000	83.770000	52.308606	2.283406	
0.100000	0.286102	0.791324	90.350000	78.020000	52.360690	2.206830	
0.100000	0.276323	0.657168	90.494000	78.710000	53.304439	2.486718	
0.100000	0.286282	0.509070	89.986000	83.910000	44.389388	1.570459	
0.100000	0.287516	0.463989	90.250000	85.400000	26.760970	2.471244	
0.100000	0.283688	0.400208	90.320000	86.940000	53.576013	2.477420	
0.100000	0.282544	0.812103	90.264000	75.720000	54.517333	2.440919	
0.100000	0.279660	0.496825	90.306000	83.930000	53.421838	2.449863	
0.100000	0.287871	0.664779	90.124000	78.770000	42.760195	1.681015	
0.100000	0.287762	0.581275	90.100000	81.700000	25.842347	2.377013	
0.100000	0.285131	0.551360	90.244000	82.130000	53.629550	2.437020	
0.100000	0.282692	0.510768	90.194000	83.980000	53.150018	2.433458	
0.100000	0.273850	0.541183	90.566000	82.290000	53.815893	2.454100	
0.100000	0.287495	0.573419	89.944000	82.390000	42.179887	1.215938	
0.010000	0.164390	0.240838	94.634000	92.050000	19.987111	2.168520	
0.010000	0.130148	0.238328	95.654000	92.040000	52.271899	2.317641	
0.010000	0.116310	0.236562	96.208000	92.310000	52.977432	2.291135	
0.010000	0.105660	0.237572	96.544000	92.360000	53.651664	2.317206	
0.010000	0.097299	0.239152	96.772000	92.580000	45.264648	1.447188	
0.010000	0.090822	0.244735	96.990000	92.360000	21.800008	2.404014	
0.010000	0.084747	0.241468	97.180000	92.500000	53.856115	2.454071	
0.010000	0.082808	0.242831	97.210000	92.440000	53.541610	2.302730	
0.010000	0.075029	0.250930	97.550000	92.350000	52.583790	2.210497	
0.010000	0.072286	0.252306	97.736000	92.470000	41.525436	1.395895	
0.010000	0.069909	0.241561	97.706000	92.510000	25.671148	2.418438	
0.010000	0.063046	0.257979	97.970000	92.380000	52.884231	2.349885	
0.010000	0.061632	0.251268	97.938000	92.540000	53.325258	2.240034	
0.010000	0.060292	0.256095	98.104000	92.630000	54.943059	2.561364	
0.010000	0.054612	0.258309	98.234000	92.730000	41.713258	1.354106	
0.010000	0.053362	0.255012	98.206000	92.490000	28.954649	2.240525	
0.010000	0.052358	0.273211	98.218000	92.360000	53.526345	2.327946	
0.010000	0.052450	0.271415	98.294000	92.480000	53.727457	2.357249	
0.010000	0.049267	0.262128	98.414000	92.650000	52.753519	2.395284	
0.010000	0.046408	0.283509	98.458000	92.420000	38.025227	1.314152	
0.010000	0.046956	0.288974	98.444000	92.210000	27.198535	2.256670	
0.010000	0.046635	0.283133	98.512000	92.320000	53.255549	2.355147	
0.010000	0.045835	0.291780	98.526000	92.290000	52.891619	2.208506	
0.010000	0.041347	0.287334	98.714000	92.340000	52.462358	2.386502	
0.010000	0.040459	0.282755	98.758000	92.550000	36.567056	1.427155	
0.010000	0.045494	0.294537	98.548000	92.240000	29.376817	2.305729	
0.010000	0.041638	0.290475	98.660000	92.380000	53.541026	2.429571	
0.010000	0.041743	0.291897	98.586000	92.110000	53.110643	2.454429	
0.010000	0.039115	0.302047	98.740000	92.040000	53.329966	2.485348	
0.010000	0.040693	0.300827	98.618000	92.120000	35.074504	1.508415	
0.010000	0.041420	0.286905	98.666000	92.610000	33.877441	2.542100	
0.010000	0.039509	0.290015	98.724000	92.460000	53.640311	2.508532	
0.010000	0.041557	0.306933	98.680000	92.350000	53.932079	2.482685	
0.010000	0.038035	0.315749	98.782000	92.200000	54.370280	2.584856	
0.010000	0.039017	0.305890	98.732000	92.250000	34.573630	1.523934	
0.010000	0.040762	0.295306	98.612000	92.090000	35.803158	2.558158	
0.010000	0.038925	0.304127	98.730000	92.130000	53.101587	2.479221	
0.010000	0.042234	0.326245	98.584000	91.480000	52.188532	2.453663	
0.010000	0.039039	0.320302	98.704000	91.930000	52.741439	2.429258	
0.010000	0.041281	0.299796	98.610000	92.100000	32.832199	1.421686	
0.010000	0.038135	0.352180	98.776000	91.370000	35.176813	2.338629	
0.010000	0.039492	0.332398	98.684000	92.120000	53.076509	2.400088	
0.010000	0.043085	0.332143	98.560000	91.870000	52.402416	2.416511	
0.010000	0.043247	0.345981	98.516000	91.480000	53.753840	2.475666	
0.010000	0.040356	0.308273	98.650000	92.060000	34.011841	1.389390	
0.010000	0.042385	0.319637	98.646000	91.920000	33.613752	2.436370	
0.010000	0.041796	0.311980	98.650000	92.200000	53.247517	2.433094	
0.010000	0.045092	0.341617	98.524000	91.380000	53.851679	2.273353	
0.010000	0.036510	0.326540	98.832000	91.940000	52.999889	2.362474	
0.010000	0.042911	0.356020	98.598000	91.210000	34.777106	1.579328	
0.010000	0.041926	0.340338	98.568000	91.610000	35.183722	2.355964	
0.010000	0.047723	0.320709	98.408000	91.730000	52.706152	2.377215	
0.010000	0.041245	0.336434	98.720000	91.710000	53.598893	2.228605	
0.010000	0.039133	0.351935	98.678000	91.490000	53.019319	2.523454	
0.010000	0.046464	0.314765	98.406000	91.980000	33.635016	1.443322	
0.010000	0.043692	0.343618	98.544000	91.350000	35.029242	2.387648	
0.010000	0.045516	0.350331	98.480000	91.300000	52.343751	2.326508	
0.001000	0.028597	0.278787	99.106000	92.980000	52.872737	2.383546	
0.001000	0.020241	0.274693	99.472000	92.900000	52.982720	2.291651	
0.001000	0.017850	0.275935	99.574000	93.120000	32.939401	1.295460	
0.001000	0.016302	0.274869	99.614000	93.120000	31.112263	2.360849	
0.001000	0.015646	0.272238	99.616000	93.200000	52.414904	2.292391	
0.001000	0.013494	0.274226	99.702000	93.160000	53.233434	2.428084	
0.001000	0.013338	0.275075	99.690000	93.250000	52.710293	2.425636	
0.001000	0.012983	0.274302	99.704000	93.150000	37.089838	1.459248	
0.001000	0.012222	0.275786	99.740000	93.180000	33.087962	2.291537	
0.001000	0.011801	0.277966	99.750000	93.210000	53.611050	2.372003	
0.001000	0.011134	0.278402	99.784000	93.180000	53.044557	2.301712	
0.001000	0.011302	0.276415	99.754000	93.340000	53.646755	2.437054	
0.001000	0.010796	0.278637	99.768000	93.320000	37.486496	1.532820	
0.001000	0.010690	0.279108	99.780000	93.270000	29.724956	2.356567	
0.001000	0.009729	0.276364	99.818000	93.360000	53.482157	2.450696	
0.001000	0.009320	0.276817	99.834000	93.380000	53.609910	2.276410	
0.001000	0.009547	0.275126	99.832000	93.400000	53.450444	2.435419	
0.001000	0.009411	0.278152	99.814000	93.430000	39.137169	1.525712	
0.001000	0.009736	0.277591	99.796000	93.450000	29.763949	2.280818	
0.001000	0.009669	0.279738	99.798000	93.400000	53.282698	2.397933	
0.001000	0.008997	0.278461	99.818000	93.460000	53.172389	2.341943	
0.001000	0.008438	0.279753	99.854000	93.350000	52.939828	2.348058	
0.001000	0.008959	0.284041	99.846000	93.440000	39.766467	1.620059	
0.001000	0.008568	0.281136	99.858000	93.430000	28.380500	2.290294	
0.001000	0.008403	0.280415	99.834000	93.500000	52.808045	2.283043	
0.001000	0.007885	0.277717	99.880000	93.550000	52.323523	2.363328	
0.001000	0.007862	0.283391	99.862000	93.400000	53.080638	2.467158	
0.001000	0.007810	0.283483	99.856000	93.330000	42.947804	1.556471	
0.001000	0.008209	0.282168	99.844000	93.380000	25.090871	2.329063	
0.001000	0.007319	0.283103	99.898000	93.390000	52.396250	2.560039	
0.001000	0.007553	0.282843	99.864000	93.500000	54.039198	2.427492	
