LearningRate	TrainLoss	ValidLoss	TrainAcc.	ValidAcc.	TrainEpochTime(s)	TestEpochTime(s)	
0.012500	2.514560	1.653075	31.534000	39.500000	153.129191	3.166104	
0.012500	2.104925	1.540206	48.012000	46.350000	158.333054	3.473184	
0.012500	1.867792	1.106330	56.782000	60.070000	160.363035	3.313033	
0.012500	1.719021	1.038357	61.982000	63.570000	158.790225	3.287813	
0.012500	1.593642	0.890815	66.180000	68.570000	142.510794	2.745575	
0.012500	1.501068	0.925684	69.232000	68.050000	158.715518	3.223768	
0.012500	1.430078	0.930386	71.538000	67.320000	158.965746	3.325444	
0.012500	1.354659	0.816308	73.962000	71.720000	158.647955	3.267717	
0.012500	1.290099	0.759093	76.044000	73.710000	158.707459	3.412902	
0.012500	1.238151	0.692189	77.546000	76.630000	137.917662	2.626370	
0.012500	1.190557	0.979488	78.824000	69.480000	159.051206	3.432704	
0.012500	1.149899	0.726179	80.006000	75.200000	160.920594	3.320463	
0.012500	1.119248	1.250397	80.642000	64.330000	159.873631	3.241029	
0.012500	1.084039	1.193840	81.796000	66.880000	159.636628	3.289714	
0.012500	1.053040	0.901102	82.518000	72.210000	134.958960	2.744020	
0.012500	1.023302	0.690828	83.138000	77.770000	160.310786	3.490370	
0.012500	0.995313	0.614609	83.826000	79.500000	159.126225	3.130817	
0.012500	0.972502	0.597549	84.234000	79.840000	158.811015	3.284153	
0.012500	0.946953	0.692992	84.954000	77.990000	158.458370	3.268492	
0.012500	0.924060	0.647939	85.296000	79.690000	131.646497	2.765874	
0.012500	0.899256	0.590348	85.882000	81.020000	158.847474	3.317495	
0.012500	0.883374	0.804039	86.216000	74.260000	158.782929	3.267609	
0.012500	0.868718	0.666601	86.304000	78.140000	158.385459	3.677833	
0.012500	0.853919	0.656716	86.534000	79.130000	158.173527	3.274766	
0.012500	0.834215	0.538970	87.106000	82.440000	127.598830	3.359164	
0.012500	0.811538	0.542429	87.304000	81.970000	160.719049	3.542215	
0.012500	0.796175	0.621118	87.572000	80.290000	159.296112	3.394670	
0.012500	0.782724	0.906057	87.776000	75.200000	159.677288	3.435774	
0.012500	0.768816	0.579219	88.042000	81.090000	159.602416	3.202649	
0.012500	0.746605	0.559215	88.592000	82.130000	128.302725	3.532670	
0.012500	0.722587	0.645995	88.304000	79.360000	160.144967	3.700270	
0.012500	0.716977	0.627857	88.326000	80.290000	158.388386	3.384652	
0.012500	0.696753	0.591994	88.880000	81.610000	158.034563	3.440776	
0.012500	0.688587	0.624093	88.864000	80.380000	157.855377	3.664665	
0.012500	0.675128	0.539044	89.194000	83.730000	129.748259	3.221550	
0.012500	0.666172	0.736469	88.110000	78.100000	157.628322	3.422173	
0.012500	0.652061	0.504490	88.326000	83.520000	158.589312	3.298567	
0.012500	0.626736	0.661350	88.886000	79.420000	157.576303	3.259857	
0.012500	0.625207	0.474973	89.014000	84.870000	157.525790	3.427013	
0.012500	0.609217	0.787768	89.604000	76.360000	127.687387	3.323447	
0.012500	0.619838	0.850081	88.466000	74.380000	159.254364	3.438666	
0.012500	0.593993	0.578537	88.938000	81.910000	157.026237	3.116172	
0.012500	0.580615	0.473430	89.382000	84.190000	156.992463	3.267712	
0.012500	0.573829	0.515668	89.448000	83.510000	157.612840	3.156211	
0.012500	0.566388	0.632418	89.882000	80.970000	132.306486	3.294833	
0.012500	0.619416	0.503611	87.908000	83.580000	158.225348	3.586373	
0.012500	0.575001	0.550129	88.982000	82.280000	156.869897	3.300469	
0.012500	0.558689	0.697937	89.176000	78.670000	156.539991	3.148075	
0.012500	0.550176	0.662271	89.440000	79.620000	156.611335	3.270783	
0.012500	0.547202	0.621756	89.358000	80.140000	130.055819	3.156216	
0.012500	0.558828	0.768939	88.686000	76.330000	157.072962	3.445995	
0.012500	0.542071	0.605982	89.286000	81.520000	155.761763	3.121915	
0.012500	0.533377	0.584723	89.546000	81.430000	156.204193	3.170407	
0.012500	0.524239	0.569471	89.750000	81.820000	155.123928	3.151349	
0.012500	0.519712	0.597117	89.842000	81.220000	127.589606	3.093756	
0.012500	0.544028	0.568707	88.766000	81.590000	156.019017	3.517196	
0.012500	0.528651	0.599653	89.356000	81.280000	154.972042	3.328725	
0.012500	0.516841	0.626088	89.586000	81.060000	156.181891	3.214470	
0.012500	0.509771	0.490429	89.750000	83.870000	154.615347	3.271959	
0.012500	0.505261	0.595876	90.076000	82.130000	126.227524	3.120438	
0.012500	0.515085	0.536059	89.358000	82.810000	155.417291	3.527464	
0.012500	0.504370	0.557552	89.686000	82.190000	154.730676	3.191180	
0.012500	0.499103	0.488271	89.890000	83.860000	153.855016	3.254677	
0.012500	0.487036	0.528470	90.392000	83.890000	153.429117	3.185768	
0.012500	0.484847	0.493639	90.200000	84.240000	122.054553	3.191408	
0.012500	0.495922	0.796537	89.806000	77.470000	153.582528	3.348982	
0.012500	0.486410	0.546612	90.132000	82.670000	154.045346	3.257500	
0.012500	0.486183	0.450976	89.928000	85.540000	154.792266	3.236844	
0.012500	0.476443	0.616427	90.322000	81.900000	153.976899	3.228652	
0.012500	0.477834	0.533141	90.368000	83.360000	122.129719	2.825456	
0.012500	0.474102	0.493611	90.430000	84.310000	154.411336	3.456419	
0.012500	0.476909	0.523882	90.286000	83.790000	153.977663	3.138107	
0.012500	0.473048	0.603602	90.428000	81.390000	154.325847	3.256486	
0.012500	0.467160	0.574023	90.562000	82.030000	153.948190	3.261844	
0.012500	0.473040	0.393006	90.278000	87.120000	97.444363	2.751199	
0.012500	0.471197	0.774466	90.350000	77.080000	155.612064	3.577377	
0.012500	0.464574	0.469207	90.632000	84.860000	154.776993	3.419284	
0.012500	0.458557	0.657475	90.758000	79.780000	153.641330	3.414397	
0.012500	0.454069	0.538005	90.910000	83.350000	154.453731	3.143139	
0.012500	0.459471	0.428453	90.764000	86.430000	109.108877	1.660202	
0.012500	0.460081	0.594403	90.644000	82.210000	155.763271	3.373288	
0.012500	0.453042	0.442582	90.890000	85.960000	154.913707	3.048073	
0.012500	0.461100	0.489573	90.524000	84.530000	154.236618	3.079381	
0.012500	0.458177	0.484115	90.734000	84.460000	152.577941	3.102287	
0.012500	0.454019	0.461875	90.788000	85.830000	143.445813	2.713804	
0.012500	0.452074	0.647382	90.862000	79.760000	157.092287	3.538322	
0.012500	0.450126	0.512159	90.840000	83.910000	154.837327	3.123250	
0.012500	0.445249	0.432920	91.126000	85.850000	154.554343	3.108901	
0.012500	0.443789	0.442375	91.174000	85.780000	144.934317	2.858705	
0.012500	0.439444	0.475441	91.294000	84.810000	154.444809	2.981288	
0.012500	0.444322	0.438850	91.098000	85.690000	156.178488	3.493029	
0.012500	0.442113	0.457415	91.050000	84.950000	154.627089	3.202323	
0.001250	0.370716	0.306767	93.706000	90.020000	152.941574	2.532534	
0.001250	0.341889	0.299441	94.738000	90.300000	147.726841	3.333242	
0.001250	0.332800	0.299293	95.048000	90.140000	154.482424	3.054745	
0.001250	0.329322	0.309782	95.166000	90.050000	156.819868	3.651172	
0.001250	0.321989	0.300671	95.382000	90.250000	153.918371	3.014000	
0.001250	0.317491	0.305226	95.528000	90.370000	143.995342	2.918733	
0.001250	0.314190	0.306892	95.706000	90.450000	153.085526	3.059507	
0.001250	0.310688	0.298137	95.640000	90.540000	153.289564	3.121468	
0.001250	0.308369	0.305096	95.668000	90.430000	155.221190	3.391604	
0.001250	0.306081	0.302469	95.744000	90.580000	145.044110	3.064024	
0.001250	0.301507	0.302536	95.914000	90.380000	154.683617	2.983275	
0.001250	0.296567	0.302963	96.032000	90.520000	154.604743	3.067751	
0.001250	0.296100	0.306790	96.070000	90.450000	153.503481	2.551784	
0.001250	0.302593	0.300494	96.034000	90.490000	146.299095	2.600247	
0.001250	0.296049	0.309394	96.216000	90.200000	137.500267	2.926220	
0.001250	0.293440	0.313115	96.298000	90.220000	145.305735	2.851862	
0.001250	0.291999	0.307749	96.246000	90.400000	145.453564	3.039847	
0.001250	0.288721	0.308184	96.366000	90.550000	144.741693	3.001506	
0.001250	0.311669	0.309512	95.588000	90.250000	129.805461	2.771110	
0.001250	0.299620	0.318203	95.944000	89.800000	146.004182	3.052047	
0.001250	0.296794	0.307190	96.028000	90.300000	147.202311	2.961554	
0.001250	0.291730	0.318749	96.234000	90.010000	147.086863	3.055899	
0.001250	0.287954	0.322190	96.320000	89.970000	147.249455	3.130841	
0.001250	0.316503	0.308039	95.438000	89.800000	107.898821	2.621868	
0.001250	0.299870	0.305666	95.936000	90.110000	136.362031	2.827258	
0.001250	0.295911	0.307809	95.948000	90.080000	137.085859	2.681051	
0.001250	0.292285	0.311224	96.072000	90.100000	136.669221	2.846062	
0.001250	0.289378	0.310474	96.172000	90.190000	137.628917	2.644688	
0.001250	0.299735	0.320936	95.556000	89.930000	119.947584	1.179842	
0.001250	0.292166	0.314885	95.848000	89.990000	76.031426	3.066237	
0.001250	0.289398	0.314895	95.852000	90.230000	137.831478	3.123209	
0.001250	0.282742	0.319521	96.126000	89.930000	138.165403	3.105891	
0.001250	0.284120	0.321947	95.984000	90.040000	136.655636	2.937253	
0.001250	0.306302	0.327753	95.138000	89.830000	138.436759	3.105503	
0.001250	0.295624	0.321171	95.454000	89.760000	117.544195	2.570561	
0.001250	0.291671	0.329987	95.562000	89.920000	129.384374	2.758282	
0.001250	0.286893	0.325347	95.774000	89.890000	136.869130	2.747655	
0.001250	0.283225	0.334886	95.848000	89.510000	136.522304	2.920504	
0.001250	0.301130	0.350586	94.978000	89.310000	138.475610	3.119434	
0.001250	0.291302	0.344314	95.338000	89.430000	122.430267	2.312157	
0.001250	0.287658	0.338902	95.534000	89.470000	123.221789	2.834493	
0.001250	0.283938	0.351510	95.682000	89.170000	136.307974	2.794258	
0.001250	0.282184	0.337361	95.600000	89.580000	136.303867	2.748055	
0.001250	0.307509	0.342210	94.710000	89.660000	138.499796	3.116760	
0.001250	0.294953	0.339477	95.274000	89.660000	127.437828	2.748078	
0.001250	0.289590	0.343686	95.318000	89.290000	127.144248	2.741272	
0.001250	0.286877	0.344394	95.502000	89.530000	123.648041	2.706282	
0.001250	0.284218	0.350400	95.524000	89.330000	136.668397	2.748673	
0.001250	0.290231	0.356661	95.186000	89.430000	138.051484	3.085288	
0.001250	0.286785	0.353786	95.360000	89.110000	126.975479	2.704743	
0.001250	0.282022	0.368739	95.402000	89.190000	126.404635	2.839179	
0.001250	0.279185	0.354233	95.504000	89.270000	136.338919	2.439753	
0.001250	0.277365	0.365074	95.616000	89.190000	128.929913	2.795678	
0.001250	0.296922	0.372031	94.744000	88.750000	138.564244	3.202656	
0.001250	0.287821	0.370352	95.012000	88.670000	127.113199	2.721250	
0.001250	0.285133	0.372724	95.152000	88.910000	132.282129	2.444289	
0.001250	0.284919	0.389493	95.140000	88.160000	133.233071	2.714715	
0.000125	0.266322	0.339271	95.918000	89.860000	127.209159	2.818028	
0.000125	0.304911	0.371273	94.206000	88.940000	138.465763	3.127520	
0.000125	0.287927	0.365182	94.992000	89.120000	127.502435	2.538971	
0.000125	0.283296	0.361159	95.096000	89.340000	136.771446	2.831804	
0.000125	0.278309	0.358423	95.316000	89.340000	127.323947	2.509450	
0.000125	0.277897	0.359859	95.224000	89.420000	136.710059	2.683483	
0.000125	0.279960	0.364029	95.224000	89.240000	133.379964	3.138031	
0.000125	0.275884	0.361566	95.342000	89.460000	125.564123	2.791718	
0.000125	0.274646	0.363023	95.440000	89.290000	136.702402	2.727548	
0.000125	0.274247	0.364197	95.278000	89.320000	126.493492	2.780418	
0.000125	0.272315	0.359511	95.374000	89.300000	136.881008	2.713308	
0.000125	0.270472	0.357582	95.602000	89.490000	129.215316	3.166923	
0.000125	0.269188	0.357532	95.608000	89.510000	127.354984	2.791782	
0.000125	0.267154	0.357666	95.656000	89.370000	136.313352	2.857980	
0.000125	0.265458	0.358120	95.786000	89.390000	128.607313	2.417881	
0.000125	0.264738	0.356734	95.774000	89.390000	135.947200	2.697283	
0.000125	0.267251	0.356295	95.630000	89.580000	128.214436	3.153577	
0.000125	0.264815	0.357400	95.788000	89.620000	125.994340	2.821977	
0.000125	0.264546	0.358080	95.822000	89.490000	136.417481	2.786317	
0.000125	0.262883	0.356442	95.756000	89.640000	137.055934	2.880009	
0.000125	0.263223	0.357153	95.774000	89.630000	127.611150	2.888339	
0.000125	0.270835	0.360399	95.462000	89.450000	133.617084	2.568493	
0.000125	0.268996	0.361927	95.586000	89.450000	123.058798	2.818120	
0.000125	0.266239	0.359824	95.602000	89.470000	136.081737	2.675237	
0.000125	0.266390	0.361513	95.640000	89.520000	135.430272	2.753906	
0.000125	0.263096	0.359991	95.734000	89.450000	125.890877	2.726513	
0.000125	0.265942	0.360331	95.642000	89.410000	138.669215	3.176841	
0.000125	0.262831	0.357308	95.854000	89.580000	86.347500	2.215083	
0.000125	0.260987	0.359044	95.842000	89.550000	101.319936	2.371374	
0.000125	0.259497	0.356927	95.968000	89.570000	100.977692	2.420114	
0.000125	0.259597	0.358652	95.924000	89.500000	94.381601	1.882078	
