LearningRate	TrainLoss	ValidLoss	TrainAcc.	ValidAcc.	TrainEpochTime(s)	TestEpochTime(s)	
0.100000	2.296722	1.508473	35.766000	44.850000	25.087173	1.460161	
0.100000	1.719454	1.161155	56.398000	59.250000	85.269005	3.665628	
0.100000	1.394128	1.073532	66.874000	64.120000	181.111131	4.590534	
0.100000	1.200348	1.206796	72.914000	59.400000	204.924023	4.471379	
0.100000	1.074747	0.826618	75.984000	72.080000	200.405398	4.591815	
0.100000	0.988956	1.287966	78.080000	62.460000	193.587100	4.544499	
0.100000	0.928492	0.639186	79.292000	78.140000	176.488611	4.471498	
0.100000	0.882489	0.970255	80.246000	69.160000	185.629445	4.099199	
0.100000	0.853231	0.732645	80.974000	75.830000	198.307412	4.193217	
0.100000	0.815867	0.875981	82.024000	72.740000	192.792152	4.211715	
0.100000	0.802925	1.197170	82.220000	66.180000	191.754742	4.814687	
0.100000	0.794836	0.814862	82.420000	72.860000	181.209781	3.871512	
0.100000	0.779355	0.696984	82.936000	76.720000	191.942119	4.302383	
0.100000	0.773795	0.654619	83.056000	77.580000	200.869255	4.005625	
0.100000	0.770414	0.785191	83.202000	74.530000	204.888560	4.213610	
0.100000	0.750955	0.654388	83.722000	78.240000	191.269120	4.266111	
0.100000	0.756279	0.837431	83.748000	73.710000	178.314775	4.542315	
0.100000	0.734492	0.704017	84.486000	76.830000	193.005365	4.234495	
0.100000	0.739477	0.969321	84.206000	70.090000	196.307709	4.452315	
0.100000	0.735846	0.625380	84.414000	79.610000	193.725491	4.660833	
0.100000	0.723032	0.556414	84.672000	80.990000	189.683112	4.729051	
0.100000	0.725559	0.877240	84.680000	75.000000	178.132378	4.351740	
0.100000	0.727334	0.866359	84.710000	72.930000	184.253434	5.005686	
0.100000	0.717302	1.093474	84.998000	69.050000	195.483594	4.108502	
0.100000	0.721001	0.613348	85.048000	79.540000	201.452593	4.607408	
0.100000	0.708079	0.799232	85.472000	75.370000	194.648273	4.333001	
0.100000	0.719493	0.824541	85.006000	73.880000	176.901057	4.352846	
0.100000	0.712217	0.701710	85.244000	76.170000	190.646003	4.050445	
0.100000	0.710714	0.798136	85.480000	75.550000	194.987249	4.698998	
0.100000	0.714258	0.694647	85.280000	77.430000	198.391625	4.169570	
0.100000	0.687810	0.754635	86.140000	74.660000	189.668339	5.040730	
0.100000	0.692654	1.139636	85.914000	66.480000	177.472089	4.394608	
0.100000	0.695987	0.703188	85.856000	78.150000	190.938264	5.025279	
0.100000	0.694469	0.679306	85.882000	76.970000	197.618196	4.929984	
0.100000	0.690249	0.716232	86.090000	76.360000	194.863386	5.236227	
0.100000	0.680258	0.692308	86.246000	76.980000	188.505357	4.127822	
0.100000	0.695092	1.012863	85.840000	70.900000	182.437516	3.811577	
0.100000	0.694405	0.670412	85.870000	79.680000	193.145244	4.358013	
0.100000	0.688514	0.539549	86.270000	81.850000	197.684050	5.040879	
0.100000	0.686227	0.803051	86.168000	75.010000	197.627305	4.643406	
0.100000	0.679256	0.639024	86.452000	79.400000	182.533755	4.706841	
0.100000	0.689097	0.548238	85.988000	81.480000	185.714142	4.293291	
0.100000	0.691766	0.750440	85.934000	76.880000	188.700831	4.454037	
0.100000	0.681041	0.661712	86.300000	78.630000	197.276821	4.542137	
0.100000	0.677160	0.676376	86.322000	78.450000	193.953643	4.334236	
0.100000	0.663474	0.644159	86.818000	79.350000	180.513709	5.125134	
0.100000	0.683297	0.622320	86.142000	79.240000	183.653292	3.945690	
0.100000	0.670292	0.547858	86.568000	82.260000	180.267494	4.534665	
0.100000	0.669373	0.551966	86.548000	81.410000	195.644836	4.369363	
0.100000	0.678017	0.581199	86.290000	80.040000	189.578471	4.762780	
0.100000	0.668220	0.690406	86.778000	78.200000	179.004079	4.490154	
0.100000	0.679728	0.579150	86.432000	80.590000	181.867545	4.260620	
0.100000	0.675133	0.671738	86.328000	78.250000	189.057615	4.361677	
0.100000	0.672536	0.619804	86.440000	79.970000	191.044918	4.544697	
0.100000	0.669065	0.649932	86.554000	79.430000	193.857014	4.232214	
0.100000	0.658113	0.671725	86.916000	78.660000	189.435328	4.567784	
0.100000	0.670949	0.527485	86.648000	82.420000	185.650496	3.461274	
0.100000	0.660472	0.606029	86.818000	81.050000	187.108342	4.478953	
0.100000	0.673975	0.584228	86.512000	81.190000	190.296171	3.793258	
0.100000	0.667091	0.978703	86.482000	71.480000	189.326386	3.792394	
0.100000	0.660142	0.634059	86.688000	79.740000	188.793386	4.788044	
0.100000	0.665436	0.662235	86.760000	77.740000	189.405152	3.830494	
0.100000	0.659188	0.614253	87.004000	80.660000	185.664726	4.056061	
0.100000	0.663905	0.609854	86.688000	80.260000	191.934892	4.286974	
0.100000	0.662484	0.534993	86.844000	82.480000	183.819296	4.042871	
0.100000	0.644950	0.737866	87.156000	77.410000	189.451325	4.624714	
0.100000	0.662825	0.913879	86.738000	74.080000	185.507903	3.423280	
0.100000	0.653460	0.693006	86.966000	78.050000	191.296692	4.316700	
0.100000	0.665121	0.556758	86.504000	81.710000	186.602710	4.666207	
0.100000	0.648495	0.660159	87.164000	79.810000	193.558983	4.272999	
0.100000	0.651054	0.516681	87.070000	82.530000	187.992638	4.523368	
0.100000	0.652392	0.715317	86.936000	78.970000	183.611790	4.280277	
0.100000	0.658675	0.569411	86.684000	81.810000	195.442417	4.495738	
0.100000	0.649915	0.669171	86.964000	78.670000	188.160218	4.223237	
0.100000	0.661029	0.610945	86.610000	79.850000	189.523135	4.440370	
0.100000	0.642765	0.726184	87.254000	77.960000	188.210392	4.753309	
0.100000	0.648481	0.621564	87.132000	79.540000	176.601406	3.588421	
0.100000	0.649832	0.651068	87.134000	78.830000	188.463294	3.632381	
0.100000	0.650761	0.669911	86.994000	78.910000	199.825247	3.783154	
0.100000	0.650637	0.700633	87.020000	78.040000	200.214165	4.173120	
0.100000	0.643352	0.731407	87.350000	76.180000	192.248078	3.979731	
0.100000	0.649504	0.687344	87.088000	77.900000	186.987950	3.290143	
0.100000	0.649605	0.885538	87.032000	73.330000	194.068539	4.140003	
0.100000	0.647801	0.543682	86.974000	82.110000	200.143968	3.963114	
0.100000	0.651856	0.494945	86.788000	83.910000	200.200919	4.406789	
0.100000	0.637832	0.818158	87.410000	75.480000	195.121591	4.616821	
0.100000	0.652984	0.604484	86.696000	79.790000	176.279070	4.360291	
0.100000	0.642376	0.499646	87.246000	83.020000	199.552973	3.513061	
0.100000	0.642966	0.740223	87.200000	77.540000	201.598781	4.064404	
0.100000	0.643116	0.804699	87.144000	76.300000	199.696899	3.805956	
0.100000	0.634400	0.554983	87.406000	81.580000	197.596891	4.293970	
0.100000	0.651438	0.511666	86.846000	83.040000	172.741127	4.524942	
0.010000	0.511140	0.276349	91.704000	90.520000	203.240629	4.681143	
0.001000	0.458825	0.265791	93.534000	91.110000	199.465611	4.367643	
0.000100	0.455050	0.265120	93.600000	91.110000	203.638972	4.145771	
0.010000	0.452775	0.261945	93.592000	91.390000	198.152635	4.367676	
0.001000	0.431975	0.255856	94.218000	91.540000	186.680853	4.901254	
0.000100	0.424263	0.256628	94.514000	91.540000	190.836946	4.291242	
0.000010	0.423816	0.254111	94.454000	91.570000	202.117716	4.804796	
0.000001	0.423671	0.254214	94.428000	91.560000	192.593821	4.574138	
0.010000	0.428066	0.260058	94.250000	91.290000	203.873476	4.223148	
0.001000	0.409433	0.251496	94.780000	91.800000	186.989780	4.067409	
0.000100	0.408440	0.253729	94.788000	91.670000	197.543389	4.481038	
0.000010	0.405740	0.251511	94.874000	91.700000	197.809000	3.657506	
0.000001	0.404259	0.251360	95.016000	91.880000	183.286016	3.517858	
0.010000	0.411863	0.264237	94.630000	91.480000	193.340817	3.544367	
0.001000	0.394710	0.251216	95.156000	91.720000	189.153731	3.566624	
0.000100	0.390508	0.250127	95.316000	91.780000	196.747001	3.341007	
0.000010	0.386582	0.251194	95.416000	91.850000	193.937793	3.191241	
0.000001	0.389207	0.250256	95.382000	91.780000	183.520518	3.454930	
0.010000	0.395785	0.261291	94.950000	91.500000	185.713900	4.080823	
0.001000	0.376583	0.250479	95.668000	91.730000	181.220094	4.664796	
0.000100	0.372554	0.248965	95.700000	91.910000	189.590366	4.085987	
0.000010	0.373371	0.250502	95.782000	91.900000	178.656029	3.998439	
0.000001	0.371157	0.248557	95.814000	91.980000	189.956780	4.304701	
0.010000	0.383161	0.262839	95.312000	91.730000	183.277079	4.818089	
0.001000	0.363920	0.251344	95.850000	91.780000	184.580116	4.811436	
0.000100	0.359213	0.249768	96.016000	91.820000	192.370310	3.717279	
0.000010	0.360851	0.247356	95.956000	91.880000	177.884835	4.053087	
0.000001	0.359138	0.248761	96.010000	91.760000	191.031044	4.509169	
0.010000	0.372648	0.267216	95.384000	91.470000	185.750303	4.547385	
0.001000	0.354232	0.252694	96.076000	91.940000	188.949307	4.005099	
0.000100	0.346318	0.250962	96.386000	92.000000	182.215684	4.401329	
0.000010	0.347847	0.252948	96.236000	92.050000	183.599544	4.244045	
0.000001	0.347092	0.253528	96.218000	92.010000	196.263523	4.376547	
0.010000	0.359379	0.269616	95.586000	91.300000	198.710563	5.318236	
0.001000	0.340213	0.254377	96.362000	91.770000	175.436886	4.619901	
0.000100	0.337472	0.255167	96.550000	91.900000	195.059163	3.555559	
0.000010	0.335501	0.253250	96.492000	91.890000	187.008234	4.579011	
0.000001	0.334423	0.254266	96.582000	91.820000	190.633671	3.983807	
0.010000	0.350488	0.274665	95.816000	91.400000	194.795707	4.871384	
0.001000	0.332375	0.255641	96.538000	91.950000	173.566565	4.418893	
0.000100	0.325471	0.254664	96.730000	91.990000	181.347865	4.283474	
0.000010	0.325174	0.255630	96.720000	91.990000	191.451240	4.491723	
0.000001	0.325984	0.256478	96.798000	91.980000	182.509972	5.757052	
0.010000	0.340177	0.287863	96.108000	91.150000	191.036115	5.443042	
0.001000	0.322534	0.259182	96.764000	91.740000	186.592332	5.274709	
0.000100	0.315068	0.260769	96.886000	91.870000	176.917603	4.902424	
0.000010	0.313762	0.259210	97.042000	91.910000	192.598804	4.200798	
0.000001	0.311914	0.260396	97.122000	91.870000	179.884409	4.484252	
0.010000	0.331711	0.277378	96.288000	91.450000	188.499931	5.311735	
0.001000	0.313231	0.258242	96.854000	91.900000	180.108287	5.055200	
0.000100	0.305734	0.255636	97.236000	91.990000	185.655121	3.663173	
0.000010	0.303662	0.256389	97.258000	92.070000	184.580395	5.116971	
0.000001	0.305087	0.256041	97.226000	91.900000	172.186995	3.756122	
0.010000	0.326787	0.272313	96.248000	91.850000	194.427294	5.596840	
0.001000	0.308232	0.257089	96.944000	92.030000	176.095029	4.293555	
0.000100	0.298972	0.256993	97.224000	92.200000	190.872101	4.047817	
0.000010	0.297880	0.257753	97.374000	92.050000	192.685681	4.069599	
0.000000	0.297324	0.257267	97.348000	92.140000	179.692667	4.329728	
0.001000	0.297316	0.256759	97.350000	92.140000	194.469702	4.834213	
0.000010	0.290344	0.257483	97.622000	92.130000	177.779249	5.095368	
0.000000	0.292357	0.257249	97.558000	92.110000	196.921932	4.170197	
0.000000	0.294054	0.259074	97.446000	92.030000	169.475685	4.789885	
0.000000	0.292116	0.256297	97.560000	92.180000	189.413891	4.674653	
0.001000	0.292199	0.258348	97.550000	92.090000	194.035501	5.240517	
0.000010	0.288653	0.256941	97.728000	92.160000	168.075177	4.227547	
0.000000	0.290623	0.256622	97.590000	92.150000	191.133986	3.646921	
0.000000	0.289299	0.255925	97.664000	92.170000	178.740665	4.925096	
0.000000	0.288807	0.257051	97.664000	92.120000	189.773068	4.512511	
0.001000	0.289280	0.258065	97.628000	92.260000	191.424300	4.113468	
0.000010	0.288235	0.257710	97.686000	92.210000	186.254932	4.474584	
0.000000	0.288260	0.257813	97.702000	92.190000	183.178177	3.930147	
0.000000	0.290508	0.255986	97.612000	92.350000	179.425009	4.339031	
0.000000	0.288839	0.256682	97.652000	92.220000	192.622243	4.111502	
0.001000	0.288892	0.257493	97.624000	92.190000	185.931834	4.362346	
0.000010	0.284840	0.259155	97.798000	92.100000	183.435793	3.969922	
0.000000	0.287185	0.260470	97.638000	92.110000	146.207559	3.329399	
0.000000	0.285862	0.259798	97.718000	92.020000	151.884470	3.778075	
0.000000	0.286448	0.258447	97.704000	92.190000	152.755461	3.844698	
0.001000	0.285032	0.259527	97.710000	92.220000	144.273604	3.470279	
0.000010	0.284707	0.258754	97.704000	92.200000	143.436321	3.954612	
0.000000	0.283705	0.258964	97.770000	92.230000	138.504072	3.569856	
0.000000	0.283950	0.260765	97.812000	92.240000	154.183516	3.706671	
0.000000	0.283443	0.259633	97.826000	92.270000	149.720561	3.592620	
0.001000	0.286420	0.260535	97.664000	92.300000	109.067580	2.782166	
0.000010	0.281871	0.263788	97.790000	92.290000	104.071644	2.913814	
0.000000	0.281685	0.262772	97.842000	92.360000	72.865366	2.356543	
0.000000	0.282922	0.261369	97.754000	92.300000	72.666902	2.345211	
0.000000	0.282240	0.262692	97.832000	92.360000	71.559539	2.699970	
