LearningRate	TrainLoss	ValidLoss	TrainAcc.	ValidAcc.	TrainEpochTime(s)	TestEpochTime(s)	
0.012500	2.442947	1.613208	31.680000	40.140000	196.514692	4.404251	
0.012500	2.043882	1.308478	48.378000	52.870000	203.414610	4.620235	
0.012500	1.832217	1.301693	56.312000	54.810000	199.834736	3.826668	
0.012500	1.684205	1.204941	61.568000	58.740000	201.745999	3.831443	
0.012500	1.564162	1.039542	65.856000	64.440000	190.356966	3.953545	
0.012500	1.459766	0.905912	69.448000	67.730000	202.920011	3.820890	
0.012500	1.371659	0.909306	72.374000	68.220000	200.112875	4.082433	
0.012500	1.305277	1.124807	74.642000	62.690000	206.273349	3.763663	
0.012500	1.240803	0.801182	76.628000	72.940000	202.727396	3.600863	
0.012500	1.188565	0.712022	78.046000	76.060000	187.566597	3.134284	
0.012500	1.144344	0.722170	79.516000	76.480000	200.079690	3.714705	
0.012500	1.107748	0.877110	80.224000	72.470000	203.775926	4.592050	
0.012500	1.073306	0.730572	81.344000	77.330000	203.316298	3.481726	
0.012500	1.039182	0.715558	82.274000	77.790000	204.817727	3.531783	
0.012500	1.010898	0.574685	82.814000	81.050000	187.091979	3.538503	
0.012500	0.980073	0.607624	83.572000	79.670000	206.652973	4.548894	
0.012500	0.956150	0.579938	84.260000	80.410000	207.319555	3.692906	
0.012500	0.935980	0.639537	84.678000	79.310000	208.922093	4.654803	
0.012500	0.916631	0.687856	85.146000	78.790000	206.027557	3.639174	
0.012500	0.890193	0.545597	85.546000	81.680000	183.798797	3.089292	
0.012500	0.867825	0.562934	86.084000	81.250000	199.828079	4.427158	
0.012500	0.851123	0.526419	86.424000	82.370000	201.501812	4.512078	
0.012500	0.838668	0.684577	86.518000	78.340000	199.571118	3.677952	
0.012500	0.813944	0.526171	87.104000	82.690000	199.732456	4.105955	
0.012500	0.800453	0.587735	87.320000	81.020000	181.751213	3.066926	
0.012500	0.777200	0.671472	87.610000	78.910000	196.904355	3.665215	
0.012500	0.766231	0.541663	87.736000	82.710000	204.394445	4.298350	
0.012500	0.750463	0.536788	88.152000	82.380000	201.328112	3.631073	
0.012500	0.737276	0.663651	88.368000	78.870000	202.529881	3.457339	
0.012500	0.723186	0.612665	88.742000	80.280000	184.036317	3.904599	
0.012500	0.694447	0.583483	88.674000	81.690000	196.159101	4.867676	
0.012500	0.683329	0.508514	88.882000	82.870000	198.149333	3.869576	
0.012500	0.675709	0.574816	88.898000	81.990000	201.319050	3.784072	
0.012500	0.664186	0.467750	89.124000	84.160000	200.547286	4.238972	
0.012500	0.654339	0.602472	89.366000	81.310000	187.565076	3.430536	
0.012500	0.645260	0.518424	88.532000	83.260000	197.466337	3.595433	
0.012500	0.623143	0.532635	89.142000	83.090000	199.031968	3.460650	
0.012500	0.612049	0.646151	89.220000	81.060000	197.745149	3.491675	
0.012500	0.605717	0.561000	89.320000	82.660000	199.895723	3.561944	
0.012500	0.593128	0.520925	89.718000	83.650000	185.826198	3.370499	
0.012500	0.603744	0.508094	88.970000	83.740000	195.967178	4.744152	
0.012500	0.582918	0.481884	89.080000	84.230000	199.378226	3.679308	
0.012500	0.563638	0.517660	89.750000	83.290000	199.202243	4.119465	
0.012500	0.561928	0.507282	89.606000	83.450000	200.247950	4.095957	
0.012500	0.549149	0.442205	89.978000	85.530000	176.419352	3.379926	
0.012500	0.565162	0.524896	89.098000	83.550000	193.280664	3.846451	
0.012500	0.548406	0.543723	89.514000	82.940000	198.336055	3.557307	
0.012500	0.539296	0.673122	89.608000	79.990000	200.062831	3.346895	
0.012500	0.534121	0.683198	89.666000	79.190000	200.341581	4.634798	
0.012500	0.526567	0.458400	89.966000	85.520000	179.517131	3.283730	
0.012500	0.547718	0.634459	89.004000	80.110000	195.105719	3.870294	
0.012500	0.533101	0.503319	89.200000	83.400000	198.371182	4.160332	
0.012500	0.522724	0.681169	89.502000	80.690000	198.595649	3.573321	
0.012500	0.512951	0.602107	89.888000	81.790000	197.928368	4.345482	
0.012500	0.511087	0.684810	89.906000	79.500000	179.228081	3.145215	
0.012500	0.511075	0.580974	89.610000	82.200000	194.819451	4.833588	
0.012500	0.503285	0.469312	89.980000	84.900000	197.893899	4.149314	
0.012500	0.506704	0.568330	89.778000	81.410000	195.031283	3.594609	
0.012500	0.490547	0.456688	90.244000	85.510000	199.759386	3.699894	
0.012500	0.488713	0.704173	90.232000	79.350000	179.165247	3.515879	
0.012500	0.497613	0.589334	89.944000	81.720000	191.962476	4.186620	
0.012500	0.486844	0.486191	90.298000	84.040000	198.255151	3.669601	
0.012500	0.484764	0.567087	90.344000	82.560000	200.171780	3.633839	
0.012500	0.478165	0.495691	90.536000	84.170000	200.460857	4.095119	
0.012500	0.469824	0.689791	90.728000	78.250000	177.362347	3.508111	
0.012500	0.484401	0.502734	89.936000	84.160000	197.742251	4.789824	
0.012500	0.472677	1.061059	90.406000	72.570000	196.352079	3.857279	
0.012500	0.478364	0.458444	90.358000	85.010000	196.537294	4.226038	
0.012500	0.470583	0.489706	90.564000	84.370000	198.494726	3.811691	
0.012500	0.464013	0.493744	90.716000	84.540000	175.720202	3.667936	
0.012500	0.464999	0.631816	90.542000	81.030000	191.393600	5.145725	
0.012500	0.462935	0.513533	90.802000	84.070000	193.882859	3.329333	
0.012500	0.464119	0.487187	90.662000	84.750000	197.549390	3.567519	
0.012500	0.454290	0.443082	90.974000	85.800000	194.806036	3.595606	
0.012500	0.453218	0.424746	90.922000	86.080000	173.004390	3.313613	
0.012500	0.459850	0.542901	90.606000	82.920000	189.369863	4.315978	
0.012500	0.453170	0.449144	90.784000	85.830000	198.843896	3.533557	
0.012500	0.450810	0.526332	90.886000	83.380000	194.603769	4.217985	
0.012500	0.448986	0.448619	90.944000	85.090000	195.646379	4.138876	
0.012500	0.444114	0.417530	91.156000	86.480000	174.543369	3.233284	
0.012500	0.443537	0.485718	91.196000	84.700000	190.869307	4.023377	
0.012500	0.438984	0.426031	91.260000	86.190000	192.105262	4.154675	
0.012500	0.441880	0.558515	91.264000	82.750000	194.201310	3.567841	
0.012500	0.443080	0.605673	91.066000	81.990000	194.959134	3.452250	
0.012500	0.436804	0.464127	91.346000	85.710000	178.603083	3.157703	
0.012500	0.433849	0.476251	91.416000	85.260000	191.110069	4.371143	
0.012500	0.433974	0.440933	91.410000	86.350000	199.996586	3.435798	
0.012500	0.440438	0.432678	91.152000	86.200000	195.547855	4.403723	
0.012500	0.430907	0.462645	91.452000	85.810000	192.681488	4.100163	
0.012500	0.429850	0.435268	91.528000	86.300000	176.848966	3.917241	
0.012500	0.418055	0.475486	91.878000	85.090000	191.071785	4.411509	
0.012500	0.424306	0.449076	91.646000	85.690000	199.988620	3.612816	
0.012500	0.425282	0.626697	91.606000	82.090000	195.002817	4.057762	
0.012500	0.425551	0.479973	91.620000	85.260000	197.544958	3.612150	
0.012500	0.424657	0.487563	91.574000	85.300000	174.787626	3.506541	
0.012500	0.425423	0.615162	91.754000	82.020000	191.250609	3.924886	
0.012500	0.422414	0.480761	91.736000	84.980000	194.528491	3.485269	
0.012500	0.418609	0.497821	91.714000	84.850000	194.525711	3.362988	
0.012500	0.418911	0.480410	91.868000	85.020000	194.760883	3.401600	
0.012500	0.418819	0.501031	91.720000	84.880000	175.880996	3.086237	
0.012500	0.419232	0.605323	91.688000	82.920000	190.841551	3.870209	
0.012500	0.419475	0.471377	91.668000	85.450000	194.827338	4.265229	
0.012500	0.417949	0.410824	91.682000	86.940000	195.452908	3.703644	
0.012500	0.417130	0.467201	91.708000	84.990000	191.399138	3.178491	
0.012500	0.417024	0.590514	91.688000	82.260000	182.869092	3.538185	
0.012500	0.404245	0.504622	92.146000	84.370000	196.366679	3.784040	
0.012500	0.413149	0.485564	91.858000	85.230000	192.981519	4.142910	
0.012500	0.406244	0.510848	91.998000	84.820000	196.572711	3.623698	
0.012500	0.412408	0.431690	92.068000	86.420000	182.203599	3.582365	
0.012500	0.405717	0.475611	92.176000	85.400000	181.622744	3.580216	
0.012500	0.414371	0.420887	91.722000	86.570000	195.895037	5.491188	
0.012500	0.410972	0.485402	91.862000	85.050000	191.339593	4.454538	
0.012500	0.412237	0.463236	91.802000	85.380000	188.039070	4.879180	
0.012500	0.410224	0.501503	91.952000	84.610000	180.088974	4.195275	
0.012500	0.404961	0.435660	92.008000	86.350000	175.280788	4.152026	
0.012500	0.402231	0.479051	92.160000	85.210000	188.724459	4.620749	
0.012500	0.405761	0.644499	92.086000	81.090000	193.804867	3.476250	
0.012500	0.405727	0.474048	91.908000	85.630000	191.781709	3.612419	
0.012500	0.399919	0.424077	92.218000	86.820000	183.162200	3.549670	
0.012500	0.397313	0.514279	92.348000	84.630000	170.094893	3.965519	
0.012500	0.403950	0.451065	91.988000	86.060000	189.444396	4.195278	
0.012500	0.411777	0.438855	91.710000	86.220000	197.187256	3.506036	
0.012500	0.401299	0.498080	92.148000	85.190000	190.317460	3.264427	
0.012500	0.399487	0.416102	92.218000	87.060000	191.089758	4.657168	
0.012500	0.398949	0.458442	92.224000	85.870000	176.903845	3.711688	
0.012500	0.406058	0.420148	92.110000	86.610000	185.215262	4.951596	
0.012500	0.406928	0.395027	92.022000	87.510000	195.923853	3.891499	
0.012500	0.402954	0.480662	92.084000	85.140000	191.392514	4.455765	
0.012500	0.398985	0.500750	92.238000	84.570000	181.610329	3.316290	
0.012500	0.401609	0.415236	92.192000	86.820000	193.955443	4.929683	
0.012500	0.395260	0.537033	92.274000	83.850000	196.767412	5.016085	
0.012500	0.396713	0.479806	92.358000	85.720000	194.036403	3.826092	
0.012500	0.396180	0.453150	92.298000	86.040000	184.506726	3.935968	
0.012500	0.400245	0.529924	92.164000	83.720000	182.419643	4.862336	
0.012500	0.395445	0.468756	92.424000	85.370000	187.727647	3.897963	
0.012500	0.387906	0.585592	92.698000	83.300000	195.969237	4.535423	
0.012500	0.396170	0.389543	92.330000	87.770000	192.872550	3.490700	
0.012500	0.395874	0.417836	92.326000	86.890000	181.111012	3.473030	
0.012500	0.388658	0.400353	92.528000	87.220000	189.039854	3.814768	
0.012500	0.393219	0.561760	92.386000	83.440000	189.119058	3.926249	
0.012500	0.387951	0.407843	92.528000	87.460000	199.142249	3.902965	
0.012500	0.390382	0.457399	92.378000	85.850000	188.905022	4.230457	
0.012500	0.389384	0.446172	92.430000	86.270000	188.180619	3.864544	
0.012500	0.391235	0.428244	92.478000	86.860000	189.339706	3.895179	
0.012500	0.389874	0.571854	92.508000	83.670000	186.673098	3.481004	
0.012500	0.383350	0.470952	92.822000	85.730000	199.612133	3.973015	
0.012500	0.390998	0.428861	92.426000	86.350000	179.943112	3.432193	
0.012500	0.390248	0.460934	92.590000	86.090000	187.942011	3.612220	
0.012500	0.383499	0.403603	92.726000	87.390000	194.889582	3.270060	
0.012500	0.387207	0.474181	92.650000	85.160000	186.830451	3.619658	
0.012500	0.379849	0.411282	93.036000	86.890000	197.180391	3.729521	
0.012500	0.389083	0.516933	92.532000	84.560000	180.123749	3.528380	
0.012500	0.386159	0.530204	92.728000	83.850000	188.678380	3.938602	
0.012500	0.383267	0.516298	92.744000	84.460000	183.447098	3.755421	
0.012500	0.389006	0.450714	92.496000	85.940000	193.811787	3.989146	
0.012500	0.376134	0.427468	92.972000	86.780000	175.227332	3.536035	
0.012500	0.382947	0.419225	92.800000	86.450000	182.048876	3.283401	
0.012500	0.374983	0.470774	93.038000	85.880000	178.607138	4.191004	
0.012500	0.378382	0.567464	92.912000	83.500000	178.011088	3.636504	
0.012500	0.378212	0.453339	92.978000	86.300000	187.062188	3.403240	
0.012500	0.379166	0.423933	92.830000	86.800000	176.640340	3.719449	
0.012500	0.380025	0.393485	92.922000	87.650000	183.957045	3.794766	
0.012500	0.385698	0.397442	92.492000	87.400000	178.032919	3.858895	
0.012500	0.385784	0.399374	92.522000	87.230000	176.062583	3.680575	
0.012500	0.378977	0.470533	92.888000	85.350000	186.309084	3.962905	
0.012500	0.365872	0.422438	93.444000	86.790000	170.994290	3.227048	
0.012500	0.377192	0.626858	92.868000	82.030000	174.123399	3.309401	
0.012500	0.369663	0.488408	93.148000	84.800000	163.094226	2.895003	
0.012500	0.376794	0.479862	92.984000	85.770000	177.233053	2.963516	
0.012500	0.382187	0.407646	92.808000	87.330000	177.304190	2.922081	
0.012500	0.372444	0.471950	92.988000	85.600000	177.775480	3.288270	
0.012500	0.375357	0.482925	92.992000	85.340000	169.991297	2.874441	
0.012500	0.376122	0.566772	92.864000	82.990000	162.443703	3.187721	
0.012500	0.378720	0.629701	92.724000	82.320000	177.053694	3.164982	
0.012500	0.379376	0.534564	92.674000	84.350000	177.500175	3.007249	
0.012500	0.375894	0.594719	92.850000	83.150000	141.735801	3.104454	
0.012500	0.379211	0.362154	92.696000	87.890000	115.482740	1.899595	
0.012500	0.376719	0.503602	92.826000	84.390000	81.926909	1.056242	
0.012500	0.374946	0.494577	92.908000	85.110000	23.135047	1.017355	
0.012500	0.373161	0.513853	92.988000	84.200000	22.088066	1.201337	
