LearningRate	TrainLoss	ValidLoss	TrainAcc.	ValidAcc.	TrainEpochTime(s)	TestEpochTime(s)	
0.100000	2.260991	1.725266	33.890000	39.280000	177.370100	3.469053	
0.100000	1.683050	1.495104	54.622000	49.230000	202.052321	3.595119	
0.100000	1.360804	1.112028	65.666000	63.120000	199.896510	3.406872	
0.100000	1.180736	1.243878	71.350000	58.990000	199.069782	3.374014	
0.100000	1.039889	0.765536	75.616000	73.120000	186.857600	3.241383	
0.100000	0.952558	0.941815	77.764000	68.560000	185.037836	3.612396	
0.100000	0.894791	0.748145	79.264000	74.260000	200.130369	3.576531	
0.100000	0.848811	0.941527	80.148000	69.870000	201.319205	3.493427	
0.100000	0.808227	0.714730	81.244000	76.260000	193.921961	4.584048	
0.100000	0.784116	0.692439	81.952000	76.320000	184.939785	3.659872	
0.100000	0.768985	0.580839	82.156000	80.430000	176.604353	3.748290	
0.100000	0.744938	0.792201	82.792000	74.880000	197.716230	3.991221	
0.100000	0.737705	1.012474	83.068000	70.160000	197.846104	4.320286	
0.100000	0.724092	0.712245	83.544000	76.070000	196.772091	3.894961	
0.100000	0.717407	0.740451	83.780000	76.850000	191.236909	3.843740	
0.100000	0.693331	0.877187	84.230000	73.010000	181.681775	4.475297	
0.100000	0.711203	0.732026	83.792000	76.260000	196.141729	4.666325	
0.100000	0.696830	0.921330	84.324000	70.170000	191.157991	4.832429	
0.100000	0.696739	0.794966	84.362000	74.910000	197.703212	4.080880	
0.100000	0.686954	0.554615	84.852000	81.060000	191.213772	3.777138	
0.100000	0.674890	0.620152	85.338000	79.290000	179.298778	5.304379	
0.100000	0.683980	0.838783	84.980000	74.370000	196.993557	4.891652	
0.100000	0.674690	1.029696	85.326000	69.700000	196.771702	5.052020	
0.100000	0.678054	0.899997	85.278000	72.030000	194.983116	4.627702	
0.100000	0.667691	0.529812	85.444000	81.970000	188.928317	4.737300	
0.100000	0.662957	0.536708	85.704000	82.220000	182.394354	4.637268	
0.100000	0.653385	0.718157	86.120000	76.900000	195.394968	4.388584	
0.100000	0.669192	0.574086	85.600000	80.990000	193.451236	4.208353	
0.100000	0.664425	0.775558	85.740000	76.120000	197.276429	5.037811	
0.100000	0.653335	0.819641	86.038000	73.620000	187.677890	3.540498	
0.100000	0.643226	0.804672	86.520000	74.930000	183.071174	4.705290	
0.100000	0.654250	0.699540	86.070000	76.820000	195.232141	4.283118	
0.100000	0.645882	0.882417	86.526000	73.960000	195.895235	4.005161	
0.100000	0.658901	0.714061	85.890000	76.510000	192.899800	4.740713	
0.100000	0.644086	0.501179	86.440000	83.110000	191.631454	4.247099	
0.100000	0.646912	0.690504	86.330000	78.270000	183.963356	4.839562	
0.100000	0.643154	0.628261	86.478000	79.600000	196.656733	4.921402	
0.100000	0.651116	0.663508	86.316000	78.220000	198.456843	3.620497	
0.100000	0.640545	0.601162	86.740000	80.110000	194.192796	4.225104	
0.100000	0.636725	0.671071	86.800000	78.760000	189.800286	4.324486	
0.100000	0.637820	0.633732	86.572000	79.560000	187.549556	4.842895	
0.100000	0.640006	0.960363	86.400000	72.820000	196.119274	5.004667	
0.100000	0.632391	0.825960	86.822000	74.160000	190.814557	4.770983	
0.100000	0.636238	0.737113	86.612000	77.050000	196.661913	4.316310	
0.100000	0.630076	0.597364	86.936000	80.220000	182.507752	3.891160	
0.100000	0.623611	0.618756	87.024000	79.420000	181.542624	4.593651	
0.100000	0.630943	0.458330	86.824000	84.350000	193.735803	4.726756	
0.100000	0.631233	0.684531	86.934000	78.400000	193.144091	4.042262	
0.100000	0.631902	0.760607	86.798000	76.640000	190.313668	4.651610	
0.100000	0.625432	0.446192	86.950000	84.770000	189.132204	3.945346	
0.100000	0.631471	1.147794	86.728000	68.020000	176.546440	5.279836	
0.100000	0.628415	0.764054	86.876000	75.120000	196.385355	4.401306	
0.100000	0.623726	0.580990	87.136000	81.160000	193.681430	5.155947	
0.100000	0.629256	0.619482	86.900000	80.640000	191.099458	4.112109	
0.100000	0.631277	0.706279	86.784000	77.960000	184.982827	3.922526	
0.100000	0.615441	0.618915	87.388000	80.330000	178.377335	5.048094	
0.100000	0.622910	0.737475	86.960000	76.890000	193.112226	4.046729	
0.100000	0.622262	0.891436	87.202000	73.130000	192.583696	4.500226	
0.100000	0.627439	0.610594	87.016000	80.200000	194.226844	4.620160	
0.100000	0.616864	0.544019	87.242000	82.120000	183.456303	3.774083	
0.100000	0.610657	0.504099	87.472000	83.510000	169.536631	4.713944	
0.100000	0.627835	0.886701	86.952000	72.200000	196.909394	5.197127	
0.100000	0.620938	0.779108	87.004000	76.100000	195.922989	4.559291	
0.100000	0.617261	1.060822	87.160000	71.420000	201.298423	5.149080	
0.100000	0.626032	0.719587	86.914000	77.300000	182.786352	4.532237	
0.100000	0.603268	1.142256	87.692000	66.930000	170.871940	5.390850	
0.100000	0.617872	0.836167	87.242000	75.850000	192.619189	4.858296	
0.100000	0.612853	0.716404	87.284000	78.280000	196.743499	5.412370	
0.100000	0.615267	0.864037	87.438000	75.250000	191.119011	5.100391	
0.100000	0.616156	0.687525	87.294000	78.300000	182.185260	4.458170	
0.100000	0.609282	0.723869	87.398000	76.110000	176.509474	5.140465	
0.100000	0.613138	0.924375	87.220000	73.670000	195.962374	4.687583	
0.100000	0.619029	0.685728	87.138000	78.750000	189.491172	4.529451	
0.100000	0.607311	0.484398	87.566000	83.950000	196.916276	4.450911	
0.100000	0.611802	0.731001	87.316000	76.440000	186.876317	4.079791	
0.100000	0.612318	0.653248	87.380000	78.830000	181.803695	5.408826	
0.100000	0.608935	0.754247	87.590000	75.950000	195.545226	4.900690	
0.100000	0.614297	0.681097	87.346000	78.650000	197.381202	5.353486	
0.100000	0.609888	0.855006	87.544000	73.540000	196.619078	4.539451	
0.100000	0.611347	0.622404	87.536000	80.270000	183.970220	5.618722	
0.100000	0.598803	0.553638	87.800000	82.460000	180.686301	5.315145	
0.100000	0.608960	0.965622	87.372000	72.110000	194.536093	5.111775	
0.100000	0.607313	0.531756	87.526000	82.340000	192.474762	4.189314	
0.100000	0.611879	0.813494	87.454000	75.440000	192.732994	4.239901	
0.100000	0.605801	0.659735	87.682000	79.420000	177.440136	4.234183	
0.100000	0.596113	0.642161	87.930000	78.260000	179.659619	5.393973	
0.100000	0.605627	0.667920	87.538000	77.810000	193.269518	4.702368	
0.100000	0.609605	0.744569	87.366000	78.290000	199.578932	5.121865	
0.100000	0.604402	0.767835	87.570000	76.640000	203.052704	4.526371	
0.100000	0.599861	0.564590	87.690000	81.320000	173.392289	4.575022	
0.100000	0.597567	0.632765	87.864000	79.960000	181.343115	4.976310	
0.100000	0.606073	0.530353	87.446000	82.520000	202.910479	4.995261	
0.010000	0.473835	0.268608	92.156000	90.770000	193.502766	4.243026	
0.001000	0.423210	0.261238	93.802000	91.030000	192.117615	4.287822	
0.000100	0.417569	0.262377	93.928000	91.030000	176.941448	4.074751	
0.010000	0.415795	0.255273	93.916000	91.330000	178.479856	6.182059	
0.001000	0.394503	0.250054	94.626000	91.650000	200.350509	5.110232	
0.000100	0.388299	0.248729	94.882000	91.640000	198.387857	4.693672	
0.000010	0.389372	0.250416	94.778000	91.630000	197.681581	4.970752	
0.000001	0.388210	0.249454	94.828000	91.500000	168.420452	4.876163	
0.010000	0.394225	0.246474	94.522000	91.690000	184.890463	4.966208	
0.001000	0.373916	0.242942	95.102000	91.890000	189.987164	5.321242	
0.000100	0.368896	0.240130	95.420000	91.920000	195.208211	4.710605	
0.000010	0.370054	0.242016	95.238000	91.980000	190.457609	4.605435	
0.000001	0.369114	0.240664	95.368000	92.010000	181.695210	3.934813	
0.010000	0.375015	0.253635	94.904000	91.720000	182.846793	5.591004	
0.001000	0.359532	0.239071	95.536000	91.950000	195.706464	5.129182	
0.000100	0.351563	0.240216	95.864000	91.940000	191.378683	4.942588	
0.000010	0.356280	0.238920	95.644000	91.980000	190.583667	4.341871	
0.000001	0.354710	0.238346	95.640000	92.030000	181.467440	4.029758	
0.010000	0.365311	0.246546	95.196000	91.910000	180.578461	5.270669	
0.001000	0.347368	0.236294	95.810000	92.170000	197.047961	5.176765	
0.000100	0.341053	0.236097	96.024000	92.190000	197.425590	4.722203	
0.000010	0.340160	0.233971	96.034000	92.240000	192.649590	4.796748	
0.000001	0.339658	0.233868	96.076000	92.150000	185.925272	3.372560	
0.010000	0.349578	0.266343	95.622000	91.330000	178.332916	5.085110	
0.001000	0.334719	0.240111	96.062000	92.240000	201.674991	5.121507	
0.000100	0.327294	0.240205	96.356000	92.380000	197.920565	4.976141	
0.000010	0.328240	0.237761	96.468000	92.240000	191.647290	5.146164	
0.000001	0.326514	0.240533	96.368000	92.230000	195.473679	3.397698	
0.010000	0.341281	0.256450	95.826000	91.800000	183.076312	5.563680	
0.001000	0.322637	0.235089	96.354000	92.410000	192.747515	4.519124	
0.000100	0.316099	0.238985	96.616000	92.260000	191.257872	5.016627	
0.000010	0.315145	0.237057	96.694000	92.340000	185.969406	4.293721	
0.000001	0.316221	0.236667	96.642000	92.270000	189.877968	4.962539	
0.010000	0.329244	0.268245	95.962000	91.350000	183.507208	4.848027	
0.001000	0.311900	0.238091	96.610000	92.200000	202.650761	4.149817	
0.000100	0.304733	0.242453	96.962000	92.140000	197.828995	4.362497	
0.000010	0.303522	0.239860	97.016000	92.320000	197.517461	4.581767	
0.000001	0.307931	0.239604	96.732000	92.280000	196.989300	4.707491	
0.010000	0.320558	0.265360	96.176000	91.480000	183.913330	5.171000	
0.001000	0.301813	0.237817	96.880000	92.310000	195.047831	4.915783	
0.000100	0.296077	0.236136	97.142000	92.400000	194.744179	3.772798	
0.000010	0.295919	0.239864	97.162000	92.330000	197.442392	4.890543	
0.000001	0.297251	0.237467	97.008000	92.360000	195.610854	4.513072	
0.010000	0.313817	0.258574	96.314000	91.730000	182.007578	4.717639	
0.001000	0.293488	0.241348	97.052000	92.230000	191.752498	5.330427	
0.000100	0.287302	0.240273	97.256000	92.290000	197.160157	5.171675	
0.000010	0.286267	0.239322	97.332000	92.330000	196.810811	4.486132	
0.000001	0.288872	0.240104	97.112000	92.370000	198.778517	4.614338	
0.010000	0.302904	0.284253	96.542000	91.440000	191.695229	4.513342	
0.001000	0.288338	0.238017	97.074000	92.500000	196.037397	5.145330	
0.000100	0.282026	0.239074	97.282000	92.400000	203.965445	4.942282	
0.000010	0.279131	0.240181	97.422000	92.250000	196.487718	4.094411	
0.000001	0.279109	0.240409	97.396000	92.360000	190.788841	4.373933	
0.010000	0.300021	0.283294	96.564000	91.270000	196.881496	5.458493	
0.001000	0.281148	0.243770	97.238000	92.470000	196.344990	5.081707	
0.000100	0.271628	0.244980	97.618000	92.430000	204.601731	4.367640	
0.000010	0.270883	0.244716	97.634000	92.420000	204.013358	3.809399	
0.000000	0.271510	0.243349	97.662000	92.390000	193.848949	4.111907	
0.001000	0.270736	0.243353	97.616000	92.460000	204.180064	5.119150	
0.000010	0.267476	0.246519	97.676000	92.380000	200.543553	3.871634	
0.000000	0.269258	0.244091	97.722000	92.490000	202.029713	4.051056	
0.000000	0.266797	0.242080	97.756000	92.420000	201.165654	4.608301	
0.000000	0.267313	0.243736	97.718000	92.460000	182.239222	3.582718	
0.001000	0.266270	0.244350	97.754000	92.430000	204.364030	5.035623	
0.000010	0.266003	0.244794	97.798000	92.340000	198.654036	4.199916	
0.000000	0.265165	0.241867	97.818000	92.530000	201.436613	4.184215	
0.000000	0.266895	0.245072	97.750000	92.420000	200.098851	4.817565	
0.000000	0.264291	0.244746	97.868000	92.370000	183.059116	4.571129	
0.001000	0.266115	0.243687	97.718000	92.470000	205.577351	4.349834	
0.000010	0.264533	0.246301	97.826000	92.360000	202.242936	4.892694	
0.000000	0.264785	0.245694	97.786000	92.430000	199.836065	3.796984	
0.000000	0.264268	0.245011	97.836000	92.490000	198.368603	3.713526	
0.000000	0.263823	0.244423	97.858000	92.430000	190.478394	3.261167	
0.001000	0.262456	0.245965	97.858000	92.540000	203.899145	5.244174	
0.000010	0.261870	0.247850	97.828000	92.470000	202.322117	4.163555	
0.000000	0.261820	0.244382	97.910000	92.530000	199.239493	3.729702	
0.000000	0.260614	0.246622	97.938000	92.510000	195.132452	3.923664	
0.000000	0.260411	0.244559	97.908000	92.520000	194.777889	3.796823	
0.001000	0.261707	0.247914	97.910000	92.430000	206.645009	4.338243	
0.000010	0.259636	0.246436	97.994000	92.480000	202.915961	3.650144	
0.000000	0.259894	0.246493	97.976000	92.530000	201.989629	3.462655	
0.000000	0.259078	0.246118	97.982000	92.470000	196.095380	3.679557	
0.000000	0.258562	0.246944	98.036000	92.480000	197.046561	3.489868	
0.001000	0.261268	0.248141	97.936000	92.390000	205.783298	3.944192	
0.000010	0.256934	0.249218	97.968000	92.430000	204.304684	3.434700	
0.000000	0.257239	0.249023	98.046000	92.420000	205.360851	3.372924	
0.000000	0.257534	0.249682	98.034000	92.490000	159.708652	2.221039	
0.000000	0.258893	0.249230	97.906000	92.470000	120.741404	1.794465	
