LearningRate	TrainLoss	ValidLoss	TrainAcc.	ValidAcc.	TrainEpochTime(s)	TestEpochTime(s)	
0.100000	2.399637	1.922317	33.678000	34.380000	188.844548	3.613228	
0.100000	1.789830	1.336728	55.290000	54.720000	198.976019	3.345624	
0.100000	1.462439	1.487978	65.596000	55.880000	199.710073	3.363036	
0.100000	1.247693	0.979128	72.182000	67.170000	191.409879	3.346255	
0.100000	1.112966	0.947953	75.618000	67.600000	189.130812	3.110729	
0.100000	1.020200	1.231486	77.704000	62.000000	194.262311	3.592567	
0.100000	0.957969	0.955112	78.922000	68.860000	201.559950	3.314263	
0.100000	0.906204	0.969308	79.964000	71.000000	202.738380	3.776286	
0.100000	0.877113	0.758655	80.766000	75.090000	192.744787	3.587954	
0.100000	0.851789	0.797261	81.346000	73.140000	194.571942	3.323246	
0.100000	0.824009	0.658750	82.150000	78.510000	200.944893	3.808561	
0.100000	0.822737	1.028289	81.962000	68.020000	208.477535	3.744633	
0.100000	0.811920	0.849641	82.268000	74.400000	208.017740	4.130061	
0.100000	0.801040	0.886819	82.908000	70.750000	198.308923	3.815667	
0.100000	0.799945	1.273057	82.744000	64.880000	194.928359	3.450599	
0.100000	0.782990	0.691562	83.492000	77.120000	203.900204	3.922919	
0.100000	0.792344	0.741848	83.162000	74.860000	207.680456	3.758063	
0.100000	0.778668	0.700736	83.482000	77.740000	207.961401	3.855259	
0.100000	0.774239	0.920342	83.944000	72.960000	200.282480	3.629966	
0.100000	0.770277	0.737247	83.774000	76.090000	197.577224	3.551808	
0.100000	0.763313	0.884391	83.972000	71.490000	203.334230	4.176194	
0.100000	0.768327	0.867136	83.976000	73.180000	212.386397	3.892475	
0.100000	0.752921	0.971455	84.686000	72.080000	211.996208	3.949200	
0.100000	0.747367	0.770406	84.674000	76.110000	202.323667	3.973543	
0.100000	0.753077	0.732950	84.532000	75.700000	200.011154	3.952260	
0.100000	0.739532	0.646828	85.006000	79.380000	203.780570	4.060256	
0.100000	0.750454	1.022805	84.464000	70.480000	210.223325	3.676652	
0.100000	0.745722	0.698891	84.698000	77.370000	207.759105	3.908958	
0.100000	0.739780	0.701232	84.952000	77.640000	198.286514	4.210833	
0.100000	0.738702	0.769193	85.004000	75.380000	197.793435	4.115092	
0.100000	0.723232	0.741546	85.512000	73.570000	200.253802	4.345476	
0.100000	0.738253	0.670171	84.838000	78.110000	209.026296	4.241698	
0.100000	0.728704	0.768541	85.280000	76.020000	208.529029	4.061532	
0.100000	0.733383	1.126469	85.210000	69.650000	195.811068	3.672347	
0.100000	0.721521	0.767602	85.670000	75.400000	197.180703	3.492539	
0.100000	0.713161	0.628026	85.600000	79.100000	201.296714	4.527177	
0.100000	0.716345	0.643732	85.674000	79.600000	207.522473	3.902673	
0.100000	0.716068	0.582698	85.758000	80.820000	203.417784	3.945718	
0.100000	0.716422	0.770134	85.568000	75.860000	201.523253	3.966752	
0.100000	0.713485	0.816481	85.580000	75.420000	198.126785	3.874905	
0.100000	0.704957	0.911562	86.008000	73.610000	200.285072	4.628946	
0.100000	0.714603	0.719706	85.716000	76.980000	207.817906	4.147801	
0.100000	0.712821	0.473587	85.780000	84.090000	197.898038	3.975427	
0.100000	0.707588	0.955941	85.792000	71.740000	205.538326	4.268978	
0.100000	0.703160	0.600455	86.132000	80.610000	194.326136	3.840435	
0.100000	0.693379	0.877347	86.450000	73.930000	202.772802	4.840739	
0.100000	0.703109	0.655860	86.086000	78.240000	204.340142	3.846254	
0.100000	0.702986	0.527345	85.844000	82.750000	197.614710	3.952928	
0.100000	0.694980	0.670280	86.340000	77.890000	206.347704	3.826483	
0.100000	0.703871	0.992777	86.010000	68.470000	194.877279	3.825258	
0.100000	0.690789	0.751126	86.282000	76.760000	201.485755	4.303478	
0.100000	0.702396	1.005846	85.840000	68.570000	205.992506	3.777236	
0.100000	0.694925	0.662732	86.034000	78.730000	198.363599	3.715304	
0.100000	0.691818	0.716578	86.270000	77.440000	199.382873	3.512551	
0.100000	0.695130	0.694710	86.074000	77.170000	206.629603	3.288089	
0.100000	0.687437	0.725400	86.314000	76.150000	203.755176	4.127536	
0.100000	0.687044	0.750290	86.346000	77.500000	198.208014	3.552723	
0.100000	0.692010	1.012911	86.404000	69.240000	208.627527	3.638925	
0.100000	0.685191	0.629313	86.384000	79.380000	198.905523	3.749480	
0.100000	0.687644	1.498103	86.228000	64.450000	198.862635	3.837080	
0.100000	0.680562	0.771146	86.512000	74.860000	202.978462	4.118569	
0.100000	0.684552	0.586347	86.402000	80.920000	197.145392	3.591259	
0.100000	0.684222	0.887346	86.440000	72.400000	206.446079	3.463092	
0.100000	0.685826	0.744941	86.222000	75.850000	196.092714	3.777594	
0.100000	0.682368	0.779687	86.444000	75.670000	197.335314	3.552534	
0.100000	0.670477	0.627558	86.658000	79.470000	204.263585	4.053381	
0.100000	0.680464	0.525304	86.456000	82.250000	196.772583	3.655740	
0.100000	0.678346	1.025856	86.364000	70.030000	205.235497	3.761453	
0.100000	0.676561	0.631709	86.600000	78.990000	200.033816	3.840705	
0.100000	0.669988	0.842984	86.752000	73.910000	196.685413	3.563992	
0.100000	0.669280	0.602153	86.686000	80.660000	193.692464	4.475490	
0.100000	0.668553	0.785527	86.650000	75.590000	204.999091	3.569160	
0.100000	0.672900	0.605058	86.500000	80.010000	192.412221	3.456847	
0.100000	0.676218	1.053891	86.548000	68.730000	199.197380	3.371491	
0.100000	0.674135	0.712252	86.520000	77.330000	193.807212	3.540802	
0.100000	0.660474	0.725640	86.850000	76.410000	187.665918	3.914363	
0.100000	0.676292	0.604288	86.392000	79.920000	199.470410	3.354950	
0.100000	0.674144	0.552419	86.570000	81.560000	191.429408	3.364580	
0.100000	0.666447	0.862302	86.804000	74.710000	190.440591	3.381205	
0.100000	0.665242	0.637069	86.704000	79.240000	190.895125	3.256276	
0.100000	0.663589	0.622632	86.684000	79.270000	202.272378	3.848468	
0.100000	0.663793	0.515839	86.774000	82.330000	198.993542	3.215950	
0.100000	0.673633	0.698660	86.444000	77.880000	190.997133	3.435891	
0.100000	0.670948	0.906774	86.500000	72.670000	190.921960	3.153933	
0.100000	0.665790	0.582998	86.786000	81.240000	184.999143	3.358629	
0.100000	0.655927	0.728122	86.988000	77.250000	209.163893	4.469786	
0.100000	0.667311	0.596092	86.654000	81.460000	198.744537	3.499228	
0.100000	0.670111	0.551514	86.642000	81.570000	204.896644	3.548454	
0.100000	0.657693	0.602875	87.044000	80.300000	189.357636	3.508690	
0.100000	0.662705	0.708073	86.802000	76.440000	197.066635	3.761590	
0.100000	0.651349	0.561893	87.132000	81.920000	208.066915	4.516388	
0.100000	0.670199	0.675492	86.412000	77.820000	198.287532	3.765048	
0.010000	0.533050	0.281889	91.254000	90.290000	192.404362	3.497337	
0.001000	0.481142	0.275523	93.108000	90.440000	200.271783	3.693658	
0.000100	0.475406	0.274949	93.268000	90.670000	198.207495	3.535995	
0.010000	0.472039	0.271441	93.060000	90.780000	206.849273	4.208321	
0.001000	0.448090	0.263764	93.886000	90.980000	197.870076	3.736753	
0.000100	0.443226	0.263152	94.184000	90.930000	189.844813	3.625980	
0.000010	0.445958	0.262147	93.924000	91.060000	204.599276	3.351129	
0.000001	0.443220	0.262015	94.052000	91.010000	201.676052	3.531341	
0.010000	0.448393	0.266131	93.694000	91.110000	209.166448	3.834042	
0.001000	0.427952	0.253364	94.368000	91.450000	176.712763	3.379994	
0.000100	0.422094	0.253894	94.604000	91.380000	199.639245	3.298327	
0.000010	0.423583	0.252681	94.422000	91.470000	191.210781	3.479085	
0.000001	0.423226	0.252719	94.560000	91.430000	198.434530	3.354483	
0.010000	0.429818	0.269082	94.180000	90.790000	189.391323	3.828285	
0.001000	0.410312	0.252629	94.788000	91.330000	186.412454	3.547944	
0.000100	0.405830	0.252193	94.936000	91.330000	199.206786	3.506768	
0.000010	0.405215	0.251452	94.920000	91.250000	190.416548	3.818882	
0.000001	0.404285	0.251585	94.986000	91.160000	201.978137	3.988714	
0.010000	0.414342	0.263577	94.554000	91.170000	169.323198	4.199184	
0.001000	0.396220	0.250049	95.056000	91.460000	203.624513	3.585876	
0.000100	0.389363	0.250001	95.254000	91.430000	204.314097	3.673182	
0.000010	0.388186	0.250506	95.370000	91.470000	197.599063	3.736689	
0.000001	0.389907	0.249498	95.296000	91.550000	203.434822	3.573883	
0.010000	0.401655	0.254859	94.700000	91.630000	185.541314	4.615766	
0.001000	0.382178	0.245768	95.366000	91.850000	204.238259	3.435091	
0.000100	0.374078	0.245222	95.694000	91.850000	196.018278	3.565856	
0.000010	0.376536	0.243733	95.624000	91.650000	203.796247	3.646072	
0.000001	0.376714	0.247597	95.636000	91.760000	188.096438	3.411712	
0.010000	0.387379	0.266062	95.104000	91.240000	199.552194	4.432566	
0.001000	0.368096	0.249906	95.732000	91.620000	204.003033	3.607957	
0.000100	0.361417	0.248188	95.948000	91.770000	198.824740	3.729571	
0.000010	0.360656	0.246953	95.950000	91.710000	204.915517	3.758276	
0.000001	0.363844	0.247278	95.852000	91.700000	187.192428	3.578812	
0.010000	0.374662	0.273334	95.238000	91.180000	208.837095	4.668767	
0.001000	0.356634	0.247253	95.960000	91.880000	205.205176	3.385667	
0.000100	0.351832	0.247964	96.120000	91.860000	199.083285	3.649977	
0.000010	0.348701	0.247435	96.262000	91.900000	181.878597	3.925188	
0.000001	0.350556	0.247665	96.136000	91.960000	201.469110	3.305433	
0.010000	0.366038	0.272509	95.430000	91.280000	208.422412	4.345930	
0.001000	0.349010	0.244963	96.028000	92.080000	199.138910	3.864353	
0.000100	0.340896	0.246109	96.320000	92.030000	202.837401	3.742334	
0.000010	0.339700	0.245027	96.400000	91.950000	183.431017	3.710445	
0.000001	0.338771	0.244360	96.486000	91.930000	195.886877	3.518235	
0.010000	0.356635	0.278014	95.536000	91.160000	209.449507	4.410349	
0.001000	0.337584	0.244850	96.332000	92.020000	198.404226	3.614402	
0.000100	0.328477	0.243175	96.638000	92.160000	184.052422	3.561815	
0.000010	0.327323	0.244999	96.690000	92.120000	203.784341	3.699331	
0.000001	0.329990	0.245469	96.568000	92.030000	196.714357	3.542621	
0.010000	0.350219	0.276617	95.704000	91.270000	207.400485	4.556224	
0.001000	0.329409	0.242368	96.438000	92.320000	196.243204	3.444049	
0.000100	0.319350	0.242762	96.816000	92.120000	186.457903	3.991411	
0.000010	0.319222	0.242889	96.888000	92.160000	206.263750	3.779222	
0.000001	0.320443	0.242182	96.712000	92.280000	194.758397	3.678122	
0.010000	0.338955	0.274339	95.916000	91.360000	205.598575	4.177398	
0.001000	0.320916	0.253504	96.636000	92.030000	179.427936	3.513323	
0.000100	0.309714	0.253061	96.964000	91.900000	204.315386	3.720464	
0.000010	0.308310	0.254223	97.072000	91.940000	197.136009	3.411919	
0.000000	0.311744	0.252535	97.004000	92.070000	202.077739	3.510536	
0.001000	0.310471	0.249801	96.990000	91.960000	196.461535	4.048179	
0.000010	0.304910	0.249952	97.222000	91.970000	190.079979	3.811351	
0.000000	0.305109	0.248343	97.150000	92.060000	202.781556	3.664183	
0.000000	0.307133	0.248444	97.112000	92.100000	192.936275	3.660562	
0.000000	0.305785	0.250946	97.102000	92.070000	202.641699	3.621790	
0.001000	0.305546	0.250630	97.186000	92.100000	171.054772	4.415540	
0.000010	0.300543	0.249384	97.302000	92.000000	203.542964	3.566921	
0.000000	0.303553	0.248394	97.202000	92.020000	203.093250	3.459729	
0.000000	0.303185	0.251658	97.252000	92.010000	195.744796	3.566406	
0.000000	0.301293	0.249322	97.266000	92.130000	204.929736	3.707773	
0.001000	0.303973	0.248725	97.178000	92.060000	181.813771	4.560931	
0.000010	0.300690	0.252322	97.338000	92.060000	203.722869	3.638123	
0.000000	0.301617	0.250782	97.302000	92.010000	202.670624	3.728761	
0.000000	0.298518	0.251730	97.410000	91.990000	199.336956	4.026238	
0.000000	0.301137	0.251994	97.300000	91.990000	186.029467	2.979357	
0.001000	0.300950	0.250934	97.230000	92.030000	157.071536	3.658113	
0.000010	0.298114	0.251283	97.430000	92.020000	161.589586	3.040584	
0.000000	0.298491	0.252717	97.336000	92.030000	156.559883	2.226342	
0.000000	0.298647	0.250059	97.366000	92.130000	164.024723	3.082716	
0.000000	0.300329	0.250262	97.310000	92.060000	130.662752	2.055155	
0.001000	0.297847	0.251744	97.372000	92.140000	124.755709	2.732198	
0.000010	0.295626	0.251682	97.428000	92.100000	110.446908	1.944952	
0.000000	0.295364	0.252195	97.458000	92.180000	75.380657	1.919176	
0.000000	0.295705	0.251015	97.378000	92.200000	75.495567	1.814963	
0.000000	0.296086	0.251308	97.512000	92.150000	64.347652	1.134651	
0.001000	0.297566	0.251652	97.326000	92.080000	23.630795	1.260759	
0.000010	0.294376	0.251287	97.478000	92.120000	23.383379	1.076426	
0.000000	0.293603	0.250462	97.564000	92.220000	23.386412	1.088173	
0.000000	0.293816	0.253280	97.628000	92.180000	23.453573	1.091980	
0.000000	0.293062	0.251679	97.540000	92.120000	23.522498	1.067147	
