LearningRate	TrainLoss	ValidLoss	TrainAcc.	ValidAcc.	TrainEpochTime(s)	TestEpochTime(s)	
0.100000	2.279761	1.493209	36.554000	47.540000	117.383111	2.153444	
0.100000	1.692676	1.580241	57.716000	49.120000	99.467540	2.124185	
0.100000	1.383616	1.879670	67.382000	49.360000	116.682886	2.096783	
0.100000	1.183902	1.036140	73.390000	66.560000	117.216033	2.105025	
0.100000	1.071213	1.050135	76.126000	66.090000	112.744259	1.792919	
0.100000	0.978874	1.029871	78.490000	66.070000	112.188087	1.843829	
0.100000	0.926171	1.051290	79.216000	67.200000	113.804657	2.195734	
0.100000	0.887519	0.657505	80.022000	77.420000	118.749952	2.262296	
0.100000	0.847525	1.147812	80.918000	64.250000	118.619410	2.216043	
0.100000	0.825945	1.019245	81.568000	69.540000	115.160017	1.792378	
0.100000	0.798630	0.995087	82.184000	69.330000	104.336001	1.870252	
0.100000	0.801074	0.748987	81.834000	74.530000	116.126910	2.218081	
0.100000	0.778675	0.760484	82.884000	75.150000	118.111810	2.163745	
0.100000	0.775345	0.737327	82.920000	75.780000	118.105939	2.193305	
0.100000	0.767227	0.693944	83.428000	77.560000	117.331317	2.079616	
0.100000	0.748110	1.080286	83.650000	66.790000	102.379667	2.175630	
0.100000	0.751558	0.784155	83.824000	75.240000	118.654369	2.100846	
0.100000	0.746760	0.944701	83.960000	71.110000	118.319774	2.157641	
0.100000	0.737890	0.652200	84.144000	78.390000	118.270003	2.129739	
0.100000	0.740257	0.847359	84.318000	73.120000	117.677118	2.018852	
0.100000	0.727988	1.057495	84.554000	68.260000	107.116899	2.154005	
0.100000	0.728683	0.945559	84.518000	71.430000	118.653827	2.103528	
0.100000	0.726343	1.076745	84.744000	68.750000	118.880385	2.150242	
0.100000	0.720978	0.736742	85.004000	76.570000	118.665220	2.139298	
0.100000	0.714220	0.543558	85.114000	81.170000	116.379272	1.801523	
0.100000	0.708937	0.543456	85.166000	81.780000	115.838937	2.181611	
0.100000	0.712724	0.707610	85.042000	76.490000	117.648127	2.097241	
0.100000	0.712100	0.820837	85.172000	74.080000	117.868155	2.109779	
0.100000	0.701860	0.587164	85.438000	80.400000	117.824704	2.130594	
0.100000	0.709848	0.853948	85.110000	74.860000	102.780203	2.109308	
0.100000	0.686150	0.551351	85.988000	81.730000	116.705656	2.190264	
0.100000	0.708349	0.813643	85.328000	74.670000	118.207214	2.115634	
0.100000	0.694898	0.840226	85.784000	73.890000	117.960576	2.093577	
0.100000	0.697059	0.743024	85.662000	77.120000	117.151828	2.015109	
0.100000	0.691406	0.865022	86.040000	72.810000	104.453762	2.113571	
0.100000	0.682623	0.651778	86.054000	78.860000	117.576742	2.248198	
0.100000	0.687120	0.752566	85.988000	76.180000	118.065996	2.192028	
0.100000	0.694293	0.632806	85.672000	78.330000	118.330772	2.110059	
0.100000	0.682947	0.801205	85.996000	75.130000	104.348509	2.216333	
0.100000	0.683492	0.692465	86.164000	77.290000	118.301972	2.318255	
0.100000	0.676810	0.689895	86.202000	77.050000	118.175988	2.453216	
0.100000	0.674814	0.879936	86.198000	71.760000	118.841305	2.267030	
0.100000	0.675396	0.678990	86.274000	78.110000	109.854685	1.677737	
0.100000	0.670506	0.721257	86.298000	77.430000	111.940620	2.123170	
0.100000	0.677930	0.650127	86.156000	79.070000	118.660951	2.024303	
0.100000	0.663586	0.808651	86.362000	74.450000	117.159337	2.808681	
0.100000	0.670654	0.762749	86.244000	76.070000	117.450561	2.368310	
0.100000	0.665600	0.624701	86.406000	79.920000	102.436897	2.567122	
0.100000	0.667933	0.575699	86.356000	80.910000	117.069912	2.562709	
0.100000	0.670085	0.700032	86.358000	77.140000	116.790277	2.583129	
0.100000	0.659552	0.648848	86.598000	80.490000	114.691530	2.268705	
0.100000	0.663247	0.716057	86.520000	77.140000	104.575251	1.799660	
0.100000	0.666390	0.866103	86.628000	75.220000	115.155582	2.104577	
0.100000	0.658707	0.608617	86.688000	80.440000	116.355418	2.070454	
0.100000	0.662859	0.941701	86.468000	70.940000	115.534253	2.096311	
0.100000	0.655477	0.596537	86.664000	80.770000	113.743398	2.348840	
0.100000	0.655617	0.808283	86.796000	75.170000	102.774021	2.428288	
0.100000	0.663237	0.841668	86.398000	75.360000	104.434067	2.155357	
0.100000	0.659025	0.694005	86.510000	77.910000	117.794485	1.756636	
0.100000	0.651977	0.703828	86.830000	77.440000	102.805134	2.127919	
0.100000	0.644022	0.824600	87.002000	74.780000	115.527376	2.374972	
0.100000	0.651361	0.504183	86.860000	82.930000	116.501440	2.374621	
0.100000	0.650766	0.807286	86.788000	75.130000	117.015240	2.087868	
0.100000	0.652872	1.409001	86.512000	65.470000	100.445830	2.590021	
0.100000	0.653975	0.578012	86.548000	80.740000	115.332377	2.470429	
0.100000	0.641417	0.686499	86.872000	78.610000	112.619844	3.314893	
0.100000	0.659047	0.556530	86.548000	81.480000	115.324728	2.930994	
0.100000	0.650023	0.686472	86.672000	78.910000	115.504241	2.804277	
0.100000	0.650188	0.590574	86.792000	81.280000	102.485282	2.852775	
0.100000	0.648707	0.708842	86.690000	78.410000	116.555332	2.979254	
0.100000	0.634722	0.785806	87.290000	76.640000	114.556088	3.079453	
0.100000	0.646484	0.813806	86.838000	75.970000	114.449786	2.862263	
0.100000	0.650335	1.142394	86.806000	68.590000	101.754946	2.257794	
0.100000	0.643925	0.700844	87.018000	79.200000	112.013598	2.957949	
0.100000	0.642733	0.708219	87.094000	77.580000	113.878692	2.920065	
0.100000	0.644940	0.702828	86.858000	76.070000	107.288588	3.145989	
0.100000	0.645234	0.583471	87.008000	80.040000	106.527564	2.888312	
0.100000	0.638542	0.481261	87.236000	84.130000	91.704062	2.747054	
0.100000	0.639842	0.665467	86.978000	79.000000	107.484041	2.230035	
0.100000	0.641909	0.655610	87.038000	78.810000	105.480807	2.619619	
0.100000	0.634836	0.739378	87.316000	76.730000	91.233032	3.216533	
0.100000	0.644780	0.541002	86.760000	82.340000	106.606814	2.622685	
0.100000	0.641746	0.550878	86.968000	81.480000	91.023611	2.840903	
0.100000	0.642673	0.810190	86.946000	74.610000	107.600178	2.971628	
0.100000	0.642319	0.677660	86.946000	77.880000	106.873423	2.901950	
0.100000	0.628705	0.845603	87.336000	75.200000	93.742976	3.058071	
0.100000	0.634533	0.730229	87.068000	76.390000	106.432020	2.751890	
0.100000	0.638759	0.488507	86.938000	83.580000	88.829204	2.718204	
0.100000	0.644881	0.628831	86.800000	79.050000	106.796879	2.629287	
0.100000	0.634098	0.498169	87.252000	83.290000	108.070736	2.712849	
0.100000	0.632465	0.547800	87.186000	81.250000	98.802815	1.842963	
0.100000	0.634029	0.565388	87.214000	80.350000	106.996322	2.008280	
0.010000	0.503396	0.276284	91.678000	90.600000	95.853043	1.999873	
0.010000	0.452591	0.264737	93.290000	91.160000	110.179160	2.032940	
0.010000	0.430522	0.252818	93.836000	91.410000	110.208649	2.054582	
0.010000	0.411010	0.250727	94.438000	91.410000	104.448206	2.039769	
0.010000	0.399198	0.255993	94.650000	91.460000	87.825962	1.862543	
0.010000	0.388456	0.268185	94.840000	91.280000	93.573311	1.565992	
0.010000	0.378003	0.257388	95.164000	91.480000	99.177522	1.929431	
0.010000	0.365042	0.259203	95.328000	91.400000	103.172282	1.857534	
0.010000	0.353072	0.263222	95.670000	91.430000	104.691982	2.125636	
0.010000	0.353277	0.270233	95.456000	91.470000	92.110309	1.585709	
0.010000	0.340255	0.262968	95.840000	91.560000	97.880590	1.788475	
0.010000	0.333917	0.264319	95.904000	91.460000	86.508001	1.889404	
0.010000	0.329676	0.271887	95.918000	91.500000	103.344601	1.885394	
0.010000	0.322946	0.289882	95.980000	90.790000	105.084002	2.140996	
0.010000	0.316967	0.289208	96.106000	91.120000	103.019536	1.858097	
0.010000	0.313147	0.281292	96.110000	91.530000	89.012805	1.921486	
0.010000	0.305921	0.288928	96.436000	91.460000	88.143429	1.889961	
0.010000	0.303939	0.276436	96.218000	91.410000	103.732096	1.903085	
0.010000	0.300410	0.324737	96.290000	90.360000	104.479483	2.119070	
0.010000	0.296595	0.285146	96.344000	91.290000	103.032519	1.897078	
0.010000	0.292996	0.313411	96.466000	90.570000	102.836448	1.765610	
0.010000	0.293116	0.306540	96.290000	90.620000	80.257942	1.569066	
0.010000	0.290819	0.294753	96.220000	91.050000	99.585351	1.884863	
0.010000	0.287355	0.297145	96.402000	91.000000	104.537346	2.185588	
0.010000	0.289502	0.313225	96.144000	90.540000	103.078418	1.931942	
0.010000	0.284549	0.316854	96.370000	90.700000	103.177897	1.933327	
0.010000	0.287882	0.326620	96.176000	90.330000	93.611111	1.450340	
0.010000	0.285021	0.319321	96.214000	90.500000	61.141231	1.913916	
0.010000	0.279539	0.311402	96.294000	90.620000	104.910576	2.164766	
0.010000	0.283316	0.344597	96.176000	89.870000	103.140482	1.885443	
0.010000	0.285995	0.327988	96.068000	90.440000	102.150636	1.884621	
0.010000	0.280676	0.377570	96.248000	89.110000	103.199552	1.895926	
0.010000	0.283934	0.331274	96.092000	90.260000	79.210217	1.120105	
0.010000	0.277304	0.330728	96.212000	90.210000	103.045460	2.115086	
0.010000	0.283095	0.322906	96.038000	90.480000	102.584035	1.879831	
0.010000	0.275052	0.328337	96.278000	90.640000	102.279155	1.872383	
0.010000	0.281276	0.355132	95.946000	89.450000	102.326489	1.867531	
0.010000	0.279845	0.402900	96.044000	88.150000	102.191256	1.799512	
0.010000	0.276527	0.360433	96.140000	89.350000	97.786788	2.074491	
0.010000	0.281481	0.323458	95.930000	90.400000	103.146115	1.835860	
0.010000	0.284946	0.326626	95.696000	89.860000	103.045438	1.832843	
0.010000	0.279187	0.368141	96.054000	88.970000	102.836307	1.854784	
0.010000	0.278515	0.341582	95.988000	89.640000	102.953006	1.842589	
0.010000	0.276966	0.357613	96.070000	89.390000	68.344195	2.116571	
0.010000	0.280920	0.328656	95.896000	89.860000	103.339164	1.841774	
0.010000	0.281604	0.375301	95.832000	88.830000	103.305670	1.933662	
0.010000	0.281427	0.340907	95.828000	90.130000	103.445348	1.887928	
0.010000	0.277759	0.349969	95.954000	89.340000	103.287359	1.864213	
0.010000	0.276253	0.337178	95.930000	90.030000	87.546583	1.968557	
0.010000	0.279802	0.342393	95.872000	89.960000	90.958705	2.401389	
0.010000	0.279994	0.344472	95.890000	89.960000	100.579408	2.820505	
0.010000	0.277931	0.403780	95.876000	88.610000	100.867174	2.570739	
0.010000	0.282009	0.365107	95.746000	89.830000	103.626755	2.533311	
0.010000	0.273914	0.512591	96.010000	86.010000	88.120334	2.845170	
0.010000	0.278895	0.372080	95.876000	89.040000	87.190808	2.620154	
0.010000	0.278000	0.424743	95.924000	88.480000	102.624946	2.485025	
0.010000	0.281450	0.331047	95.828000	90.240000	102.922566	2.402875	
0.001000	0.239058	0.252922	97.420000	92.500000	99.612202	2.423658	
0.001000	0.219842	0.251830	98.156000	92.600000	101.348858	2.255092	
0.001000	0.210876	0.248012	98.440000	92.700000	90.195588	2.453894	
0.001000	0.205808	0.251457	98.642000	92.710000	82.507393	2.524374	
0.001000	0.200917	0.252188	98.804000	92.870000	101.137224	1.931605	
0.001000	0.200276	0.250936	98.820000	92.820000	100.009303	2.495511	
0.001000	0.196998	0.252974	98.878000	92.880000	103.214105	2.600207	
0.001000	0.193988	0.252338	99.028000	92.820000	83.609627	2.408601	
0.001000	0.193430	0.255086	98.996000	92.750000	93.995331	2.174634	
0.001000	0.191686	0.260461	99.058000	92.560000	95.777116	2.496595	
0.001000	0.187922	0.263403	99.172000	92.830000	101.967630	2.655303	
0.001000	0.188031	0.259607	99.138000	92.740000	101.685824	2.760966	
0.001000	0.185549	0.261912	99.228000	92.610000	85.504894	3.013435	
0.001000	0.184982	0.263076	99.260000	92.790000	100.682769	2.629301	
0.001000	0.183035	0.266045	99.298000	92.740000	86.532373	2.822191	
0.001000	0.182743	0.267771	99.296000	92.660000	100.722743	2.319238	
0.001000	0.180603	0.263348	99.368000	92.970000	100.728118	3.162970	
0.001000	0.181179	0.268093	99.316000	92.790000	90.644549	2.092569	
0.001000	0.179355	0.268884	99.362000	92.650000	101.394212	2.657345	
0.001000	0.178652	0.270111	99.384000	92.700000	99.736821	2.905904	
0.001000	0.177096	0.268917	99.418000	92.620000	81.955343	2.557489	
0.001000	0.175770	0.271152	99.448000	92.760000	104.609065	3.136541	
0.001000	0.174655	0.269686	99.496000	92.760000	103.059090	2.367973	
0.001000	0.174549	0.271446	99.474000	92.550000	88.376223	1.938046	
0.001000	0.173089	0.277112	99.478000	92.670000	103.574299	1.944626	
0.001000	0.172830	0.275904	99.524000	92.660000	93.927585	1.598823	
0.001000	0.172276	0.273340	99.510000	92.840000	104.842663	2.073225	
0.001000	0.172025	0.276783	99.502000	92.810000	103.586668	1.840501	
0.001000	0.170678	0.273675	99.492000	92.740000	103.541006	1.774129	
0.001000	0.170063	0.277231	99.496000	92.860000	88.374656	1.882867	
0.001000	0.169171	0.285853	99.540000	92.530000	103.337225	1.878480	
