LearningRate	TrainLoss	ValidLoss	TrainAcc.	ValidAcc.	TrainEpochTime(s)	TestEpochTime(s)	
0.100000	2.764103	1.819270	30.778000	36.760000	202.665073	3.510165	
0.100000	2.117655	1.479823	51.082000	50.590000	193.754807	2.543186	
0.100000	1.706248	1.220822	62.900000	58.050000	192.645102	3.362491	
0.100000	1.447406	1.440257	69.784000	55.540000	194.330598	3.349184	
0.100000	1.262494	1.092636	74.114000	65.570000	194.409391	3.321807	
0.100000	1.132952	0.976575	76.952000	66.620000	200.644880	3.468042	
0.100000	1.063085	0.821558	78.174000	71.110000	194.144883	2.372176	
0.100000	1.004088	0.873379	79.412000	72.000000	189.241981	3.367097	
0.100000	0.975223	0.890279	79.708000	72.020000	191.889891	3.355176	
0.100000	0.948417	0.709569	80.500000	76.750000	192.385261	3.380462	
0.100000	0.936548	0.674276	80.858000	77.510000	201.792442	3.639867	
0.100000	0.928374	0.973805	81.340000	69.290000	196.208763	2.641261	
0.100000	0.923261	0.881054	81.632000	74.200000	187.658417	3.512941	
0.100000	0.912884	1.030858	81.842000	68.050000	192.788583	3.453224	
0.100000	0.911505	0.702422	81.828000	75.330000	193.352553	3.328776	
0.100000	0.898993	0.888738	82.378000	69.150000	201.426921	3.623775	
0.100000	0.899484	0.914236	82.390000	71.620000	196.153117	2.729085	
0.100000	0.890917	1.949587	82.666000	56.460000	185.371747	3.529258	
0.100000	0.886283	0.907254	82.586000	71.280000	190.049343	3.473660	
0.100000	0.877962	0.785413	83.086000	74.750000	190.557519	3.464537	
0.100000	0.876845	0.875161	82.956000	71.180000	200.629656	3.555554	
0.100000	0.872788	0.906754	83.084000	72.350000	195.696509	2.829424	
0.100000	0.859941	0.846088	83.486000	73.600000	181.774128	3.311978	
0.100000	0.855254	0.545358	83.590000	81.590000	189.914004	3.306557	
0.100000	0.851254	0.821606	83.754000	74.130000	190.273417	3.337621	
0.100000	0.848924	0.724166	83.732000	77.150000	199.685873	3.632490	
0.100000	0.849979	0.674500	83.656000	77.790000	196.507385	3.112494	
0.100000	0.845412	0.698561	83.670000	76.450000	179.181686	3.269230	
0.100000	0.848013	0.737275	83.762000	77.200000	190.120207	3.305196	
0.100000	0.841770	0.806480	83.788000	74.070000	189.130870	3.272452	
0.100000	0.822189	0.805744	84.404000	74.170000	199.033060	3.705714	
0.100000	0.830334	0.651732	84.292000	79.180000	194.808648	3.009902	
0.100000	0.829599	0.686755	84.174000	77.090000	177.572657	3.236560	
0.100000	0.828201	0.606315	84.056000	80.300000	188.692498	3.318260	
0.100000	0.827117	0.783476	84.214000	76.150000	188.642008	3.270670	
0.100000	0.816541	1.288187	84.374000	64.930000	199.465521	3.827395	
0.100000	0.823591	1.265051	84.296000	64.210000	196.406059	3.096304	
0.100000	0.815813	0.626840	84.442000	78.360000	176.240951	3.339609	
0.100000	0.820233	0.822890	84.386000	73.420000	189.196990	3.279006	
0.100000	0.812447	0.698881	84.692000	76.620000	188.433771	3.266839	
0.100000	0.797326	0.693067	84.882000	77.640000	199.513429	4.528943	
0.100000	0.808876	0.832103	84.524000	73.950000	197.126547	3.533277	
0.100000	0.811809	0.567294	84.454000	80.380000	177.951302	3.267226	
0.100000	0.802379	1.120554	84.850000	69.150000	182.374613	3.338671	
0.100000	0.799606	0.622565	84.688000	79.200000	196.646824	3.433096	
0.100000	0.796082	0.791116	84.886000	75.250000	198.935905	3.855951	
0.100000	0.801323	0.775832	84.814000	74.810000	196.342400	3.261244	
0.100000	0.791262	0.696831	84.918000	77.180000	168.527458	3.409055	
0.100000	0.801600	0.641409	84.722000	78.970000	187.798534	3.349382	
0.100000	0.791567	0.596079	84.958000	80.470000	196.732698	3.370343	
0.100000	0.790540	0.837729	84.858000	74.820000	198.780921	3.673417	
0.100000	0.796911	0.605780	84.818000	79.700000	185.903482	2.503950	
0.100000	0.791816	0.937391	84.758000	71.360000	174.259612	3.224282	
0.100000	0.786506	0.775884	85.046000	75.010000	196.129937	3.256110	
0.100000	0.783029	0.745260	85.200000	76.320000	195.329265	3.263983	
0.100000	0.773943	0.745441	85.332000	75.420000	186.997619	3.535504	
0.100000	0.788086	0.949242	84.954000	72.130000	168.920052	2.913668	
0.100000	0.779176	0.668380	85.192000	78.510000	168.605994	3.113252	
0.100000	0.781596	1.012919	85.022000	69.430000	186.098535	3.040555	
0.100000	0.780870	0.763206	85.164000	74.840000	184.824079	3.046956	
0.100000	0.776021	0.593831	85.132000	79.950000	187.160109	3.379413	
0.100000	0.778986	0.778562	85.002000	75.190000	161.656748	2.957756	
0.100000	0.774754	0.867419	85.230000	72.450000	177.412920	3.072440	
0.100000	0.775978	0.811162	85.132000	75.600000	185.690979	3.092370	
0.100000	0.772394	0.792514	85.346000	74.960000	185.036922	3.347445	
0.100000	0.766360	0.957141	85.268000	71.740000	178.443584	3.428739	
0.100000	0.768664	0.925661	85.202000	71.610000	170.216402	3.132032	
0.100000	0.768935	0.854627	85.198000	74.360000	177.126924	3.222338	
0.100000	0.771539	0.693035	85.024000	77.580000	184.912806	3.158727	
0.100000	0.764919	1.182291	85.290000	64.860000	184.817033	3.164320	
0.100000	0.762724	0.584284	85.110000	80.060000	165.209354	3.550078	
0.100000	0.761112	0.781331	85.430000	75.050000	177.346596	3.123814	
0.100000	0.763883	0.636188	85.230000	78.620000	176.313887	3.105487	
0.100000	0.775530	0.614816	84.824000	79.220000	184.531653	3.063432	
0.100000	0.766290	0.910810	85.030000	72.300000	184.667232	3.078750	
0.100000	0.754016	0.852871	85.526000	74.330000	175.177661	3.653795	
0.100000	0.756127	0.662216	85.490000	78.430000	175.337162	3.188051	
0.100000	0.767231	0.789042	84.968000	75.700000	176.860827	3.120350	
0.100000	0.763075	0.556131	85.036000	81.870000	184.535342	3.048102	
0.100000	0.760487	1.109967	85.270000	69.330000	176.593686	3.090583	
0.100000	0.751794	0.756033	85.526000	75.890000	174.444390	3.377735	
0.100000	0.754446	0.790533	85.434000	74.210000	166.409437	3.047445	
0.100000	0.764363	0.720846	85.018000	76.500000	165.698380	2.969816	
0.100000	0.750306	0.701990	85.596000	76.960000	172.912115	2.967602	
0.100000	0.766444	0.636693	85.020000	78.770000	165.942871	3.006933	
0.100000	0.747724	0.697994	85.566000	77.380000	173.614755	3.422833	
0.100000	0.756503	0.638895	85.196000	78.380000	173.413513	2.803599	
0.100000	0.755349	0.588405	85.184000	79.870000	158.061539	2.949377	
0.100000	0.756281	0.600148	85.152000	79.070000	171.452747	2.702478	
0.100000	0.757572	0.908486	85.150000	74.500000	168.423027	2.947327	
0.100000	0.744574	0.561726	85.676000	81.050000	173.091524	3.269934	
0.100000	0.753250	0.749181	85.282000	76.530000	172.887646	2.891876	
0.010000	0.607784	0.314098	90.412000	89.250000	152.744620	2.909053	
0.010000	0.553627	0.302562	91.802000	89.630000	164.435449	2.851937	
0.010000	0.528197	0.298307	92.370000	89.920000	172.108683	2.945721	
0.010000	0.507366	0.284513	92.816000	90.370000	172.597472	3.279885	
0.010000	0.490790	0.290444	93.206000	90.080000	172.985916	2.877227	
0.010000	0.477451	0.292777	93.502000	90.150000	157.027948	2.893502	
0.010000	0.464937	0.280777	93.662000	90.590000	164.720176	3.118571	
0.010000	0.452454	0.293233	93.780000	90.150000	172.825125	2.874798	
0.010000	0.438963	0.297558	94.162000	90.170000	173.264151	3.302734	
0.010000	0.429014	0.288690	94.328000	90.400000	172.394659	2.910107	
0.010000	0.418209	0.304410	94.472000	90.310000	161.766921	2.585440	
0.010000	0.415394	0.301351	94.326000	90.020000	158.779957	2.926460	
0.010000	0.403754	0.299471	94.628000	90.190000	173.398383	2.878485	
0.010000	0.400040	0.315757	94.494000	89.660000	173.293251	3.229001	
0.010000	0.394991	0.336085	94.520000	89.330000	172.950289	2.868980	
0.010000	0.394820	0.354299	94.358000	88.530000	156.961179	2.887478	
0.010000	0.387129	0.326463	94.678000	89.340000	164.727382	2.847602	
0.010000	0.381186	0.310219	94.724000	89.950000	172.569333	2.888533	
0.010000	0.376945	0.325271	94.764000	89.590000	173.152792	3.289833	
0.010000	0.374446	0.319474	94.730000	89.930000	172.037266	2.962971	
0.010000	0.375179	0.343623	94.618000	89.450000	153.044219	2.927010	
0.010000	0.372131	0.367298	94.648000	88.540000	165.434200	2.950922	
0.010000	0.369294	0.331424	94.592000	89.630000	172.959490	2.864804	
0.010000	0.365092	0.316568	94.864000	89.910000	173.244576	3.261735	
0.010000	0.366198	0.333183	94.508000	89.120000	172.538864	2.991763	
0.010000	0.366919	0.392863	94.476000	88.070000	157.718332	2.871024	
0.010000	0.368926	0.341613	94.540000	89.630000	165.137525	3.078326	
0.010000	0.363301	0.339786	94.574000	89.300000	173.320113	2.839980	
0.010000	0.360091	0.354847	94.610000	89.270000	160.817783	3.176356	
0.010000	0.365887	0.368975	94.356000	88.690000	155.840035	2.547831	
0.010000	0.360184	0.424815	94.516000	87.580000	152.505762	2.689576	
0.010000	0.361776	0.381401	94.426000	88.290000	153.102642	2.857568	
0.010000	0.365307	0.397234	94.238000	88.060000	161.857670	2.773389	
0.010000	0.358173	0.328373	94.542000	89.510000	156.020181	3.127709	
0.010000	0.359538	0.340629	94.436000	89.550000	156.902038	2.480129	
0.010000	0.360935	0.352825	94.398000	89.270000	156.584657	2.641913	
0.010000	0.365857	0.358964	94.232000	88.750000	152.868516	2.467477	
0.010000	0.361533	0.335421	94.316000	89.490000	158.699966	2.795948	
0.010000	0.352863	0.418259	94.736000	87.120000	156.545763	3.283301	
0.010000	0.362931	0.317802	94.256000	89.730000	158.888063	2.602353	
0.010000	0.357070	0.367904	94.470000	88.720000	157.931933	2.958562	
0.010000	0.362994	0.508354	94.176000	85.140000	154.062741	2.796220	
0.010000	0.360858	0.501165	94.338000	85.290000	154.276988	2.780090	
0.010000	0.354623	0.390869	94.480000	87.700000	163.094370	2.852003	
0.010000	0.365049	0.374521	94.118000	88.620000	155.103210	2.562236	
0.010000	0.362891	0.366781	94.402000	88.470000	157.416956	2.737358	
0.010000	0.356511	0.385003	94.544000	88.010000	153.782351	2.718572	
0.010000	0.364536	0.395908	94.198000	88.060000	154.348410	3.017536	
0.010000	0.356685	0.336230	94.456000	89.330000	163.226820	3.139519	
0.010000	0.363806	0.373679	94.156000	88.270000	152.721757	2.635401	
0.010000	0.355796	0.378579	94.562000	88.190000	156.053212	2.765595	
0.010000	0.362165	0.372318	94.208000	88.190000	161.764118	2.694187	
0.010000	0.359810	0.372215	94.408000	88.520000	152.797313	2.525347	
0.010000	0.350970	0.376843	94.732000	88.400000	163.119752	3.031241	
0.010000	0.360241	0.336226	94.336000	89.500000	152.284335	2.579157	
0.010000	0.362777	0.368536	94.218000	88.580000	154.682509	2.745721	
0.010000	0.357085	0.391200	94.460000	88.280000	162.018087	2.706147	
0.001000	0.303310	0.270611	96.490000	91.500000	153.222322	2.681564	
0.001000	0.284688	0.266222	97.192000	91.870000	158.436315	3.059950	
0.001000	0.276351	0.262160	97.540000	91.920000	160.474141	2.566819	
0.001000	0.271191	0.264610	97.660000	91.780000	142.437425	2.717967	
0.001000	0.265368	0.266191	97.944000	91.780000	161.576230	2.686778	
0.001000	0.263646	0.266441	97.846000	91.790000	157.676838	2.600488	
0.001000	0.257925	0.265073	98.112000	91.930000	156.274303	3.179037	
0.001000	0.254548	0.272455	98.276000	91.740000	161.257869	2.634403	
0.001000	0.252620	0.269864	98.158000	91.830000	146.051270	2.801229	
0.001000	0.250729	0.268528	98.214000	91.930000	161.791504	2.882440	
0.001000	0.247691	0.274758	98.348000	91.750000	161.470505	2.779860	
0.001000	0.243465	0.272851	98.464000	91.910000	153.661528	3.062216	
0.001000	0.244097	0.273409	98.424000	92.030000	162.202046	2.774466	
0.001000	0.240657	0.272290	98.492000	91.800000	147.662697	2.908625	
0.001000	0.238586	0.276279	98.682000	91.910000	161.280223	2.737155	
0.001000	0.238216	0.277134	98.620000	92.000000	161.755344	2.668344	
0.001000	0.234573	0.279775	98.710000	91.860000	155.477248	2.971205	
0.001000	0.233755	0.283029	98.694000	91.920000	154.963210	2.483745	
0.001000	0.231814	0.277068	98.776000	91.810000	128.455825	2.522583	
0.001000	0.232146	0.281138	98.690000	91.870000	118.604988	2.607969	
0.001000	0.228493	0.280270	98.796000	91.960000	128.086502	2.575841	
0.001000	0.227615	0.286240	98.832000	91.920000	119.418640	2.720776	
0.001000	0.225366	0.287007	98.882000	91.910000	118.262452	2.439838	
0.001000	0.225867	0.284485	98.846000	91.910000	128.252376	2.491989	
0.001000	0.225654	0.285545	98.820000	91.980000	118.483204	2.502515	
0.001000	0.223697	0.287643	98.904000	91.980000	128.438554	2.529529	
0.001000	0.220326	0.289625	98.986000	91.850000	122.023874	2.318313	
0.001000	0.220069	0.285846	98.986000	92.030000	76.820264	1.686899	
0.001000	0.219761	0.289917	98.958000	91.820000	59.598949	1.586093	
0.001000	0.217496	0.289241	99.040000	92.040000	48.754259	1.141861	
0.001000	0.218099	0.293287	98.944000	91.720000	21.224567	1.197227	
