LearningRate	TrainLoss	ValidLoss	TrainAcc.	ValidAcc.	TrainEpochTime(s)	TestEpochTime(s)	
0.100000	1.933155	1.386169	38.556000	50.750000	190.737119	3.449493	
0.100000	1.384728	1.077303	58.918000	63.150000	197.571832	3.357930	
0.100000	1.133299	1.179263	68.058000	61.940000	198.686486	3.276145	
0.100000	0.991501	2.066743	72.954000	44.200000	198.143358	3.264183	
0.100000	0.891968	0.889878	76.154000	69.840000	198.074829	3.218811	
0.100000	0.771184	0.871952	76.782000	70.750000	128.561309	3.459927	
0.100000	0.818015	1.002074	78.334000	67.370000	124.098526	3.766061	
0.100000	0.716437	0.825236	78.784000	73.230000	203.490432	3.424373	
0.100000	0.772240	0.699736	79.458000	75.780000	202.851641	3.635246	
0.100000	0.668877	0.772975	80.288000	75.060000	202.157330	3.415539	
0.100000	0.726491	0.653959	80.978000	77.190000	202.595660	3.712619	
0.100000	0.640744	0.750736	81.206000	75.420000	201.693261	3.422175	
0.100000	0.698521	0.820986	81.618000	73.500000	203.874106	3.687302	
0.100000	0.610385	0.634364	82.228000	78.820000	200.815628	3.336900	
0.100000	0.680206	0.823404	82.104000	73.160000	202.911637	3.805571	
0.100000	0.587663	0.690864	82.932000	77.570000	100.344748	3.479107	
0.100000	0.652870	0.685043	82.866000	77.130000	127.757209	3.767853	
0.100000	0.573343	0.981711	83.294000	72.510000	200.076403	3.443120	
0.100000	0.647527	0.754762	83.124000	75.850000	197.240556	3.492682	
0.100000	0.561985	0.677070	83.776000	77.850000	199.841755	3.334382	
0.100000	0.636637	0.752462	83.462000	74.810000	197.140829	3.515688	
0.100000	0.550768	0.716844	84.068000	76.860000	200.965190	3.463016	
0.100000	0.623589	0.845655	84.020000	73.540000	197.420688	3.568189	
0.100000	0.538190	1.193800	84.642000	61.830000	199.970634	3.400054	
0.100000	0.607979	0.582105	84.322000	80.130000	196.339416	3.559095	
0.100000	0.518348	0.643913	85.126000	79.020000	145.006214	2.021360	
0.100000	0.588518	0.717089	84.992000	77.660000	142.655373	3.640514	
0.100000	0.518111	0.765281	85.254000	75.530000	182.754603	3.395725	
0.100000	0.600913	0.712145	84.542000	77.430000	197.933080	3.436939	
0.100000	0.508105	0.951992	85.548000	73.080000	200.222019	3.460667	
0.100000	0.589396	0.587904	84.938000	80.040000	197.790327	3.429138	
0.100000	0.505224	0.586335	85.686000	80.390000	201.760187	3.395490	
0.100000	0.588043	0.788508	84.896000	76.150000	197.722888	3.530801	
0.100000	0.501426	0.589185	85.740000	80.540000	201.062289	3.434934	
0.100000	0.576148	0.596992	85.310000	80.110000	198.526229	3.496314	
0.100000	0.480984	0.893188	86.476000	73.750000	184.740382	2.652368	
0.100000	0.566923	0.550875	85.728000	81.620000	146.758696	3.518756	
0.100000	0.488890	0.659938	86.146000	79.120000	169.384572	3.580403	
0.100000	0.561021	0.668225	85.770000	78.380000	198.780302	3.413581	
0.100000	0.486313	0.802952	86.248000	75.830000	200.864358	3.640183	
0.100000	0.566182	0.500722	85.776000	83.200000	197.751563	3.380312	
0.100000	0.475994	0.801331	86.532000	75.920000	200.872596	3.596801	
0.100000	0.551456	0.691844	86.268000	77.520000	197.870643	3.421533	
0.100000	0.475419	0.633248	86.680000	79.200000	201.520195	3.596380	
0.100000	0.557618	0.516291	86.198000	82.710000	198.793350	3.343341	
0.100000	0.462110	0.893800	87.126000	73.790000	188.681902	3.037602	
0.100000	0.542079	0.711916	86.632000	77.780000	159.423060	2.824175	
0.100000	0.468350	0.739291	86.896000	76.430000	158.441190	3.420502	
0.100000	0.547724	0.647011	86.346000	80.670000	193.280663	3.638853	
0.100000	0.466447	0.657950	86.882000	79.070000	199.964595	3.371062	
0.100000	0.547099	0.622877	86.440000	79.730000	198.487360	3.615931	
0.100000	0.456764	0.802687	87.376000	75.820000	200.720915	3.427727	
0.100000	0.538234	0.794076	86.820000	74.470000	198.332245	3.528246	
0.100000	0.459779	0.624342	87.188000	80.330000	201.295537	3.405723	
0.100000	0.537330	0.607328	86.932000	79.770000	198.764906	3.377434	
0.100000	0.449442	0.716913	87.524000	78.490000	191.136784	3.264242	
0.100000	0.530793	0.772872	87.070000	75.590000	172.661834	2.361699	
0.100000	0.453505	0.868948	87.296000	76.190000	171.557762	3.425905	
0.100000	0.539432	0.791560	86.766000	75.560000	176.153564	4.114737	
0.100000	0.452455	0.831599	87.374000	74.730000	200.520314	3.409054	
0.100000	0.534295	0.793387	86.970000	76.620000	198.171934	4.237321	
0.100000	0.450751	0.605290	87.668000	80.610000	199.147132	3.345246	
0.100000	0.530357	0.740191	87.112000	75.390000	197.827561	3.961595	
0.100000	0.441630	0.510388	87.704000	83.150000	199.877100	3.409199	
0.100000	0.531582	0.732325	86.856000	77.340000	196.904251	4.025103	
0.100000	0.438624	0.631542	88.034000	79.720000	191.451691	3.339211	
0.100000	0.517417	0.573255	87.432000	81.270000	185.456781	3.049884	
0.100000	0.439766	0.682548	88.000000	78.220000	152.453292	3.435302	
0.100000	0.525460	0.932414	87.252000	72.890000	156.493399	3.313076	
0.100000	0.431087	0.755125	88.276000	77.480000	199.458499	3.340231	
0.100000	0.525139	0.814848	87.294000	75.810000	196.979248	3.283362	
0.100000	0.435734	0.519922	88.080000	83.590000	200.177777	3.401568	
0.100000	0.526062	0.442775	87.234000	85.480000	197.669234	3.275832	
0.100000	0.437706	0.438773	87.968000	85.320000	200.295011	3.335694	
0.100000	0.520766	0.611081	87.314000	80.330000	198.150349	3.252817	
0.100000	0.424531	0.654630	88.490000	79.300000	192.511131	3.844178	
0.100000	0.512928	0.587403	87.788000	81.160000	189.603322	3.066540	
0.100000	0.426874	0.629143	88.300000	79.690000	171.350882	3.651502	
0.100000	0.519826	0.684787	87.528000	78.470000	150.911775	3.312834	
0.100000	0.430569	0.546452	88.246000	82.120000	202.952908	3.803513	
0.100000	0.519991	0.634960	87.314000	79.040000	197.612674	3.425226	
0.100000	0.431677	0.720464	88.152000	77.930000	202.098462	3.646659	
0.100000	0.514246	0.572033	87.738000	81.130000	197.658638	3.274739	
0.100000	0.428167	0.830298	88.160000	75.480000	201.358478	3.679280	
0.100000	0.524067	0.647603	87.368000	79.030000	197.540180	3.371856	
0.100000	0.428938	0.565781	88.156000	82.320000	192.072557	3.711108	
0.100000	0.504669	0.745678	87.968000	75.830000	190.435658	3.478093	
0.100000	0.519107	0.980285	87.606000	72.010000	151.608692	3.322758	
0.100000	0.439429	0.644606	87.920000	79.630000	170.820507	3.657696	
0.100000	0.512216	0.805372	87.616000	74.040000	197.864779	3.354344	
0.100000	0.432237	0.529573	88.216000	82.490000	202.110742	3.582921	
0.100000	0.515357	0.613757	87.718000	80.790000	197.887613	3.331592	
0.100000	0.420164	0.429270	88.514000	85.020000	201.549155	3.587427	
0.100000	0.515236	0.546546	87.552000	81.740000	198.109030	3.366858	
0.100000	0.426230	0.480824	88.232000	84.000000	200.717572	3.447286	
0.100000	0.490117	0.583211	88.652000	80.210000	189.575471	3.488426	
0.100000	0.413866	0.597041	88.718000	80.640000	193.805607	3.590434	
0.100000	0.502539	0.669385	88.172000	79.500000	153.237554	3.272967	
0.100000	0.419451	0.653579	88.696000	79.700000	171.114085	3.330635	
0.100000	0.499216	0.529857	88.188000	82.910000	197.947850	3.314212	
0.100000	0.425687	0.686322	88.470000	77.320000	200.894113	3.342432	
0.100000	0.509399	0.656907	87.974000	80.190000	197.479751	3.290867	
0.100000	0.419277	0.548807	88.584000	81.940000	200.957010	3.355013	
0.100000	0.493984	0.541603	88.416000	82.620000	197.662523	3.359580	
0.100000	0.422415	0.574170	88.538000	81.770000	201.677555	3.374582	
0.100000	0.492237	0.761886	88.414000	76.940000	190.273776	3.472441	
0.100000	0.403536	0.663525	89.006000	77.800000	192.957885	3.555213	
0.100000	0.501094	0.876467	88.092000	73.600000	160.741759	3.442801	
0.100000	0.418352	0.678999	88.652000	78.610000	169.589859	3.369746	
0.100000	0.505618	0.434507	88.016000	85.090000	198.116289	3.501430	
0.100000	0.417895	0.631376	88.660000	80.230000	201.489368	3.351781	
0.100000	0.497327	0.651872	88.324000	79.510000	198.431401	3.376320	
0.100000	0.415470	0.514386	88.752000	82.590000	200.689907	3.416082	
0.100000	0.500901	0.528291	88.272000	82.900000	198.587054	3.288660	
0.100000	0.409419	0.791405	88.938000	77.080000	201.523572	3.296542	
0.100000	0.494710	0.522883	88.510000	82.070000	188.909232	3.538192	
0.100000	0.398685	0.549369	89.172000	81.670000	191.981330	3.707374	
0.100000	0.493823	0.610094	88.430000	80.430000	178.033430	2.725536	
0.100000	0.408216	0.607131	88.826000	80.700000	169.030175	3.434551	
0.100000	0.496557	0.529076	88.356000	82.730000	190.419950	3.334668	
0.100000	0.413642	0.538708	88.762000	81.750000	201.236944	3.567044	
0.100000	0.489092	0.623879	88.508000	80.780000	197.700554	3.460789	
0.100000	0.410488	0.491478	88.934000	83.930000	200.663470	3.718569	
0.100000	0.501083	0.780336	88.272000	77.190000	197.107715	3.380862	
0.100000	0.404235	0.533603	89.272000	83.130000	200.912865	3.909274	
0.100000	0.487469	0.791416	88.568000	75.950000	190.602550	3.673589	
0.100000	0.397100	0.666080	89.316000	79.560000	194.577404	3.734234	
0.100000	0.496104	0.766890	88.264000	76.160000	182.937628	2.708084	
0.100000	0.405929	0.523344	89.032000	83.480000	175.187641	3.097530	
0.100000	0.492633	0.551067	88.534000	81.140000	185.282595	3.551208	
0.100000	0.407841	0.701506	89.082000	78.030000	201.477553	3.516351	
0.100000	0.500092	0.600523	88.374000	80.520000	197.891466	3.599975	
0.100000	0.410250	0.610238	88.790000	79.650000	202.410712	3.464587	
0.100000	0.491281	0.701687	88.508000	78.690000	197.268909	3.517787	
0.100000	0.403616	0.618465	89.160000	79.900000	202.547539	3.586833	
0.100000	0.483699	0.644172	88.690000	80.760000	190.570979	3.480987	
0.100000	0.394892	0.543575	89.386000	82.590000	192.754116	3.712613	
0.100000	0.494541	0.850172	88.320000	75.170000	185.437862	3.098839	
0.100000	0.403479	0.507142	89.162000	83.820000	176.584759	2.894925	
0.100000	0.492150	0.724787	88.396000	78.090000	180.811470	3.275759	
0.100000	0.395432	0.474829	89.386000	84.230000	198.217060	3.487785	
0.100000	0.490572	0.585669	88.488000	81.540000	197.218057	3.292312	
0.100000	0.406922	0.549718	89.042000	82.230000	200.197019	3.579911	
0.100000	0.490957	0.580518	88.426000	81.300000	197.034627	3.359756	
0.100000	0.403518	0.644093	89.196000	80.740000	200.867931	3.576283	
0.100000	0.479599	0.579595	88.710000	81.780000	189.668243	3.544986	
0.100000	0.396332	0.805147	89.472000	76.280000	192.604116	3.788500	
0.100000	0.495535	0.707916	88.190000	79.220000	187.694540	3.062001	
0.100000	0.399566	0.493852	89.372000	84.260000	180.284523	2.625475	
0.100000	0.488603	0.603374	88.608000	80.530000	179.785054	3.296045	
0.100000	0.400627	0.529640	89.234000	82.370000	193.451834	3.692055	
0.100000	0.481454	0.645086	88.768000	80.080000	198.154234	3.357976	
0.100000	0.399230	0.544178	89.272000	82.080000	200.364499	3.672393	
0.100000	0.493143	0.629852	88.426000	80.290000	197.547562	3.320554	
0.100000	0.404035	0.917688	89.184000	74.110000	199.998453	3.615320	
0.100000	0.479876	0.605012	88.824000	81.100000	189.591737	3.515655	
0.100000	0.392945	0.477201	89.496000	84.510000	192.509623	3.298545	
0.100000	0.487375	1.041531	88.728000	71.210000	188.004452	3.199956	
0.100000	0.396663	0.636685	89.408000	80.420000	185.250094	2.708214	
0.100000	0.489704	0.601799	88.490000	80.960000	177.960057	3.366397	
0.100000	0.398686	0.584946	89.346000	80.970000	187.999861	3.693023	
0.100000	0.485774	0.525171	88.650000	82.290000	198.436047	3.483774	
0.100000	0.400232	0.544684	89.290000	82.710000	200.571606	3.625746	
0.100000	0.483778	0.742779	88.800000	78.670000	197.625069	3.543565	
0.100000	0.402956	0.456803	89.248000	85.530000	200.409587	3.431264	
0.100000	0.473911	0.566475	89.110000	81.230000	191.299145	4.019833	
0.100000	0.387495	0.548760	89.722000	82.610000	194.614131	3.696742	
0.100000	0.491854	0.552166	88.554000	81.660000	190.963863	3.509605	
0.100000	0.397852	0.505237	89.278000	83.440000	186.702286	3.171927	
0.100000	0.492411	0.582796	88.650000	80.530000	177.535146	3.506811	
0.100000	0.401815	0.703095	89.324000	77.770000	186.039388	3.504508	
0.100000	0.485813	0.538272	88.764000	82.870000	199.709073	3.600166	
0.100000	0.396208	0.512671	89.368000	82.870000	201.383120	3.838562	
0.100000	0.487758	0.651761	88.688000	79.340000	199.427815	3.542385	
0.100000	0.402030	0.605594	89.076000	81.060000	200.962359	3.891395	
0.100000	0.474701	0.581495	89.124000	81.470000	189.328500	3.949964	
0.100000	0.390745	0.586584	89.542000	80.530000	192.566801	3.521474	
0.100000	0.479455	0.629855	88.896000	80.450000	190.965381	3.445961	
0.100000	0.394899	0.471123	89.552000	84.450000	188.565545	3.014878	
0.010000	0.355027	0.253419	93.206000	91.330000	178.438811	3.272888	
0.010000	0.275530	0.245411	93.774000	91.550000	182.956241	3.552462	
0.001000	0.314415	0.246972	94.614000	91.490000	198.886956	3.508365	
0.001000	0.234572	0.238695	95.152000	91.700000	198.615950	3.540777	
0.000100	0.309385	0.245685	94.830000	91.610000	198.068001	3.565483	
0.000100	0.230262	0.239516	95.358000	91.620000	199.495383	3.382138	
0.010000	0.305479	0.243936	94.842000	91.820000	190.368437	3.739645	
0.010000	0.231581	0.239664	95.160000	91.830000	195.529869	3.354884	
0.001000	0.287709	0.238079	95.480000	92.080000	189.552969	3.428619	
0.001000	0.212874	0.233811	95.872000	92.110000	185.305659	3.121734	
0.000100	0.283701	0.234892	95.606000	91.980000	177.268517	3.283388	
0.000100	0.211782	0.232193	95.846000	92.040000	180.146962	3.688591	
0.000010	0.284818	0.235693	95.586000	91.930000	198.560531	3.548645	
0.000010	0.212155	0.232596	95.782000	91.940000	197.909128	3.597480	
0.000001	0.283794	0.235718	95.638000	92.060000	197.659626	3.514383	
0.000001	0.209368	0.231566	95.968000	92.150000	199.612370	3.317847	
0.010000	0.288449	0.244270	95.316000	91.820000	190.140562	3.883888	
0.010000	0.212894	0.234336	95.756000	92.290000	197.950184	3.358999	
0.001000	0.270722	0.236713	95.980000	92.020000	190.837856	3.598527	
0.001000	0.201726	0.229502	96.162000	92.180000	184.521659	3.376333	
0.000100	0.269070	0.237320	95.986000	92.040000	175.670396	3.816284	
0.000100	0.196860	0.229900	96.328000	92.220000	181.678942	3.641716	
0.000010	0.268938	0.235800	96.020000	92.070000	197.044516	3.631238	
0.000010	0.195212	0.228485	96.394000	92.350000	201.532630	3.567492	
0.000001	0.267260	0.234587	96.078000	92.100000	197.728741	3.544545	
0.000001	0.198742	0.229111	96.096000	92.370000	202.710716	3.532912	
0.010000	0.272865	0.246480	95.834000	92.000000	190.871279	3.915335	
0.001000	0.259752	0.231153	96.208000	92.410000	191.920876	3.581199	
0.010000	0.201031	0.234652	96.026000	92.430000	200.282163	3.511600	
0.000100	0.258995	0.230754	96.246000	92.310000	180.192614	4.372135	
0.001000	0.189281	0.227898	96.490000	92.380000	185.814779	3.394506	
0.000100	0.186066	0.227907	96.648000	92.470000	182.641801	3.442204	
0.000010	0.257234	0.230548	96.402000	92.330000	201.345141	3.889591	
0.000010	0.185240	0.230035	96.692000	92.380000	202.397190	3.651880	
0.000001	0.254013	0.232052	96.380000	92.400000	199.991778	3.725391	
0.000001	0.185757	0.228065	96.650000	92.440000	202.706423	3.627331	
0.010000	0.264909	0.252670	95.924000	91.720000	192.250584	4.014772	
0.001000	0.250464	0.231984	96.496000	92.310000	191.530785	3.739691	
0.010000	0.190949	0.241586	96.368000	92.090000	200.657593	3.806533	
0.000100	0.247197	0.231786	96.578000	92.270000	180.527915	3.785141	
0.001000	0.182813	0.230386	96.744000	92.300000	184.826771	3.451313	
0.000100	0.176694	0.230555	96.960000	92.480000	179.659802	3.708328	
0.000010	0.246476	0.232403	96.640000	92.340000	199.619005	3.712709	
0.000010	0.174899	0.230260	97.060000	92.410000	199.996697	3.760232	
0.000001	0.245593	0.231519	96.588000	92.360000	198.472864	3.592751	
0.000001	0.174258	0.230086	97.068000	92.290000	200.585333	3.694875	
0.010000	0.257011	0.239657	96.226000	92.300000	191.810051	3.545337	
0.001000	0.241566	0.231196	96.668000	92.410000	190.839673	3.523991	
0.010000	0.185771	0.242091	96.478000	92.320000	200.753842	3.930337	
0.000100	0.237243	0.230638	96.800000	92.530000	181.826186	3.394967	
0.001000	0.172802	0.231671	97.022000	92.450000	186.051449	3.566597	
0.000010	0.235241	0.230581	96.962000	92.560000	200.872008	3.371264	
0.000100	0.169263	0.229568	97.156000	92.440000	179.972907	3.727498	
0.000001	0.237078	0.230169	96.832000	92.480000	200.545994	3.525235	
0.000010	0.170611	0.230036	97.126000	92.510000	201.417470	3.916420	
0.000001	0.170406	0.230391	97.102000	92.480000	201.642454	3.768869	
0.010000	0.244943	0.244491	96.522000	92.070000	191.092859	3.530157	
0.001000	0.232538	0.236649	97.006000	92.540000	191.605156	3.610444	
0.010000	0.176173	0.241962	96.890000	92.300000	200.994926	3.845469	
0.000100	0.225097	0.235329	97.238000	92.530000	179.970656	3.448742	
0.001000	0.165606	0.231921	97.174000	92.600000	183.802226	3.340163	
0.000010	0.224401	0.236378	97.150000	92.590000	198.675675	3.466753	
0.000100	0.161608	0.230554	97.400000	92.650000	180.288723	3.538233	
0.000001	0.226951	0.235065	97.152000	92.600000	197.835911	3.483172	
0.000010	0.160530	0.229753	97.518000	92.600000	201.664644	3.521526	
0.000001	0.164047	0.231780	97.308000	92.640000	201.310581	3.633524	
0.010000	0.237613	0.261745	96.680000	91.870000	190.647037	3.741212	
0.001000	0.227137	0.236659	97.022000	92.580000	189.568044	3.689563	
0.010000	0.170675	0.243979	96.978000	92.190000	200.208591	3.538201	
0.000100	0.220894	0.238427	97.256000	92.540000	182.321090	3.529812	
0.001000	0.159776	0.235171	97.420000	92.470000	186.287823	3.519213	
0.000010	0.218832	0.236674	97.458000	92.630000	200.084520	3.553129	
0.000100	0.157611	0.235644	97.510000	92.570000	179.556595	3.759055	
0.000001	0.220497	0.237692	97.358000	92.660000	198.945452	3.625270	
0.000010	0.154616	0.234695	97.662000	92.520000	200.601134	3.571432	
0.000001	0.155474	0.234038	97.616000	92.580000	200.338878	3.631600	
0.010000	0.230726	0.259156	96.934000	92.030000	190.664969	3.726339	
0.001000	0.218027	0.237038	97.378000	92.700000	189.766652	3.363823	
0.010000	0.164285	0.253453	97.176000	92.260000	198.599452	3.800725	
0.000100	0.213156	0.235983	97.452000	92.680000	180.772225	3.301064	
0.001000	0.155896	0.237329	97.438000	92.670000	187.512017	3.672081	
0.000010	0.210269	0.237354	97.646000	92.560000	198.371471	3.286784	
0.000100	0.149891	0.236055	97.718000	92.660000	181.694719	3.810230	
0.000001	0.212966	0.236961	97.424000	92.620000	197.026266	3.303866	
0.000010	0.148714	0.237700	97.872000	92.620000	202.188247	3.870663	
0.000001	0.148173	0.239469	97.872000	92.560000	202.023488	3.879181	
0.010000	0.224845	0.261345	97.018000	91.910000	190.427294	3.681947	
0.001000	0.211604	0.235812	97.482000	92.710000	190.312180	3.483390	
0.010000	0.158999	0.260303	97.360000	92.060000	198.033657	3.106157	
0.000100	0.203752	0.236487	97.818000	92.770000	179.961489	3.504135	
0.001000	0.150898	0.242962	97.666000	92.580000	188.243483	3.494674	
0.000010	0.206124	0.235234	97.694000	92.790000	198.352840	3.519233	
0.000100	0.144186	0.241566	97.852000	92.650000	178.731144	3.470654	
0.000001	0.205764	0.236029	97.748000	92.750000	198.340704	3.464440	
0.000010	0.143214	0.243158	97.916000	92.610000	200.975362	3.478237	
0.000001	0.143841	0.241883	97.926000	92.610000	200.917567	3.588393	
0.010000	0.217878	0.251268	97.112000	92.490000	189.904857	3.809828	
0.001000	0.206276	0.236152	97.638000	92.840000	189.621922	3.523961	
0.010000	0.154787	0.267329	97.470000	92.090000	196.008449	3.366561	
0.000100	0.200031	0.236904	97.828000	92.960000	180.263585	3.487606	
0.001000	0.143015	0.239565	97.828000	92.620000	187.401048	3.327941	
0.000010	0.199075	0.237454	97.854000	92.870000	198.695136	3.522796	
0.000100	0.139501	0.242129	97.982000	92.540000	177.617396	3.317861	
0.000000	0.198846	0.237104	97.832000	92.910000	197.919448	3.619021	
0.000010	0.138912	0.240458	98.050000	92.560000	200.486477	3.321781	
0.000000	0.138736	0.240041	98.102000	92.490000	200.778551	3.377512	
0.001000	0.199091	0.235957	97.828000	92.810000	190.498028	3.452096	
0.000010	0.195536	0.236421	97.940000	92.920000	189.916967	3.314800	
0.001000	0.138229	0.239414	98.120000	92.650000	198.647755	3.261461	
0.000000	0.197438	0.235089	97.912000	92.810000	178.618069	3.339780	
0.000010	0.137016	0.239726	98.116000	92.550000	188.264632	3.378986	
0.000000	0.196924	0.236111	97.952000	92.870000	197.914196	3.248971	
0.000000	0.135871	0.239053	98.142000	92.580000	179.988069	3.312884	
0.000000	0.195854	0.236754	98.026000	92.870000	197.342554	3.305698	
0.000000	0.135493	0.239693	98.248000	92.570000	201.043759	3.301489	
0.001000	0.196767	0.234578	97.948000	92.810000	189.164446	3.456819	
0.000000	0.136323	0.238052	98.150000	92.680000	201.234084	3.361717	
0.000010	0.194067	0.235723	98.094000	92.820000	188.286560	3.280274	
0.001000	0.137508	0.238384	98.102000	92.620000	197.986950	2.883093	
0.000000	0.194905	0.234729	97.998000	92.870000	177.328829	3.293397	
0.000010	0.135968	0.237665	98.144000	92.670000	186.708504	3.634598	
0.000000	0.193681	0.237049	98.114000	92.790000	198.299421	3.251590	
0.000000	0.134934	0.238418	98.160000	92.840000	178.536799	3.368741	
0.000000	0.195506	0.234998	97.962000	92.740000	198.110824	3.289247	
0.000000	0.136213	0.238627	98.094000	92.610000	202.228339	3.381558	
0.001000	0.194546	0.234942	98.046000	92.950000	190.518921	3.610295	
0.000000	0.134976	0.238288	98.224000	92.740000	201.241831	3.392593	
0.000010	0.190507	0.236143	98.182000	92.730000	189.763779	3.447047	
0.001000	0.134642	0.238418	98.160000	92.690000	200.880298	3.151364	
0.000000	0.191140	0.235361	98.148000	92.890000	178.285131	3.600457	
0.000010	0.133824	0.240345	98.182000	92.610000	188.086056	3.550802	
0.000000	0.192727	0.236808	98.112000	92.880000	198.742071	3.453318	
0.000000	0.133537	0.239875	98.278000	92.590000	180.868143	3.559631	
0.000000	0.190681	0.236900	98.114000	92.740000	198.056303	3.489151	
0.000000	0.132777	0.237647	98.284000	92.730000	202.191594	3.514835	
0.001000	0.193827	0.238783	97.994000	92.890000	189.734605	3.430217	
0.000000	0.134891	0.239026	98.236000	92.720000	201.371564	3.479302	
0.000010	0.192091	0.239311	98.116000	92.880000	188.908959	3.337446	
0.001000	0.135090	0.238168	98.098000	92.740000	198.970357	3.078018	
0.000000	0.191777	0.237439	98.106000	92.730000	176.608552	3.307374	
0.000010	0.131621	0.237810	98.314000	92.790000	186.794820	3.418033	
0.000000	0.192791	0.238426	98.076000	92.900000	197.828622	3.312764	
0.000000	0.131303	0.240086	98.332000	92.630000	179.681196	3.402991	
0.000000	0.191130	0.239199	98.126000	92.800000	196.716296	3.244364	
0.000000	0.132373	0.238713	98.316000	92.700000	200.874739	3.403417	
0.001000	0.192046	0.237583	98.114000	92.820000	191.174158	3.639967	
0.000000	0.131587	0.239156	98.316000	92.600000	200.192078	3.380595	
0.000010	0.190495	0.237406	98.108000	92.800000	190.572540	3.450571	
0.001000	0.132254	0.238755	98.270000	92.790000	199.007365	3.240799	
0.000000	0.190487	0.236689	98.148000	92.860000	176.077305	3.404904	
0.000010	0.130908	0.238780	98.340000	92.800000	185.982041	3.497701	
0.000000	0.189471	0.236910	98.214000	92.620000	198.384217	3.504957	
0.000000	0.132086	0.237502	98.288000	92.850000	178.749193	3.380553	
0.000000	0.188403	0.238329	98.254000	92.710000	198.400637	3.484022	
0.000000	0.131253	0.239076	98.304000	92.750000	200.263665	3.391125	
0.001000	0.192740	0.236989	98.070000	92.830000	190.667378	3.516515	
0.000000	0.132254	0.237975	98.280000	92.720000	200.992260	3.388684	
0.000010	0.189269	0.237691	98.174000	92.780000	190.153505	3.402179	
0.001000	0.132678	0.237698	98.252000	92.610000	200.230499	3.446356	
0.000000	0.189314	0.237183	98.256000	92.980000	175.259581	3.273721	
0.000010	0.129958	0.238424	98.382000	92.820000	185.652787	3.369661	
0.000000	0.187911	0.236760	98.248000	92.900000	197.972557	3.255476	
0.000000	0.131686	0.239315	98.258000	92.780000	179.201943	3.443794	
0.000000	0.189508	0.236523	98.170000	92.850000	197.619615	3.364160	
0.000000	0.131096	0.238044	98.356000	92.830000	200.826321	3.299295	
0.001000	0.188671	0.236613	98.194000	92.740000	190.434690	3.484465	
0.000000	0.129870	0.239514	98.402000	92.830000	201.483209	3.396347	
0.000010	0.186304	0.237461	98.306000	92.850000	190.176903	3.327569	
0.001000	0.131230	0.237785	98.300000	92.660000	199.945469	3.572637	
0.000000	0.187305	0.237121	98.262000	92.790000	176.160552	3.229198	
0.000010	0.129885	0.237520	98.398000	92.680000	184.929759	3.412331	
0.000000	0.189326	0.236826	98.214000	92.730000	198.193416	3.308451	
0.000000	0.131145	0.236939	98.310000	92.760000	164.410933	2.718595	
0.000000	0.188100	0.238426	98.182000	92.720000	198.333847	3.224046	
0.000000	0.132147	0.238839	98.252000	92.640000	118.723542	2.629661	
0.000000	0.129914	0.238164	98.314000	92.750000	118.756637	2.276287	
