LearningRate	TrainLoss	ValidLoss	TrainAcc.	ValidAcc.	TrainEpochTime(s)	TestEpochTime(s)	
0.100000	2.509986	1.977297	31.460000	29.120000	32.461977	2.063962	
0.100000	1.920042	1.351143	50.900000	54.150000	136.143114	4.480490	
0.100000	1.558246	1.063933	62.676000	62.510000	192.455861	4.170848	
0.100000	1.338660	0.956481	69.024000	66.270000	197.516937	4.810455	
0.100000	1.165680	0.956998	74.250000	66.580000	196.744829	4.522297	
0.100000	1.060820	0.721574	76.608000	74.740000	189.142416	3.471238	
0.100000	0.986926	0.852203	78.420000	71.180000	188.351885	4.169316	
0.100000	0.935893	0.835848	79.444000	72.410000	196.470352	4.013853	
0.100000	0.884205	0.707986	80.710000	75.920000	195.780919	3.820689	
0.100000	0.871517	0.723849	80.782000	75.700000	193.663525	3.348994	
0.100000	0.842992	0.911932	81.694000	71.070000	186.398694	3.657353	
0.100000	0.841562	0.904813	81.654000	72.200000	176.448512	4.329743	
0.100000	0.814576	0.834623	82.578000	72.030000	193.878088	4.212061	
0.100000	0.820881	0.794052	82.302000	74.000000	191.750724	4.832434	
0.100000	0.801928	0.673658	83.020000	77.550000	192.857808	4.162989	
0.100000	0.794640	0.736972	83.206000	76.130000	186.848086	3.591531	
0.100000	0.797434	0.980087	83.026000	70.610000	186.450843	3.550504	
0.100000	0.794674	0.779015	83.292000	75.440000	192.960224	3.557960	
0.100000	0.782988	0.881294	83.624000	73.080000	196.434954	3.585109	
0.100000	0.781515	0.625988	83.752000	78.780000	191.905821	3.665006	
0.100000	0.772450	1.000486	84.054000	69.430000	188.195897	3.441514	
0.100000	0.769190	0.712419	84.118000	76.120000	175.098069	3.596215	
0.100000	0.761454	0.606082	84.336000	80.730000	195.765515	3.590218	
0.100000	0.757704	1.458705	84.576000	62.200000	193.312005	3.716649	
0.100000	0.758325	1.029454	84.388000	68.850000	194.023483	4.480755	
0.100000	0.758136	0.773978	84.482000	76.640000	184.853249	4.015732	
0.100000	0.750211	0.598184	84.710000	80.030000	179.715716	4.559617	
0.100000	0.758695	0.724804	84.640000	77.710000	195.232353	4.128694	
0.100000	0.745616	0.766643	84.868000	74.940000	194.575805	4.092149	
0.100000	0.751023	0.676112	84.782000	78.850000	200.586993	4.126461	
0.100000	0.739923	0.587679	85.204000	80.970000	186.903933	3.915533	
0.100000	0.747330	0.848526	84.976000	73.170000	175.306867	4.286762	
0.100000	0.734233	0.711521	85.164000	76.890000	194.415386	4.201918	
0.100000	0.738279	0.677169	85.046000	77.940000	194.947641	4.133246	
0.100000	0.729264	0.583613	85.114000	80.630000	192.459480	5.476264	
0.100000	0.727392	0.594718	85.310000	80.390000	182.900795	4.732530	
0.100000	0.727624	0.947212	85.304000	70.610000	187.560127	4.624544	
0.100000	0.735023	0.557186	85.188000	81.520000	189.985367	4.477919	
0.100000	0.725580	0.872084	85.578000	72.640000	193.872221	4.075725	
0.100000	0.723709	0.866554	85.614000	73.430000	190.141942	4.186086	
0.100000	0.715262	0.889142	85.716000	74.530000	174.779549	4.408609	
0.100000	0.718035	0.623628	85.666000	79.260000	179.405257	4.037086	
0.100000	0.720025	0.880724	85.536000	73.470000	195.523093	4.054558	
0.100000	0.726165	0.713850	85.334000	76.550000	196.116098	4.277373	
0.100000	0.704396	0.815176	86.064000	74.010000	194.006469	4.521781	
0.100000	0.709097	0.707573	85.692000	78.040000	179.098233	4.552919	
0.100000	0.705252	0.607221	85.946000	79.830000	186.423340	4.151042	
0.100000	0.712617	0.913208	85.634000	72.520000	195.312341	4.747690	
0.100000	0.701156	0.718020	85.898000	77.650000	182.369611	4.115571	
0.100000	0.707975	0.647779	85.770000	78.390000	186.228374	4.350216	
0.100000	0.698325	0.620987	86.064000	79.540000	168.461565	4.047567	
0.100000	0.707494	0.629621	85.922000	79.210000	167.247145	4.079247	
0.100000	0.705677	0.578958	85.936000	80.680000	179.870494	4.362058	
0.100000	0.707702	0.868502	85.946000	72.870000	185.926898	4.286834	
0.100000	0.695317	0.685925	86.070000	78.770000	182.481783	4.148610	
0.100000	0.688934	0.868033	86.408000	71.740000	182.399094	4.271948	
0.100000	0.694677	0.571982	86.282000	80.300000	147.125814	4.250590	
0.100000	0.694264	0.774118	86.108000	76.170000	176.894487	3.891927	
0.100000	0.689730	0.574230	86.286000	81.110000	177.520487	4.023203	
0.100000	0.704538	0.592692	85.926000	80.860000	182.890997	3.963306	
0.100000	0.688932	1.012024	86.560000	72.950000	185.304888	4.192069	
0.100000	0.700854	0.877738	86.062000	73.710000	160.906366	3.220636	
0.100000	0.685718	1.060913	86.426000	72.200000	177.894850	3.875727	
0.100000	0.695998	0.792320	86.118000	76.710000	181.461684	4.195061	
0.100000	0.684940	0.811033	86.460000	75.220000	180.565595	3.856433	
0.100000	0.693731	0.637488	85.880000	79.800000	187.715042	4.495538	
0.100000	0.684516	0.731150	86.478000	77.050000	164.735741	4.125775	
0.100000	0.688842	0.832415	86.148000	74.490000	157.321296	3.756582	
0.100000	0.680093	0.620429	86.634000	79.860000	181.097841	3.970042	
0.100000	0.684498	0.821686	86.334000	74.590000	179.876961	4.180898	
0.100000	0.682104	0.756917	86.526000	76.970000	179.221218	4.682992	
0.100000	0.690217	0.564965	86.340000	81.330000	170.942087	4.223066	
0.100000	0.676519	0.781529	86.858000	76.750000	159.568174	4.135491	
0.100000	0.689895	1.020804	86.196000	72.010000	182.318540	3.651429	
0.100000	0.672945	0.697915	86.782000	77.710000	180.934960	3.685572	
0.100000	0.681632	0.672833	86.412000	78.280000	184.097856	4.389922	
0.100000	0.677340	0.587417	86.566000	81.000000	167.987867	4.292352	
0.100000	0.684756	0.838065	86.254000	73.890000	169.156493	2.954161	
0.100000	0.676869	0.833612	86.574000	75.190000	171.316328	3.963293	
0.100000	0.679576	0.565644	86.518000	81.760000	179.770899	3.910400	
0.100000	0.675121	0.596956	86.480000	80.300000	173.157510	3.645099	
0.100000	0.684229	0.720882	86.386000	76.690000	164.642523	3.964242	
0.100000	0.676923	0.548263	86.442000	81.860000	164.711965	4.170923	
0.100000	0.677755	0.598455	86.562000	80.260000	150.636138	4.362540	
0.100000	0.669105	1.136055	86.730000	66.940000	168.046498	3.600125	
0.100000	0.675943	0.635667	86.748000	79.020000	165.782003	4.361050	
0.100000	0.672808	0.728802	86.620000	77.210000	158.288519	3.868897	
0.100000	0.677648	0.830707	86.644000	74.830000	162.526841	3.220756	
0.100000	0.669676	0.701575	86.690000	77.850000	171.996910	4.056454	
0.100000	0.666649	0.678257	86.928000	79.030000	144.749306	3.775754	
0.100000	0.668866	0.510815	86.684000	83.220000	171.472951	3.883695	
0.100000	0.679778	0.853792	86.334000	74.600000	158.892534	4.454946	
0.010000	0.538458	0.295641	91.368000	90.030000	156.441406	3.466383	
0.001000	0.491565	0.284090	92.916000	90.330000	152.292126	4.024594	
0.000100	0.488464	0.281937	93.048000	90.560000	162.229161	3.298329	
0.010000	0.486673	0.272503	92.830000	90.710000	147.575502	4.112929	
0.001000	0.462862	0.265870	93.652000	91.100000	147.236810	3.534327	
0.000100	0.458750	0.265287	93.810000	90.970000	161.553597	3.838465	
0.000010	0.455749	0.265114	93.866000	90.980000	152.101101	3.630728	
0.000001	0.457942	0.266450	93.752000	91.000000	164.316584	3.827115	
0.010000	0.462198	0.267560	93.702000	90.940000	147.665413	3.699589	
0.001000	0.442984	0.255744	94.150000	91.430000	159.423164	3.476401	
0.000100	0.435552	0.256400	94.396000	91.380000	152.341335	3.921816	
0.000010	0.435520	0.255451	94.416000	91.440000	156.079722	3.049724	
0.000001	0.435497	0.256161	94.388000	91.370000	158.461809	3.663757	
0.010000	0.443790	0.265552	94.026000	91.100000	155.550756	4.231946	
0.001000	0.423643	0.250845	94.612000	91.610000	144.594038	3.044145	
0.000100	0.419594	0.252741	94.720000	91.550000	148.605099	3.353121	
0.000010	0.417759	0.250380	94.884000	91.690000	158.802226	3.365045	
0.000001	0.416149	0.251651	94.924000	91.580000	152.737916	3.754421	
0.010000	0.427080	0.270795	94.442000	91.120000	161.334153	3.604349	
0.001000	0.410008	0.254595	94.884000	91.530000	152.692656	3.444631	
0.000100	0.402340	0.252923	95.294000	91.630000	144.371331	2.536521	
0.000010	0.400805	0.256238	95.236000	91.700000	154.597208	3.675671	
0.000001	0.403067	0.254935	95.162000	91.500000	148.644121	3.802031	
0.010000	0.413650	0.273951	94.696000	91.290000	168.077913	4.020481	
0.001000	0.391631	0.254950	95.358000	91.820000	162.389224	3.571252	
0.000100	0.387023	0.254761	95.520000	91.780000	156.987703	3.539547	
0.000010	0.385756	0.255256	95.588000	91.720000	139.952758	2.910665	
0.000001	0.391711	0.255104	95.394000	91.770000	157.918490	3.038140	
0.010000	0.402932	0.267897	94.888000	91.450000	158.358683	3.839290	
0.001000	0.379526	0.252922	95.614000	91.740000	159.141330	3.788251	
0.000100	0.375835	0.253942	95.712000	91.730000	159.549846	3.311671	
0.000010	0.375657	0.252401	95.702000	91.740000	151.902080	3.367703	
0.000001	0.377028	0.253960	95.670000	91.660000	140.627571	3.769195	
0.010000	0.388135	0.276045	95.224000	91.300000	153.017188	3.934948	
0.001000	0.370141	0.252031	95.780000	91.810000	153.730691	4.382310	
0.000100	0.363860	0.252185	95.992000	91.850000	155.045810	3.141355	
0.000010	0.364656	0.251836	95.832000	91.810000	158.694722	2.985551	
0.000001	0.362610	0.251043	96.030000	91.760000	158.201957	3.432124	
0.010000	0.378772	0.277973	95.308000	91.350000	137.030278	4.195461	
0.001000	0.358625	0.259688	96.040000	91.800000	156.424084	3.908291	
0.000100	0.350858	0.254731	96.306000	92.000000	158.529322	3.726720	
0.000010	0.351236	0.257749	96.306000	91.960000	161.229219	3.325652	
0.000001	0.349859	0.256572	96.348000	91.840000	149.435108	4.085706	
0.010000	0.370156	0.271369	95.378000	91.480000	157.324839	3.864098	
0.001000	0.349704	0.257193	96.102000	91.760000	140.429323	3.176162	
0.000100	0.340995	0.254904	96.534000	91.870000	156.059830	3.688838	
0.000010	0.341547	0.253922	96.438000	91.830000	161.319975	3.414321	
0.000001	0.340790	0.253916	96.516000	91.970000	153.372902	3.160052	
0.010000	0.360478	0.276393	95.570000	91.340000	163.991596	3.790402	
0.001000	0.338248	0.259498	96.328000	91.880000	151.421954	3.266455	
0.000100	0.332257	0.257988	96.604000	92.070000	143.961954	3.625607	
0.000010	0.330013	0.259760	96.680000	91.880000	157.242633	3.486858	
0.000001	0.330982	0.258031	96.662000	92.020000	158.395617	3.514887	
0.010000	0.350080	0.295941	95.818000	91.050000	157.704561	3.798091	
0.001000	0.332745	0.260813	96.390000	92.060000	153.842424	3.352578	
0.000100	0.322018	0.259484	96.774000	92.170000	153.115684	3.024189	
0.000010	0.321632	0.256735	96.840000	92.070000	147.009102	3.638833	
0.000000	0.320190	0.257687	97.024000	92.080000	158.734153	3.688478	
0.001000	0.321105	0.256475	96.790000	92.240000	155.335309	4.021217	
0.000010	0.315423	0.257742	97.094000	92.150000	156.629457	3.055931	
0.000000	0.318001	0.256762	97.018000	92.060000	161.929518	3.920221	
0.000000	0.317069	0.258528	96.948000	92.140000	161.722068	4.003184	
0.000000	0.316823	0.256973	97.000000	92.100000	145.828791	4.017568	
0.001000	0.317300	0.255393	96.970000	92.200000	150.574625	3.927974	
0.000010	0.312337	0.258294	97.138000	92.170000	154.150802	3.360255	
0.000000	0.313481	0.258838	97.144000	92.050000	152.673984	3.837742	
0.000000	0.316197	0.261357	97.044000	92.230000	156.470630	3.854494	
0.000000	0.313495	0.258134	97.074000	92.120000	160.011682	3.725337	
0.001000	0.315148	0.258430	97.050000	92.230000	148.108551	3.160563	
0.000010	0.310405	0.259765	97.264000	92.120000	156.150016	3.568750	
0.000000	0.310046	0.258585	97.232000	92.200000	151.492147	3.623790	
0.000000	0.312552	0.257270	97.074000	92.030000	155.744287	3.316102	
0.000000	0.313119	0.259455	97.096000	92.170000	158.670231	3.555661	
0.001000	0.311369	0.259691	97.176000	92.160000	153.018020	3.861126	
0.000010	0.309714	0.259277	97.154000	92.180000	144.574295	3.723627	
0.000000	0.310670	0.259470	97.226000	92.150000	156.492226	3.426358	
0.000000	0.310038	0.259425	97.162000	92.150000	152.833627	3.465025	
0.000000	0.309504	0.259207	97.168000	92.280000	159.012996	3.441516	
0.001000	0.311719	0.262156	97.092000	92.120000	157.333177	4.015228	
0.000010	0.309632	0.260296	97.228000	92.130000	129.793048	2.074263	
0.000000	0.307631	0.262196	97.292000	92.080000	156.621254	3.207654	
0.000000	0.305792	0.258420	97.394000	92.120000	151.307456	2.819802	
0.000000	0.308341	0.260095	97.356000	92.230000	160.148970	2.901952	
0.001000	0.309008	0.261812	97.196000	92.130000	160.853913	3.621964	
0.000010	0.305389	0.263046	97.348000	92.200000	161.092547	2.746937	
0.000000	0.305477	0.260802	97.292000	92.210000	153.350109	2.689235	
0.000000	0.304934	0.262363	97.488000	92.180000	147.770658	2.732975	
0.000000	0.307615	0.260587	97.200000	92.180000	154.290638	2.793691	
