LearningRate	TrainLoss	ValidLoss	TrainAcc.	ValidAcc.	TrainEpochTime(s)	TestEpochTime(s)	
0.025000	2.322803	1.563477	35.454000	43.350000	176.895221	4.349967	
0.025000	1.869279	1.312101	53.214000	53.770000	194.692084	4.103515	
0.025000	1.616454	1.113267	62.264000	62.740000	192.894445	3.357588	
0.025000	1.437749	1.093580	68.456000	62.790000	198.112746	3.697683	
0.025000	1.310571	1.149366	72.842000	66.350000	186.081338	4.128105	
0.025000	1.217999	0.850985	75.550000	71.520000	179.871237	3.613299	
0.025000	1.143430	0.767019	77.684000	74.480000	194.315088	4.201332	
0.025000	1.091093	0.926063	79.148000	70.910000	197.409703	4.548662	
0.025000	1.034796	0.712366	80.384000	76.750000	193.230105	3.621310	
0.025000	0.990953	1.036259	81.732000	69.820000	187.721029	3.608706	
0.025000	0.948744	1.044595	82.404000	69.620000	180.725150	3.486914	
0.025000	0.919224	0.635995	83.096000	79.230000	197.424103	3.483202	
0.025000	0.886215	0.577454	83.998000	80.730000	193.084584	4.135173	
0.025000	0.853403	0.687539	84.620000	77.720000	193.721278	3.565806	
0.025000	0.830231	0.742796	85.000000	76.470000	187.727162	3.252434	
0.025000	0.798991	0.691074	85.326000	78.020000	186.545275	3.672536	
0.025000	0.777043	0.905154	85.800000	72.290000	194.743800	4.320748	
0.025000	0.756719	0.689193	86.014000	77.950000	195.323260	3.409588	
0.025000	0.729072	0.621020	86.676000	80.050000	193.690340	3.436318	
0.025000	0.716336	0.748224	87.080000	77.080000	189.228633	3.688527	
0.025000	0.693245	0.531209	86.212000	82.730000	185.856199	3.617606	
0.025000	0.669516	0.628571	86.574000	79.390000	194.923840	3.371248	
0.025000	0.655012	0.822561	86.984000	75.500000	193.447870	3.503640	
0.025000	0.639108	0.718626	87.522000	77.590000	193.065813	3.992367	
0.025000	0.626697	0.603146	87.586000	80.610000	184.803629	3.252076	
0.025000	0.644588	0.763223	86.482000	77.160000	184.275813	4.606705	
0.025000	0.614873	0.576653	87.426000	81.440000	192.565265	3.721303	
0.025000	0.600441	0.601283	87.702000	80.540000	191.407326	4.115888	
0.025000	0.584086	0.479282	88.080000	84.070000	192.683077	4.315874	
0.025000	0.581349	0.553311	88.266000	82.450000	186.262548	3.816354	
0.025000	0.579656	0.527177	87.580000	82.990000	182.163300	3.906282	
0.025000	0.575981	0.579342	87.792000	81.400000	192.783682	3.389671	
0.025000	0.559824	0.537432	88.564000	83.100000	195.292646	3.560856	
0.025000	0.560851	0.569145	88.260000	82.040000	193.271419	3.505891	
0.025000	0.543916	0.443085	88.814000	85.000000	187.287239	3.300612	
0.025000	0.541919	0.674654	88.702000	79.300000	183.280832	4.029659	
0.025000	0.539091	0.594191	88.800000	81.540000	190.647328	3.327216	
0.025000	0.537942	0.626512	88.766000	79.970000	190.186309	4.039241	
0.025000	0.532264	0.498283	89.038000	83.640000	192.292118	3.542320	
0.025000	0.530561	0.512409	89.074000	83.890000	181.977955	3.235676	
0.025000	0.524321	0.465407	89.072000	84.860000	172.441734	4.398429	
0.025000	0.522933	0.479891	89.094000	84.110000	191.083026	4.198241	
0.025000	0.511148	0.474630	89.692000	84.770000	187.498366	3.654936	
0.025000	0.515781	0.692367	89.090000	79.480000	191.949075	3.492783	
0.025000	0.513568	0.473126	89.274000	84.720000	182.289165	3.364317	
0.025000	0.512197	0.748056	89.262000	77.530000	176.000401	3.784413	
0.025000	0.504508	0.644858	89.496000	80.920000	191.880510	3.703156	
0.025000	0.504677	0.762143	89.526000	76.230000	190.791414	3.572955	
0.025000	0.499652	0.617197	89.748000	80.380000	191.722699	4.076911	
0.025000	0.499544	0.526974	89.720000	83.220000	180.292609	3.201004	
0.025000	0.495017	0.459664	89.770000	85.540000	174.567386	3.760826	
0.025000	0.489573	0.508043	89.980000	83.670000	191.752876	3.200621	
0.025000	0.492364	0.466664	89.792000	85.020000	190.781165	3.776741	
0.025000	0.489449	0.433427	89.874000	85.610000	189.375753	3.428642	
0.025000	0.479207	0.605274	90.160000	81.580000	183.809779	3.136460	
0.025000	0.478850	0.652995	90.362000	80.550000	171.700009	4.793986	
0.025000	0.482914	0.421988	90.094000	85.710000	186.288712	3.816772	
0.025000	0.485976	0.569382	89.954000	81.630000	190.386491	3.450907	
0.025000	0.482656	0.593785	90.100000	81.730000	193.780099	3.732998	
0.025000	0.477098	0.471335	90.506000	84.440000	183.556129	3.277534	
0.025000	0.461670	0.436168	90.898000	85.830000	173.885407	4.128968	
0.025000	0.474055	0.446393	90.310000	85.560000	193.192549	4.378016	
0.025000	0.472571	0.528517	90.520000	83.570000	187.679441	3.349557	
0.025000	0.467037	0.431485	90.632000	85.560000	193.234831	3.575126	
0.025000	0.465482	0.476923	90.624000	84.580000	179.335035	3.269119	
0.025000	0.468538	0.430429	90.410000	86.330000	175.102423	4.161549	
0.025000	0.467470	0.449438	90.570000	85.540000	186.125961	3.924211	
0.025000	0.471948	0.519592	90.506000	83.580000	190.755340	3.438552	
0.025000	0.461735	0.524995	90.696000	83.420000	191.711216	3.447071	
0.025000	0.459883	0.600107	90.884000	81.120000	179.852222	3.311883	
0.025000	0.462121	0.465695	90.778000	85.010000	178.917584	4.141059	
0.025000	0.459769	0.686024	90.760000	80.320000	191.718438	3.452661	
0.025000	0.460902	0.451944	90.870000	85.700000	191.704499	4.215681	
0.025000	0.462873	0.543438	90.590000	83.670000	189.045208	3.300806	
0.025000	0.461044	0.455243	90.872000	85.260000	183.192013	3.531682	
0.025000	0.453098	0.452780	91.160000	85.760000	177.793384	4.045527	
0.025000	0.456861	0.510172	90.864000	83.920000	177.083650	4.063765	
0.025000	0.454921	0.488619	91.062000	84.490000	182.870672	3.229991	
0.025000	0.451509	0.453405	91.102000	85.410000	178.942020	3.232031	
0.025000	0.455063	0.481922	91.014000	84.780000	175.553199	3.111096	
0.025000	0.449171	0.516119	91.192000	84.010000	179.403866	4.323696	
0.025000	0.454465	0.511718	91.022000	83.870000	180.712042	3.625554	
0.025000	0.451909	0.467727	91.136000	84.820000	180.754028	3.260609	
0.025000	0.449266	0.461783	91.184000	85.300000	178.566599	3.450536	
0.025000	0.451882	0.471772	91.020000	84.620000	174.996120	3.749491	
0.025000	0.445469	0.514408	91.308000	83.440000	166.894520	3.614716	
0.025000	0.448620	0.627944	91.262000	81.550000	182.085792	3.274091	
0.025000	0.453228	0.466290	91.010000	84.940000	178.909530	3.354759	
0.025000	0.454035	0.438337	90.920000	85.660000	179.874382	3.211188	
0.025000	0.448596	0.492325	91.168000	84.680000	176.222121	3.695895	
0.025000	0.442727	0.402637	91.302000	87.140000	165.663779	4.460514	
0.025000	0.450005	0.475650	91.078000	85.150000	181.830434	3.944639	
0.025000	0.451876	0.511928	91.030000	83.410000	181.782701	3.445652	
0.025000	0.444657	0.503386	91.350000	84.390000	180.240128	3.902952	
0.025000	0.448063	0.653947	91.218000	80.640000	175.448601	3.259688	
0.025000	0.439166	0.444403	91.454000	85.190000	166.153902	3.758808	
0.025000	0.447814	0.539606	91.256000	83.450000	178.619756	3.199125	
0.025000	0.442522	0.467538	91.462000	85.230000	178.229868	3.138780	
0.025000	0.444568	0.430332	91.212000	85.920000	177.667785	3.518607	
0.025000	0.441939	0.723058	91.292000	79.260000	176.644343	3.073582	
0.025000	0.435394	0.520564	91.594000	83.840000	170.400957	3.741928	
0.025000	0.444754	0.547677	91.274000	83.300000	170.601460	3.380034	
0.025000	0.445101	0.466701	91.344000	85.230000	177.634628	3.788517	
0.025000	0.445131	0.514682	91.258000	83.590000	176.442694	3.563530	
0.025000	0.438152	0.523283	91.502000	84.170000	174.710715	3.342422	
0.025000	0.427891	0.388819	91.842000	87.240000	183.422271	3.998013	
0.025000	0.441098	0.405976	91.258000	87.000000	173.652086	3.364068	
0.025000	0.433231	0.496522	91.582000	84.710000	179.578046	3.580792	
0.025000	0.441063	0.401799	91.494000	86.850000	178.075536	3.962423	
0.025000	0.440640	0.531342	91.322000	83.290000	167.182268	3.665030	
0.025000	0.431643	0.404633	91.642000	86.760000	179.906391	3.469223	
0.025000	0.438540	0.436721	91.578000	86.090000	165.714064	3.496510	
0.025000	0.434413	0.439406	91.564000	85.710000	178.547935	4.036008	
0.025000	0.437619	0.530767	91.498000	83.070000	179.742484	3.175383	
0.025000	0.433118	0.465363	91.618000	85.900000	167.220495	4.441019	
0.025000	0.433948	0.377569	91.590000	87.390000	181.990659	4.106852	
0.025000	0.438763	0.487194	91.518000	85.410000	175.305040	3.347569	
0.025000	0.436720	0.407144	91.412000	87.160000	173.454045	3.445016	
0.025000	0.433247	0.495949	91.450000	83.870000	173.406117	3.275135	
0.025000	0.436518	0.581950	91.410000	82.610000	175.044773	3.958197	
0.025000	0.429130	0.454560	91.674000	85.770000	179.873386	4.454097	
0.025000	0.435909	0.457885	91.478000	85.370000	173.489367	4.135889	
0.025000	0.431086	0.363181	91.736000	88.130000	171.584708	3.821384	
0.025000	0.428802	0.484582	91.784000	84.720000	167.267589	3.975166	
0.025000	0.436145	0.471909	91.476000	85.080000	179.273250	4.643527	
0.025000	0.420299	0.457419	92.146000	85.960000	172.179431	3.906954	
0.025000	0.424625	0.522734	91.810000	83.690000	168.522984	3.814982	
0.025000	0.429075	0.486112	91.668000	84.850000	156.762211	3.306165	
0.025000	0.432113	0.451405	91.626000	85.400000	152.543128	4.000800	
0.025000	0.425370	0.533964	91.844000	83.520000	169.430195	3.526555	
0.025000	0.418425	0.510601	92.076000	84.390000	170.704945	3.878691	
0.025000	0.431201	0.378835	91.650000	87.760000	167.293145	4.061256	
0.025000	0.428313	0.644738	91.710000	81.440000	161.437289	3.296256	
0.025000	0.427900	0.540714	91.832000	83.480000	144.558445	3.604632	
0.025000	0.426570	0.431997	91.826000	85.870000	170.909240	3.269315	
0.025000	0.422645	0.459701	91.886000	85.520000	175.985600	4.778550	
0.025000	0.427305	0.399261	91.736000	86.870000	171.212948	3.624352	
0.025000	0.421014	0.462216	91.936000	85.630000	167.720850	3.507174	
0.025000	0.427982	0.472664	91.804000	84.810000	140.320650	3.132280	
0.025000	0.422854	0.430796	91.834000	86.530000	168.751335	3.304618	
0.025000	0.417357	0.505455	92.084000	84.270000	172.546067	3.995095	
0.025000	0.423742	0.460087	91.820000	85.450000	170.593466	3.278705	
0.025000	0.422002	0.417225	91.918000	86.820000	165.039521	3.044836	
0.025000	0.419837	0.496485	91.954000	84.270000	148.319341	2.644934	
0.025000	0.426374	0.411540	91.730000	86.430000	162.969499	3.337363	
0.025000	0.418704	0.455588	92.038000	85.810000	170.041531	3.636837	
0.025000	0.420876	0.532938	91.936000	82.860000	166.374985	2.996928	
0.025000	0.418814	0.548236	92.114000	83.440000	165.931378	2.830766	
0.025000	0.422128	0.406197	91.900000	86.700000	155.813992	3.030095	
0.025000	0.423185	0.469203	91.866000	85.180000	154.665994	3.021993	
0.025000	0.415005	0.461754	92.144000	85.570000	174.115094	3.805536	
0.025000	0.417998	0.394672	92.146000	87.330000	167.618349	3.379076	
0.025000	0.422396	0.436866	91.962000	85.420000	166.728963	2.902485	
0.025000	0.419025	0.438571	92.020000	86.050000	159.941451	3.240355	
0.025000	0.424996	0.484923	91.784000	85.090000	163.695523	4.327866	
0.025000	0.412290	0.567264	92.190000	83.080000	171.266100	4.240880	
0.025000	0.417059	0.472507	92.048000	85.040000	170.193080	4.269364	
0.025000	0.419230	0.441330	92.122000	86.040000	164.532672	3.408052	
0.025000	0.423844	0.528281	91.786000	84.980000	161.483704	4.158528	
0.025000	0.415916	0.504067	92.088000	84.220000	163.544972	3.661192	
0.025000	0.415631	0.463658	92.090000	86.480000	166.659314	3.535777	
0.025000	0.419859	0.402149	92.068000	87.030000	170.718886	3.121669	
0.025000	0.417102	0.606634	92.094000	81.840000	162.188575	3.113673	
0.025000	0.415553	0.554527	92.120000	83.590000	162.380565	3.035741	
0.025000	0.416851	0.441552	92.110000	85.900000	163.284040	2.923492	
0.025000	0.411623	0.429359	92.374000	86.150000	172.173351	3.407871	
0.025000	0.420377	0.477747	91.826000	85.520000	163.167553	3.016011	
0.025000	0.415899	0.389762	92.082000	87.710000	164.546860	3.783249	
0.025000	0.417432	0.404851	92.064000	87.010000	161.695709	3.342187	
0.025000	0.415303	0.543878	92.046000	82.840000	161.466471	3.051236	
0.025000	0.407172	0.400187	92.398000	87.320000	172.839549	4.535115	
0.025000	0.415770	0.619101	92.056000	81.480000	163.303151	3.299633	
0.025000	0.416434	0.355303	92.112000	88.380000	160.869828	3.831652	
0.025000	0.416842	0.510409	92.018000	85.110000	162.499862	3.564890	
0.025000	0.422800	0.399181	91.862000	87.760000	160.677922	2.918320	
0.025000	0.412290	0.418765	92.294000	86.220000	172.683070	3.913859	
0.025000	0.409693	0.494100	92.372000	84.210000	163.117996	3.395779	
0.025000	0.414280	0.427015	92.196000	86.690000	161.035066	2.466716	
0.025000	0.419025	0.436538	91.906000	86.070000	99.500690	2.653052	
0.025000	0.416606	0.495330	92.044000	84.180000	89.644745	2.142905	
