LearningRate	TrainLoss	ValidLoss	TrainAcc.	ValidAcc.	TrainEpochTime(s)	TestEpochTime(s)	
0.025000	2.448130	1.519219	32.120000	43.450000	193.541241	4.762950	
0.025000	1.993397	1.290132	50.566000	53.890000	193.704037	4.122150	
0.025000	1.720645	1.394364	60.058000	55.450000	196.193691	3.751072	
0.025000	1.527194	1.297394	67.024000	60.150000	193.440075	3.737087	
0.025000	1.394520	0.906754	71.288000	68.250000	180.359766	3.359500	
0.025000	1.281448	0.880144	74.802000	71.150000	199.021797	4.235073	
0.025000	1.214139	0.801774	76.756000	72.750000	197.420616	3.676450	
0.025000	1.143860	1.201825	78.588000	62.860000	196.575542	3.913556	
0.025000	1.086706	0.953365	80.086000	69.680000	199.225864	3.657604	
0.025000	1.032140	0.755778	81.250000	76.030000	179.211899	3.301100	
0.025000	0.991736	0.711627	82.146000	76.150000	199.612571	3.875401	
0.025000	0.963560	0.779208	82.634000	75.290000	200.556754	4.466856	
0.025000	0.928824	0.641237	83.470000	78.810000	199.201901	3.387773	
0.025000	0.895909	0.708840	84.074000	77.660000	198.698004	3.599070	
0.025000	0.861065	0.825298	84.840000	73.170000	173.110277	2.730238	
0.025000	0.818004	0.799754	85.420000	74.940000	195.643045	3.486721	
0.025000	0.803629	0.881903	85.464000	73.960000	195.863724	3.764560	
0.025000	0.783495	0.596109	85.778000	80.060000	198.007896	3.714830	
0.025000	0.759195	0.670861	86.256000	79.280000	196.440628	3.418874	
0.025000	0.737662	0.660004	86.810000	78.930000	166.600353	2.866924	
0.025000	0.712739	0.585443	85.754000	81.010000	196.493046	3.990145	
0.025000	0.688552	0.556084	86.246000	81.920000	191.043328	3.486559	
0.025000	0.672884	0.592772	86.578000	80.560000	193.313772	3.644116	
0.025000	0.652961	0.779543	87.042000	76.890000	193.655417	3.416883	
0.025000	0.635344	0.732298	87.486000	76.730000	169.174317	2.465976	
0.025000	0.654549	0.611956	86.510000	80.350000	193.850194	3.684187	
0.025000	0.630304	0.530790	86.992000	82.750000	192.424970	4.185606	
0.025000	0.617933	0.538343	87.390000	82.410000	194.416636	3.793393	
0.025000	0.603086	0.680592	87.832000	79.200000	194.710700	3.579312	
0.025000	0.591995	0.637113	88.010000	79.320000	180.081280	3.305049	
0.025000	0.601964	0.525821	87.216000	82.160000	193.182878	3.981869	
0.025000	0.596008	0.811925	87.558000	75.450000	192.423068	3.853823	
0.025000	0.582176	0.812622	87.920000	75.340000	193.117205	3.483374	
0.025000	0.571314	0.602169	88.058000	81.300000	191.802074	3.448828	
0.025000	0.570853	0.649476	88.168000	80.520000	182.578540	3.048649	
0.025000	0.567006	0.514754	88.132000	82.830000	195.763533	4.733697	
0.025000	0.561949	1.198447	88.152000	64.670000	192.945735	4.095245	
0.025000	0.553599	0.614721	88.676000	80.520000	194.903137	3.644860	
0.025000	0.545248	0.458313	88.796000	84.570000	189.612874	3.610554	
0.025000	0.546604	0.532377	88.692000	82.980000	178.199487	3.306601	
0.025000	0.542174	0.427813	88.850000	85.820000	193.235104	4.575692	
0.025000	0.538683	0.575977	88.938000	81.870000	190.149019	4.209070	
0.025000	0.539724	0.735418	89.012000	78.780000	190.197604	3.613637	
0.025000	0.533062	0.495251	89.082000	83.990000	189.656398	3.259819	
0.025000	0.527795	0.486939	89.258000	83.920000	176.641640	3.703023	
0.025000	0.523004	0.529787	89.434000	82.470000	191.617128	4.117455	
0.025000	0.529696	0.546166	89.076000	81.870000	195.084032	3.347452	
0.025000	0.526579	0.551262	89.038000	82.960000	189.524783	4.270460	
0.025000	0.520934	0.625726	89.440000	80.840000	184.018653	3.171934	
0.025000	0.522118	0.475779	89.398000	84.960000	176.415157	3.802424	
0.025000	0.507778	0.570488	89.604000	81.900000	194.281357	3.611318	
0.025000	0.514230	0.470471	89.402000	84.810000	194.272289	3.708440	
0.025000	0.511435	0.558246	89.440000	81.430000	191.390743	4.599481	
0.025000	0.504250	0.464338	89.800000	84.770000	182.659907	3.906783	
0.025000	0.509159	0.741492	89.684000	77.370000	173.758036	4.099234	
0.025000	0.502265	0.440808	89.678000	85.720000	195.174862	4.466240	
0.025000	0.504259	0.611521	89.654000	81.230000	191.433088	4.216550	
0.025000	0.499563	0.553471	89.842000	82.170000	189.522633	4.150508	
0.025000	0.504374	0.438404	89.620000	85.440000	182.127756	3.616429	
0.025000	0.495405	0.503538	90.128000	83.940000	177.166612	4.269437	
0.025000	0.489923	0.734239	90.116000	78.430000	192.286643	3.942608	
0.025000	0.490256	0.439096	90.188000	85.570000	192.771767	3.998621	
0.025000	0.499022	0.595121	89.928000	81.370000	193.427758	4.012160	
0.025000	0.490894	0.498948	90.120000	84.250000	181.227961	3.386392	
0.025000	0.495584	0.626266	89.984000	81.230000	173.303483	3.363001	
0.025000	0.476483	0.511406	90.770000	83.350000	184.476635	3.585476	
0.025000	0.480806	0.436170	90.486000	85.440000	180.288433	3.291387	
0.025000	0.483734	0.523041	90.264000	83.060000	180.031936	3.423367	
0.025000	0.473839	0.566699	90.694000	81.910000	176.810810	3.713359	
0.025000	0.476258	0.439635	90.508000	85.800000	167.083802	3.166588	
0.025000	0.468764	0.475200	90.688000	84.520000	175.728910	3.762216	
0.025000	0.476406	0.561196	90.448000	81.800000	179.539629	4.324401	
0.025000	0.482318	0.466344	90.312000	84.690000	180.178122	4.148514	
0.025000	0.479489	0.476695	90.330000	84.950000	179.096277	3.302461	
0.025000	0.480282	0.587991	90.502000	82.290000	167.010080	3.447429	
0.025000	0.460984	0.585138	91.044000	81.790000	176.266412	4.487238	
0.025000	0.468133	0.564164	90.882000	82.280000	179.900150	3.682206	
0.025000	0.475877	0.437278	90.400000	85.990000	180.792957	3.264563	
0.025000	0.469972	0.477868	90.612000	84.430000	179.392444	3.551587	
0.025000	0.469519	0.403417	90.756000	86.530000	173.894505	3.198834	
0.025000	0.460220	0.470136	90.990000	85.120000	178.669064	3.989029	
0.025000	0.477226	0.631700	90.494000	80.640000	185.354662	3.655840	
0.025000	0.473417	0.522469	90.646000	83.660000	183.764064	3.235093	
0.025000	0.469437	0.453569	90.680000	85.010000	183.044922	3.200184	
0.025000	0.467262	0.527055	90.754000	83.330000	175.409362	3.274049	
0.025000	0.461811	0.527909	90.868000	83.160000	169.784927	3.697480	
0.025000	0.467440	0.567945	90.812000	83.280000	178.200761	3.319768	
0.025000	0.465698	0.489593	90.890000	84.250000	180.193984	3.598662	
0.025000	0.463721	0.419369	90.754000	86.390000	180.006079	3.204721	
0.025000	0.467370	0.623979	90.742000	80.510000	171.907618	3.964191	
0.025000	0.459771	0.477756	91.000000	85.160000	167.444626	4.312732	
0.025000	0.462842	0.362708	90.940000	88.150000	182.602476	3.934292	
0.025000	0.460937	0.421702	91.006000	85.810000	180.378227	3.448129	
0.025000	0.457892	0.526705	90.920000	83.320000	183.312110	3.830718	
0.025000	0.461536	0.516018	90.928000	84.010000	173.414430	3.318024	
0.025000	0.451266	0.462918	91.170000	84.520000	169.998666	4.788062	
0.025000	0.458334	0.544584	90.964000	82.780000	180.008247	3.415881	
0.025000	0.462428	0.528979	90.904000	83.370000	179.580413	3.623827	
0.025000	0.463441	0.473055	90.856000	84.960000	179.900116	3.725243	
0.025000	0.456784	0.527967	90.986000	84.100000	174.164045	3.741881	
0.025000	0.446625	0.445739	91.464000	85.200000	165.339041	4.376953	
0.025000	0.452475	0.449817	91.074000	85.330000	162.492441	3.476384	
0.025000	0.454492	0.419708	91.180000	86.450000	170.030352	3.214120	
0.025000	0.453141	0.522827	91.192000	83.350000	169.909092	3.423260	
0.025000	0.453241	0.724187	91.130000	79.710000	166.987525	3.604508	
0.025000	0.448101	0.443161	91.312000	85.370000	169.949620	3.810655	
0.025000	0.446234	0.420917	91.348000	86.300000	155.420787	3.078408	
0.025000	0.451777	0.498977	91.136000	84.050000	169.761698	3.143893	
0.025000	0.454688	0.423348	91.168000	86.410000	170.040193	3.271660	
0.025000	0.455837	0.446653	91.048000	85.770000	158.270456	3.101782	
0.025000	0.443607	0.414389	91.500000	86.620000	165.714613	3.965547	
0.025000	0.453282	0.549768	91.172000	83.300000	162.783314	3.089350	
0.025000	0.449147	0.439832	91.266000	85.900000	160.418553	4.326931	
0.025000	0.449887	0.550508	91.300000	82.260000	165.802278	3.296508	
0.025000	0.447412	0.442887	91.168000	85.560000	157.696642	3.550880	
0.025000	0.440892	0.573987	91.590000	82.400000	166.157471	4.005798	
0.025000	0.449927	0.743173	91.296000	78.820000	169.896163	4.029937	
0.025000	0.446259	0.486266	91.262000	85.010000	163.311038	2.966151	
0.025000	0.444646	0.453902	91.392000	85.310000	160.436196	3.098922	
0.025000	0.445875	0.609606	91.476000	81.860000	162.687083	3.245564	
0.025000	0.446810	0.641754	91.256000	79.520000	169.281631	3.678333	
0.025000	0.444024	0.469601	91.392000	84.900000	164.153160	3.068346	
0.025000	0.448805	0.558561	91.236000	83.350000	170.302979	3.510641	
0.025000	0.440116	0.426493	91.704000	86.050000	151.885154	3.728193	
0.025000	0.445144	0.426011	91.326000	86.450000	159.378910	3.618787	
0.025000	0.436022	0.427236	91.732000	86.330000	175.564152	3.833357	
0.025000	0.441674	0.440770	91.458000	85.960000	156.238607	4.402185	
0.025000	0.444542	0.386199	91.362000	87.370000	168.780840	3.464003	
0.025000	0.445395	0.475450	91.254000	84.810000	163.204840	3.602315	
0.025000	0.442573	0.456504	91.448000	85.560000	153.754376	3.700979	
0.025000	0.436415	0.581420	91.604000	82.200000	172.940383	4.392217	
0.025000	0.438568	0.400147	91.592000	86.970000	156.610505	3.011948	
0.025000	0.437039	0.437741	91.630000	86.360000	169.343343	3.460891	
0.025000	0.440331	0.453557	91.534000	85.520000	168.508792	3.250754	
0.025000	0.437675	0.495995	91.702000	84.660000	146.607587	3.252045	
0.025000	0.436622	0.548164	91.770000	82.880000	172.635710	3.951492	
0.025000	0.443305	0.498844	91.390000	84.300000	161.378861	3.701903	
0.025000	0.441362	0.416458	91.564000	86.700000	167.765830	3.233093	
0.025000	0.435426	0.443996	91.574000	85.390000	170.318626	3.655357	
0.025000	0.440687	0.515608	91.416000	84.390000	158.941692	3.034319	
0.025000	0.431950	0.547560	91.860000	83.320000	172.895026	3.847702	
0.025000	0.440728	0.486060	91.560000	84.000000	161.833236	3.586170	
0.025000	0.444102	0.449917	91.540000	85.710000	167.923220	3.338876	
0.025000	0.440357	0.557784	91.598000	83.410000	167.927594	3.369168	
0.025000	0.439824	0.435704	91.576000	86.030000	163.180474	3.229409	
0.025000	0.429464	0.538327	91.916000	83.730000	150.592098	3.410157	
0.025000	0.434226	0.480037	91.664000	84.780000	158.972193	3.084576	
0.025000	0.441356	0.400328	91.514000	86.940000	169.555533	3.277608	
0.025000	0.436085	0.539314	91.712000	83.460000	165.678932	3.229002	
0.025000	0.432537	0.494588	91.902000	84.590000	159.943734	3.816094	
0.025000	0.431851	0.470723	91.782000	84.840000	163.147308	3.307114	
0.025000	0.445871	0.440056	91.360000	85.560000	157.076186	3.167169	
0.025000	0.440380	0.397051	91.470000	87.270000	170.281225	3.004239	
0.025000	0.435055	0.541437	91.802000	83.070000	170.976510	3.452427	
0.025000	0.438118	0.440197	91.608000	85.650000	161.963704	3.071066	
0.025000	0.429892	0.457874	91.778000	85.570000	171.582245	3.833372	
0.025000	0.437956	0.458797	91.498000	85.590000	142.804745	3.100925	
0.025000	0.438162	0.413900	91.504000	86.630000	167.878927	3.133727	
0.025000	0.436953	0.394156	91.514000	86.960000	169.695509	3.331347	
0.025000	0.432144	0.494600	91.928000	84.610000	163.384703	3.919577	
0.025000	0.427261	0.470752	92.030000	85.080000	171.921770	4.063941	
0.025000	0.431356	0.449844	91.810000	85.990000	152.679200	3.580510	
0.025000	0.437522	0.420666	91.536000	86.450000	162.697236	3.168343	
0.025000	0.430529	0.390303	91.836000	87.560000	169.613485	3.137228	
0.025000	0.436084	0.426121	91.672000	86.490000	158.377739	3.318567	
0.025000	0.427817	0.493959	92.012000	84.710000	170.363260	3.783229	
0.025000	0.430662	0.448555	91.764000	85.440000	154.613384	3.244801	
0.025000	0.435028	0.536694	91.710000	83.940000	166.443977	2.758171	
0.025000	0.434946	0.435820	91.606000	86.000000	169.919889	3.056846	
0.025000	0.435276	0.524775	91.696000	83.380000	160.207732	3.311671	
0.025000	0.423157	0.542649	92.022000	84.140000	170.578032	4.356898	
0.025000	0.432356	0.540172	91.844000	83.290000	154.438439	3.611817	
0.025000	0.440101	0.437496	91.630000	85.610000	168.536155	3.089755	
0.025000	0.434764	0.387082	91.670000	87.510000	159.186851	3.026805	
0.025000	0.431531	0.384918	91.760000	87.810000	160.705740	3.036949	
0.025000	0.421492	0.505815	92.040000	84.040000	171.112933	3.759514	
0.025000	0.430548	0.598335	91.904000	81.630000	156.558415	3.021696	
0.025000	0.437379	0.437799	91.676000	86.230000	166.522869	3.227194	
0.025000	0.423965	0.380136	92.110000	87.300000	160.091193	3.448649	
0.025000	0.429079	0.475175	91.680000	84.690000	156.121643	2.938082	
