LearningRate	TrainLoss	ValidLoss	TrainAcc.	ValidAcc.	TrainEpochTime(s)	TestEpochTime(s)	
0.100000	2.304895	1.533828	36.652000	44.970000	119.105092	3.272076	
0.100000	1.728602	1.736498	56.918000	46.330000	199.679262	3.452888	
0.100000	1.441458	1.644624	65.772000	49.190000	201.210279	3.451640	
0.100000	1.249598	1.344519	71.368000	61.580000	196.318864	3.019713	
0.100000	1.111334	0.707348	75.102000	75.570000	198.858204	3.407326	
0.100000	1.013314	1.053961	77.524000	64.840000	174.801759	3.497780	
0.100000	0.953632	0.775081	78.934000	74.280000	201.261595	3.396062	
0.100000	0.899601	0.701917	80.280000	76.520000	200.490662	3.652664	
0.100000	0.868136	0.681454	80.622000	76.720000	196.689353	3.430926	
0.100000	0.843225	0.640680	81.304000	78.540000	200.662845	3.767963	
0.100000	0.807273	1.035403	82.336000	65.610000	184.020695	3.664886	
0.100000	0.806107	0.971289	82.366000	71.530000	209.864293	3.610657	
0.100000	0.799926	1.010505	82.588000	67.870000	210.556905	3.827253	
0.100000	0.788774	0.866334	82.660000	72.600000	201.996817	3.425794	
0.100000	0.780022	0.606026	83.100000	79.570000	207.166931	3.730689	
0.100000	0.769691	0.893300	83.402000	72.440000	183.305954	4.031205	
0.100000	0.770742	0.686890	83.344000	78.720000	210.155316	3.884746	
0.100000	0.764050	0.930168	83.606000	72.870000	207.547715	3.795606	
0.100000	0.755191	0.678724	83.910000	77.040000	203.675510	3.543763	
0.100000	0.753216	1.667296	84.030000	61.580000	205.589063	3.628738	
0.100000	0.743053	0.997097	84.368000	71.520000	182.700905	3.843250	
0.100000	0.750906	0.705125	84.190000	77.650000	210.451595	4.023452	
0.100000	0.746943	0.687245	84.324000	77.520000	210.611059	3.794591	
0.100000	0.733013	0.817831	84.862000	75.860000	203.352549	3.450601	
0.100000	0.736443	0.697558	84.746000	76.150000	207.432356	3.754540	
0.100000	0.724871	0.567652	85.070000	80.720000	182.549081	3.985684	
0.100000	0.727129	0.574149	84.864000	81.310000	208.545677	3.700294	
0.100000	0.725916	0.785653	85.160000	75.000000	208.705130	4.042751	
0.100000	0.718331	0.710122	85.230000	77.210000	202.390324	3.647208	
0.100000	0.720222	0.869600	85.186000	73.650000	205.152734	3.780960	
0.100000	0.710428	0.501740	85.480000	83.080000	180.893889	4.062839	
0.100000	0.720955	0.760569	85.038000	76.230000	205.685079	3.956766	
0.100000	0.711858	0.913295	85.468000	71.510000	206.836084	3.915655	
0.100000	0.716179	0.718051	85.392000	76.390000	199.996920	3.654059	
0.100000	0.713807	1.147116	85.414000	68.360000	208.998663	4.148953	
0.100000	0.704086	0.576652	85.550000	79.980000	182.228018	4.780656	
0.100000	0.699988	0.562473	85.760000	80.930000	205.600002	3.987697	
0.100000	0.700608	0.714053	85.672000	76.870000	205.750181	3.972540	
0.100000	0.694026	0.833209	85.924000	72.690000	199.259962	4.017437	
0.100000	0.703810	0.556939	85.534000	82.010000	204.626168	4.200516	
0.100000	0.695709	0.901786	85.878000	74.480000	171.689958	4.446187	
0.100000	0.697714	0.678101	85.804000	77.840000	194.960352	3.419550	
0.100000	0.690833	0.574662	85.932000	81.020000	194.778792	3.688309	
0.100000	0.699856	0.587150	85.834000	79.980000	186.494755	3.451249	
0.100000	0.688032	0.639216	86.318000	78.820000	195.855566	3.420336	
0.100000	0.683594	0.758269	86.154000	75.780000	178.680336	3.706031	
0.100000	0.690259	0.716176	85.960000	77.550000	189.250668	3.857138	
0.100000	0.683892	0.753970	86.206000	77.070000	195.099518	3.735132	
0.100000	0.688972	0.631710	86.136000	79.760000	183.638841	3.630242	
0.100000	0.690028	0.613502	85.930000	80.270000	194.941573	3.589384	
0.100000	0.677348	0.731573	86.600000	74.980000	189.905664	3.675932	
0.100000	0.684220	0.758063	86.106000	75.690000	177.510446	3.271181	
0.100000	0.686023	0.578818	86.140000	80.690000	195.496547	3.768178	
0.100000	0.684988	0.891530	86.040000	74.650000	185.689937	3.252495	
0.100000	0.677748	0.624316	86.352000	79.580000	195.642728	3.401187	
0.100000	0.670812	0.529271	86.544000	82.500000	198.945629	4.071735	
0.100000	0.675599	0.627950	86.380000	78.950000	167.942011	3.501521	
0.100000	0.677944	0.822245	86.442000	74.370000	194.006429	3.403321	
0.100000	0.674877	0.684899	86.356000	78.940000	187.213157	3.170865	
0.100000	0.670432	0.593134	86.592000	80.290000	194.688702	3.430446	
0.100000	0.665115	0.533545	86.692000	82.770000	199.011032	4.315852	
0.100000	0.673086	0.558466	86.514000	81.150000	174.994012	3.427690	
0.100000	0.668705	0.662117	86.596000	79.480000	196.507872	3.738644	
0.100000	0.673266	0.539334	86.386000	81.960000	188.358366	3.325065	
0.100000	0.669147	0.639329	86.508000	80.090000	197.732594	3.482719	
0.100000	0.662325	0.893772	86.714000	73.380000	199.132176	3.963214	
0.100000	0.667119	0.560198	86.634000	81.230000	179.739041	3.211426	
0.100000	0.667659	0.826677	86.594000	75.370000	186.881566	3.577384	
0.100000	0.664941	0.607661	86.674000	80.640000	186.538710	3.867580	
0.100000	0.667631	0.720390	86.706000	77.390000	194.460190	3.791814	
0.100000	0.659136	0.701299	86.764000	77.230000	199.794310	3.869256	
0.100000	0.666572	0.575943	86.426000	80.810000	186.001975	3.426639	
0.100000	0.662902	0.491065	86.744000	83.390000	178.394874	3.231526	
0.100000	0.667183	0.729296	86.576000	77.280000	191.716867	3.236807	
0.100000	0.665609	0.637761	86.436000	78.650000	191.944495	3.560051	
0.100000	0.654568	0.809525	86.974000	75.130000	190.888987	3.434062	
0.100000	0.667731	0.620868	86.632000	79.200000	180.026074	3.165884	
0.100000	0.662706	0.564598	86.692000	81.640000	161.510520	3.132200	
0.100000	0.663299	0.676069	86.670000	77.840000	188.114892	3.089389	
0.100000	0.665837	0.713795	86.660000	76.270000	187.546407	3.112219	
0.100000	0.649093	0.565465	86.946000	81.410000	189.826576	3.504386	
0.100000	0.665116	0.570265	86.592000	81.180000	179.420100	3.211561	
0.100000	0.657555	0.514968	86.852000	83.180000	160.764318	3.103539	
0.100000	0.663018	0.839668	86.678000	74.590000	187.976483	3.135843	
0.100000	0.654902	0.694006	86.900000	78.440000	187.887116	3.148784	
0.100000	0.645569	0.913149	87.344000	71.880000	189.411350	3.391294	
0.100000	0.658860	0.669738	86.758000	77.190000	176.841322	2.953948	
0.100000	0.663614	0.521913	86.738000	82.300000	176.452196	3.227846	
0.100000	0.653991	0.567789	86.986000	81.580000	185.462394	3.924390	
0.100000	0.651035	0.590172	87.068000	79.890000	194.400416	3.359864	
0.100000	0.647828	0.532320	86.974000	82.230000	198.861077	3.959417	
0.100000	0.650761	0.581470	86.934000	80.820000	180.382012	3.423732	
0.010000	0.518183	0.278147	91.592000	90.900000	187.833236	3.513097	
0.001000	0.468960	0.269894	93.210000	91.080000	186.282122	3.424039	
0.000100	0.463695	0.270475	93.322000	91.070000	196.241060	3.510767	
0.010000	0.463351	0.266993	93.164000	91.190000	191.393558	3.659588	
0.001000	0.440939	0.257785	93.998000	91.570000	186.856668	3.676882	
0.000100	0.432497	0.257050	94.262000	91.460000	186.017209	3.501006	
0.000010	0.433567	0.255563	94.106000	91.600000	188.002980	3.302018	
0.000001	0.436081	0.257823	94.144000	91.520000	193.594186	3.552426	
0.010000	0.439603	0.259969	93.922000	91.340000	179.933390	3.725643	
0.001000	0.417555	0.252409	94.532000	91.620000	193.331608	3.469690	
0.000100	0.413848	0.252945	94.684000	91.450000	185.888386	3.923389	
0.000010	0.412832	0.251233	94.734000	91.640000	188.486131	3.168900	
0.000001	0.413405	0.252409	94.610000	91.680000	192.992565	3.411234	
0.010000	0.419893	0.260891	94.370000	91.500000	174.186492	3.605051	
0.001000	0.403893	0.249424	94.814000	91.880000	187.782220	3.234241	
0.000100	0.397568	0.249604	95.138000	91.890000	179.633683	3.137166	
0.000010	0.394777	0.249109	95.192000	91.950000	186.894326	3.062276	
0.000001	0.394973	0.249408	95.158000	91.910000	180.396952	3.156233	
0.010000	0.403855	0.256402	94.704000	91.500000	176.678608	3.572629	
0.001000	0.386701	0.245443	95.344000	91.870000	187.412472	3.207317	
0.000100	0.379708	0.245032	95.584000	91.890000	179.937135	3.179526	
0.000010	0.380249	0.246059	95.524000	91.880000	190.039077	3.505023	
0.000001	0.380424	0.246088	95.530000	91.940000	180.946953	3.104500	
0.010000	0.388394	0.261570	95.108000	91.500000	191.963304	4.020011	
0.001000	0.375026	0.247477	95.496000	91.880000	193.949171	3.500730	
0.000100	0.369002	0.246241	95.810000	91.860000	185.199633	3.444402	
0.000010	0.367018	0.246699	95.880000	91.880000	195.543732	3.448350	
0.000001	0.367475	0.246297	95.828000	91.850000	171.597484	3.429030	
0.010000	0.381065	0.252690	95.126000	91.700000	194.627119	3.877990	
0.001000	0.359896	0.242973	95.892000	91.970000	192.367119	3.553648	
0.000100	0.355633	0.242738	96.042000	91.970000	185.421232	3.464487	
0.000010	0.353945	0.243039	96.072000	92.070000	192.162653	3.392866	
0.000001	0.353776	0.243877	96.086000	92.030000	172.519394	3.229059	
0.010000	0.369241	0.269659	95.418000	91.300000	198.161862	4.031892	
0.001000	0.350797	0.245596	96.058000	92.110000	195.963136	3.386439	
0.000100	0.342645	0.245279	96.396000	92.260000	187.241690	3.497350	
0.000010	0.342375	0.244899	96.398000	92.130000	194.987001	3.398501	
0.000001	0.343457	0.245631	96.324000	92.130000	177.350189	3.743918	
0.010000	0.361051	0.267516	95.536000	91.570000	196.589453	3.921879	
0.001000	0.338029	0.251550	96.382000	91.930000	192.097271	3.415252	
0.000100	0.331389	0.253949	96.622000	91.870000	185.303117	3.424695	
0.000010	0.331330	0.250457	96.546000	91.940000	181.102791	2.832510	
0.000001	0.330564	0.251452	96.684000	92.000000	189.039454	3.524693	
0.010000	0.348997	0.275810	95.798000	91.260000	188.863547	3.987264	
0.001000	0.328821	0.250123	96.504000	92.090000	192.378111	3.739200	
0.000100	0.322455	0.246926	96.712000	91.980000	185.517176	3.952684	
0.000010	0.320059	0.249874	96.906000	91.900000	173.094813	3.672436	
0.000001	0.321875	0.249834	96.786000	92.150000	192.966711	3.547666	
0.010000	0.337982	0.285806	96.014000	91.060000	187.009528	4.060999	
0.001000	0.320930	0.251828	96.594000	92.120000	192.963530	3.312029	
0.000100	0.313608	0.251212	96.976000	92.160000	183.206153	3.586981	
0.000010	0.313573	0.251554	96.916000	92.170000	172.859967	3.440731	
0.000001	0.313374	0.251583	96.958000	92.150000	194.248981	3.205547	
0.010000	0.332665	0.282484	96.090000	91.220000	188.078813	4.297312	
0.001000	0.312853	0.255723	96.704000	92.070000	194.095587	3.837676	
0.000100	0.304020	0.255661	97.106000	92.120000	185.944666	3.205184	
0.000010	0.303648	0.254209	97.088000	92.100000	176.399352	3.487540	
0.000000	0.303671	0.255738	97.172000	92.020000	194.325997	3.369319	
0.001000	0.303918	0.252271	97.138000	92.100000	194.325094	3.429291	
0.000010	0.297205	0.254571	97.384000	92.140000	191.499495	3.637564	
0.000000	0.300630	0.254783	97.302000	92.140000	167.579697	3.490569	
0.000000	0.298625	0.253837	97.340000	92.170000	192.225786	3.729629	
0.000000	0.299096	0.253695	97.224000	92.110000	193.072911	3.277952	
0.001000	0.299626	0.255548	97.224000	92.180000	197.250674	4.138538	
0.000010	0.293949	0.253611	97.436000	92.130000	185.254290	3.741885	
0.000000	0.295858	0.254984	97.366000	92.110000	166.983492	3.591058	
0.000000	0.297054	0.253150	97.386000	92.080000	192.950062	3.556365	
0.000000	0.295091	0.254346	97.402000	92.140000	192.949547	3.515087	
0.001000	0.294250	0.252958	97.434000	92.260000	196.617703	5.242698	
0.000010	0.294512	0.254045	97.428000	92.300000	183.905126	3.927818	
0.000000	0.293407	0.253457	97.486000	92.240000	156.972218	3.881203	
0.000000	0.293859	0.253593	97.448000	92.220000	194.308411	3.628777	
0.000000	0.292478	0.255478	97.484000	92.190000	194.191173	4.000636	
0.001000	0.295308	0.254768	97.350000	92.290000	194.150754	4.020530	
0.000010	0.289046	0.252619	97.634000	92.170000	177.768313	3.258612	
0.000000	0.289314	0.255628	97.598000	92.190000	176.087633	3.663284	
0.000000	0.291862	0.253405	97.522000	92.160000	191.692380	3.496512	
0.000000	0.291065	0.256657	97.536000	92.220000	191.369098	3.453176	
0.001000	0.292143	0.255792	97.400000	92.120000	196.441880	4.054370	
0.000010	0.290650	0.256004	97.546000	92.260000	156.406266	2.852108	
0.000000	0.290319	0.255816	97.540000	92.170000	136.069821	3.262375	
0.000000	0.290143	0.255528	97.486000	92.170000	153.650681	3.095791	
0.000000	0.287431	0.254082	97.688000	92.200000	155.678957	2.836502	
0.001000	0.291202	0.256481	97.544000	92.200000	157.545851	3.320386	
0.000010	0.286350	0.255754	97.658000	92.210000	124.750772	2.307495	
0.000000	0.288772	0.255757	97.514000	92.160000	41.113178	1.183934	
0.000000	0.288108	0.254667	97.628000	92.220000	106.952952	2.229187	
0.000000	0.287373	0.256264	97.656000	92.150000	116.311263	2.249859	
