LearningRate	TrainLoss	ValidLoss	TrainAcc.	ValidAcc.	TrainEpochTime(s)	TestEpochTime(s)	
0.100000	2.652391	1.543777	31.498000	42.600000	199.639952	3.422210	
0.100000	2.018688	1.167523	52.184000	58.180000	185.449811	3.458711	
0.100000	1.663997	1.240582	62.728000	55.180000	201.074385	3.489890	
0.100000	1.409058	1.585096	69.500000	55.130000	180.418658	3.525707	
0.100000	1.237286	1.167482	73.888000	62.340000	202.928096	3.530734	
0.100000	1.120634	0.930530	76.154000	68.470000	202.125260	3.288451	
0.100000	1.046833	0.956316	77.644000	68.010000	183.215045	3.400479	
0.100000	0.987443	1.051387	79.072000	67.570000	200.296347	3.345356	
0.100000	0.958822	1.186798	79.370000	63.740000	179.193382	3.353813	
0.100000	0.918385	0.700333	80.522000	75.610000	199.770176	3.325459	
0.100000	0.902075	1.017923	81.128000	66.510000	201.037276	3.315671	
0.100000	0.906775	0.699115	80.650000	77.010000	183.083288	3.318261	
0.100000	0.889655	0.904877	81.504000	72.490000	200.400398	3.358063	
0.100000	0.878376	0.726014	81.816000	75.870000	180.263227	3.318802	
0.100000	0.881231	1.338606	81.894000	62.030000	201.305067	3.491744	
0.100000	0.855681	1.320175	82.550000	65.990000	201.305205	3.395154	
0.100000	0.857810	0.909647	82.666000	71.310000	183.181668	3.408913	
0.100000	0.847009	3.052289	83.096000	46.860000	200.842298	3.448519	
0.100000	0.851049	0.721985	82.824000	76.890000	181.592851	3.280752	
0.100000	0.835340	1.006841	83.302000	70.650000	199.522730	3.529726	
0.100000	0.831125	0.718464	83.266000	75.840000	200.102772	3.338403	
0.100000	0.832365	0.718644	83.286000	76.000000	182.595737	3.309579	
0.100000	0.826633	0.727848	83.424000	76.160000	199.747122	3.293982	
0.100000	0.822688	0.585461	83.654000	80.370000	181.969308	2.759199	
0.100000	0.810081	2.193515	84.176000	46.860000	197.691376	3.305289	
0.100000	0.800404	0.950538	84.252000	70.080000	200.255157	3.679638	
0.100000	0.813363	0.715981	83.946000	77.010000	181.816200	3.340598	
0.100000	0.806170	0.722688	84.146000	75.960000	198.454334	3.348116	
0.100000	0.799434	0.852034	84.414000	74.010000	186.407036	2.688496	
0.100000	0.804506	0.623978	84.104000	78.790000	192.736591	3.328946	
0.100000	0.788838	1.541073	84.562000	61.450000	200.006522	3.743393	
0.100000	0.801764	0.597118	84.126000	79.700000	180.253783	3.239164	
0.100000	0.794791	0.891157	84.372000	71.110000	197.245476	3.248136	
0.100000	0.790069	0.538104	84.510000	81.850000	189.123126	2.544325	
0.100000	0.787794	0.864901	84.590000	73.190000	188.214530	3.353542	
0.100000	0.780588	0.554647	84.748000	81.310000	198.373182	3.760432	
0.100000	0.780778	0.894626	84.824000	71.390000	180.741125	3.278264	
0.100000	0.777643	1.196542	84.704000	67.920000	197.300376	3.278188	
0.100000	0.780505	0.569477	84.636000	81.030000	193.098330	2.426977	
0.100000	0.771336	0.658997	84.960000	78.430000	183.284193	3.254522	
0.100000	0.770974	0.770885	84.990000	75.900000	185.329096	3.331635	
0.100000	0.773794	0.619567	84.874000	79.460000	172.862969	3.120525	
0.100000	0.772376	0.824539	84.980000	74.980000	185.840183	3.347531	
0.100000	0.770821	0.665011	85.022000	78.520000	185.998061	3.106791	
0.100000	0.768198	0.586010	85.050000	80.050000	166.801628	3.150048	
0.100000	0.760726	0.777341	85.256000	75.970000	166.733613	3.200611	
0.100000	0.770400	0.981410	84.980000	70.180000	173.131044	2.894373	
0.100000	0.763061	0.782537	85.172000	74.420000	165.990061	2.939893	
0.100000	0.764310	0.816815	85.228000	74.720000	173.045575	2.927080	
0.100000	0.765204	0.605737	85.056000	79.350000	166.327370	2.329518	
0.100000	0.749863	1.038999	85.516000	71.640000	167.192702	3.202448	
0.100000	0.763803	0.714008	85.298000	76.940000	173.054554	2.950996	
0.100000	0.762338	0.613793	85.098000	79.660000	169.494383	2.666790	
0.100000	0.757466	0.817639	85.356000	74.570000	169.741382	2.911991	
0.100000	0.759428	0.755311	85.312000	75.440000	173.290301	2.921315	
0.100000	0.751472	0.792039	85.376000	75.940000	155.931743	3.265563	
0.100000	0.760301	1.074910	85.074000	67.530000	174.073200	2.936875	
0.100000	0.760536	0.911843	85.282000	70.400000	173.307905	2.881696	
0.100000	0.751777	0.987048	85.528000	71.110000	165.370774	2.925462	
0.100000	0.743225	0.607175	85.578000	79.100000	173.934511	2.887492	
0.100000	0.742285	0.948671	85.602000	70.940000	151.015900	3.295943	
0.100000	0.757758	0.594590	85.116000	80.670000	174.344288	2.897199	
0.100000	0.748982	0.617424	85.560000	79.790000	173.508342	2.871098	
0.100000	0.749075	1.400901	85.428000	61.030000	168.817228	2.759917	
0.100000	0.747893	0.877507	85.364000	71.540000	172.355218	2.920149	
0.100000	0.740165	0.619117	85.762000	79.390000	157.964040	3.174031	
0.100000	0.748353	0.731131	85.428000	76.260000	168.020664	2.929188	
0.100000	0.751672	0.684125	85.282000	78.190000	174.123419	2.972366	
0.100000	0.742985	0.558172	85.708000	81.160000	173.736176	3.174966	
0.100000	0.749949	0.662995	85.596000	79.520000	164.561339	3.106786	
0.100000	0.733870	0.615411	86.054000	79.640000	163.366406	3.111043	
0.100000	0.749040	0.579387	85.364000	81.260000	162.857114	2.963218	
0.100000	0.739509	0.651204	85.596000	79.650000	173.596687	2.961745	
0.100000	0.741799	0.678848	85.480000	78.580000	173.825099	2.943946	
0.100000	0.747129	0.671656	85.430000	78.040000	165.346921	3.017340	
0.100000	0.725582	0.967737	85.992000	72.690000	175.341297	3.316032	
0.100000	0.746264	1.057898	85.418000	70.910000	158.162961	2.894850	
0.100000	0.743440	0.574101	85.538000	80.700000	173.218986	2.878480	
0.100000	0.735935	0.640390	85.804000	79.200000	173.460851	2.905709	
0.100000	0.740182	0.807799	85.592000	74.960000	161.056372	2.498565	
0.100000	0.733769	0.719707	85.740000	78.060000	174.436466	3.262717	
0.100000	0.740564	0.635480	85.618000	78.220000	163.786654	2.824811	
0.100000	0.740554	0.759355	85.520000	75.460000	167.051466	2.891813	
0.100000	0.738019	0.728234	85.708000	77.070000	173.313434	2.916651	
0.100000	0.743173	0.818808	85.602000	74.710000	165.271234	2.888308	
0.100000	0.728014	0.916662	85.966000	72.180000	176.400439	3.346152	
0.100000	0.730014	0.622575	85.884000	78.900000	165.554945	2.986208	
0.100000	0.732903	0.685306	85.714000	78.070000	165.970706	2.999486	
0.100000	0.738339	0.691340	85.636000	76.190000	174.076742	2.908028	
0.100000	0.737623	1.004561	85.736000	71.630000	165.003515	2.779643	
0.100000	0.727899	0.779724	85.856000	73.440000	175.819895	3.348567	
0.100000	0.731435	0.694788	85.830000	77.700000	172.014321	2.815232	
0.010000	0.592581	0.298659	90.594000	89.630000	158.999583	2.901225	
0.010000	0.535567	0.283593	92.246000	90.470000	169.479265	2.716958	
0.010000	0.509160	0.280178	92.940000	90.610000	171.065641	2.751378	
0.010000	0.490949	0.281619	93.344000	90.650000	175.098974	3.319415	
0.010000	0.472294	0.283731	93.732000	90.620000	172.059035	2.958093	
0.010000	0.460377	0.278534	93.926000	90.680000	153.473718	2.951952	
0.010000	0.446883	0.266324	94.220000	91.150000	164.260056	2.905829	
0.010000	0.436871	0.284178	94.198000	90.540000	172.640016	2.800798	
0.010000	0.424807	0.291148	94.442000	90.680000	175.051743	3.307621	
0.010000	0.416538	0.295801	94.658000	90.480000	172.053334	2.880443	
0.010000	0.408922	0.281360	94.716000	90.840000	157.017058	2.862495	
0.010000	0.399154	0.281095	94.834000	90.930000	164.131992	2.907207	
0.010000	0.390469	0.306460	95.060000	90.090000	172.072646	3.083063	
0.010000	0.384734	0.287516	95.136000	90.990000	174.909178	3.259291	
0.010000	0.376957	0.297426	95.194000	90.730000	172.432217	2.861605	
0.010000	0.372283	0.305404	95.154000	90.540000	157.605448	2.157876	
0.010000	0.373894	0.291342	94.980000	90.580000	163.357192	3.017954	
0.010000	0.369689	0.316535	95.030000	90.010000	172.451304	2.944197	
0.010000	0.362207	0.335180	95.108000	89.470000	174.539091	3.291732	
0.010000	0.359613	0.307239	95.124000	90.660000	172.426374	2.886802	
0.010000	0.361577	0.331680	94.998000	89.420000	156.666625	3.108099	
0.010000	0.353278	0.339522	95.222000	89.670000	164.683651	2.922830	
0.010000	0.359254	0.376292	94.824000	88.480000	172.463573	2.810459	
0.010000	0.348673	0.327844	95.248000	89.940000	175.467496	3.300160	
0.010000	0.348905	0.319173	95.112000	90.000000	173.089022	2.896256	
0.010000	0.350062	0.329261	95.008000	90.060000	153.089384	2.923300	
0.010000	0.350373	0.314102	94.968000	89.960000	165.334978	2.898402	
0.010000	0.349529	0.333371	94.914000	89.150000	173.069743	2.768666	
0.010000	0.343832	0.364260	95.090000	89.740000	175.611842	3.343768	
0.010000	0.346700	0.331288	94.958000	89.860000	171.204966	2.727402	
0.010000	0.347535	0.315877	94.850000	90.020000	159.033555	2.906503	
0.010000	0.352625	0.379980	94.622000	88.210000	165.411895	2.891247	
0.010000	0.347783	0.373397	94.748000	89.000000	173.154577	2.852697	
0.010000	0.338204	0.341420	95.194000	89.490000	175.279393	3.380573	
0.010000	0.348491	0.391502	94.702000	88.390000	164.678137	2.988024	
0.010000	0.346490	0.345379	94.756000	89.300000	165.746109	2.979992	
0.010000	0.343991	0.387128	94.840000	88.510000	165.612921	2.993680	
0.010000	0.346742	0.396896	94.756000	88.320000	166.344644	2.921725	
0.010000	0.342430	0.365061	94.828000	88.780000	175.679756	3.287857	
0.010000	0.347670	0.417180	94.782000	87.690000	165.155506	2.911949	
0.010000	0.346884	0.416683	94.760000	87.890000	164.779839	2.892096	
0.010000	0.351061	0.365031	94.588000	88.860000	165.402431	2.904359	
0.010000	0.346151	0.347198	94.830000	89.110000	165.731979	2.912761	
0.010000	0.342501	0.399747	94.818000	88.170000	174.717197	3.262339	
0.010000	0.344354	0.369368	94.766000	88.840000	166.719165	2.874628	
0.010000	0.339435	0.416160	95.038000	87.910000	165.496078	3.006824	
0.010000	0.346342	0.348280	94.746000	89.360000	165.178904	2.772985	
0.010000	0.344422	0.342340	94.764000	89.330000	166.932682	2.972813	
0.010000	0.340162	0.364215	95.004000	89.270000	167.510124	3.344087	
0.010000	0.347160	0.425139	94.622000	87.650000	173.848695	2.846145	
0.010000	0.347768	0.326328	94.698000	89.830000	166.328223	2.872706	
0.010000	0.345915	0.376837	94.816000	88.570000	158.366807	2.908725	
0.010000	0.351124	0.406009	94.590000	87.840000	173.075321	2.921750	
0.010000	0.336974	0.409369	95.026000	87.870000	167.730837	3.390639	
0.010000	0.346505	0.351813	94.622000	89.270000	173.044060	2.886885	
0.010000	0.345564	0.406099	94.758000	88.040000	164.883288	2.880125	
0.010000	0.340522	0.386927	94.974000	88.240000	156.479195	2.956398	
0.001000	0.296023	0.256167	96.644000	92.030000	173.493577	2.925092	
0.001000	0.271874	0.257237	97.514000	92.090000	167.233330	3.296724	
0.001000	0.263691	0.251630	97.754000	92.350000	173.339810	2.909536	
0.001000	0.258353	0.257090	97.964000	92.130000	165.302951	2.845766	
0.001000	0.253640	0.250990	98.132000	92.160000	158.139864	2.956343	
0.001000	0.250406	0.256379	98.232000	92.330000	173.344603	3.022979	
0.001000	0.247235	0.257448	98.326000	92.130000	176.027915	3.440759	
0.001000	0.242794	0.257280	98.496000	92.180000	173.779681	2.939888	
0.001000	0.241547	0.261802	98.420000	92.110000	157.859394	2.855902	
0.001000	0.238867	0.263245	98.578000	92.280000	165.744811	2.969964	
0.001000	0.237590	0.260390	98.560000	92.190000	168.163182	2.692296	
0.001000	0.235300	0.269717	98.632000	92.160000	175.725678	3.301934	
0.001000	0.232565	0.267062	98.730000	91.970000	172.956162	2.883750	
0.001000	0.230974	0.266366	98.760000	92.000000	155.233334	2.808768	
0.001000	0.228050	0.267088	98.872000	92.150000	166.277961	2.950132	
0.001000	0.227610	0.266607	98.856000	92.090000	164.785391	2.933188	
0.001000	0.226107	0.269774	98.848000	92.160000	175.761729	3.354037	
0.001000	0.224411	0.269494	98.912000	92.270000	172.437867	2.784661	
0.001000	0.222101	0.271558	98.972000	92.030000	159.365785	2.764449	
0.001000	0.219805	0.272262	99.014000	92.030000	165.906038	2.876525	
0.001000	0.220285	0.267951	99.004000	92.290000	138.907656	2.643773	
0.001000	0.218657	0.273318	99.022000	92.060000	139.144339	3.069241	
0.001000	0.219181	0.273034	98.950000	92.300000	127.831984	2.703295	
0.001000	0.216460	0.276395	99.064000	92.080000	127.259027	2.638903	
0.001000	0.214140	0.271763	99.182000	92.390000	128.613298	2.813135	
0.001000	0.212396	0.277626	99.190000	92.150000	136.942970	2.638704	
0.001000	0.212178	0.281550	99.162000	92.070000	139.252131	3.013189	
0.001000	0.211542	0.279042	99.158000	92.320000	127.857357	2.651491	
0.001000	0.211437	0.280919	99.148000	92.470000	107.607945	1.813556	
0.001000	0.211654	0.278653	99.068000	92.290000	62.093735	1.713833	
0.001000	0.206785	0.283680	99.288000	92.230000	62.777535	1.757444	
