LearningRate	TrainLoss	ValidLoss	TrainAcc.	ValidAcc.	TrainEpochTime(s)	TestEpochTime(s)	
0.100000	2.292698	1.813927	36.158000	39.440000	136.186703	3.294644	
0.100000	1.692246	1.397153	57.856000	53.990000	203.031378	3.379907	
0.100000	1.383814	1.209814	67.816000	60.720000	204.737118	3.461256	
0.100000	1.201430	0.843048	72.936000	70.520000	203.004340	3.330236	
0.100000	1.072216	0.998863	76.314000	67.130000	193.935285	3.350096	
0.100000	0.967784	0.963484	77.468000	68.830000	173.937664	3.458139	
0.100000	0.909706	0.796711	78.998000	73.150000	198.154562	3.342674	
0.100000	0.864792	0.962122	80.184000	69.410000	198.525640	3.392139	
0.100000	0.838906	1.419075	80.684000	62.100000	198.557704	3.439556	
0.100000	0.814576	0.888946	81.294000	72.670000	190.312940	3.617048	
0.100000	0.799034	0.802986	81.266000	74.570000	180.613045	4.043066	
0.100000	0.784106	0.910137	81.464000	71.750000	200.504966	3.616430	
0.100000	0.763818	0.694802	82.404000	77.310000	201.775538	3.529647	
0.100000	0.765823	0.567891	82.202000	81.040000	200.653759	3.418338	
0.100000	0.748430	0.758636	82.986000	75.260000	190.429604	3.460732	
0.100000	0.741641	0.707852	83.074000	76.470000	174.107200	3.727183	
0.100000	0.733439	0.964828	83.326000	70.730000	197.074359	3.296160	
0.100000	0.728246	0.708390	83.334000	78.010000	194.875711	3.361574	
0.100000	0.725129	0.824729	83.542000	73.810000	194.906391	3.312253	
0.100000	0.720287	0.847554	83.848000	73.200000	187.509963	3.746169	
0.100000	0.712446	1.192002	83.894000	64.100000	178.154684	3.954774	
0.100000	0.712305	0.868091	83.954000	73.280000	199.004666	3.543360	
0.100000	0.702217	0.748676	84.166000	76.880000	199.184729	3.478916	
0.100000	0.700718	0.744734	84.598000	76.530000	200.348300	3.598615	
0.100000	0.702462	0.567511	84.410000	80.800000	190.717503	3.565134	
0.100000	0.693822	0.623808	84.570000	79.360000	174.355979	4.175343	
0.100000	0.693471	0.770681	84.538000	74.670000	197.718228	3.483154	
0.100000	0.684535	0.851343	84.968000	74.860000	199.483137	3.590721	
0.100000	0.700533	0.589905	84.436000	80.500000	197.989746	3.720853	
0.100000	0.686792	0.847737	84.984000	72.890000	191.479809	3.751758	
0.100000	0.674573	0.636871	85.258000	79.280000	175.316687	4.120678	
0.100000	0.688660	0.537370	84.792000	81.880000	199.778392	3.402848	
0.100000	0.683598	0.758188	84.896000	75.440000	200.891276	3.526813	
0.100000	0.681284	0.743373	84.834000	76.920000	201.921992	3.607732	
0.100000	0.677801	0.704037	85.274000	77.230000	192.536646	3.541407	
0.100000	0.674342	1.014678	85.200000	69.290000	175.767704	4.091606	
0.100000	0.676015	0.793648	85.302000	75.080000	198.775344	3.253125	
0.100000	0.671288	0.722435	85.268000	77.110000	195.588296	3.257338	
0.100000	0.666317	0.682708	85.490000	76.620000	195.070490	3.497515	
0.100000	0.679091	0.708462	85.034000	76.840000	188.037317	3.306596	
0.100000	0.660258	0.701123	85.538000	78.150000	178.518625	3.734729	
0.100000	0.671170	0.665551	85.240000	77.790000	192.980918	3.291831	
0.100000	0.659859	0.627381	85.558000	80.440000	192.878509	3.321479	
0.100000	0.670549	0.899485	85.202000	72.570000	192.512033	3.507970	
0.100000	0.658248	0.729616	85.796000	78.000000	178.832984	3.267105	
0.100000	0.660703	0.618261	85.522000	79.670000	170.214452	3.576283	
0.100000	0.664247	0.726219	85.466000	76.750000	183.119271	3.136324	
0.100000	0.662064	0.666665	85.488000	79.110000	183.012356	3.185221	
0.100000	0.659931	1.084478	85.608000	70.160000	183.007438	3.062266	
0.100000	0.662924	0.934405	85.610000	72.180000	167.648188	3.097077	
0.100000	0.651428	0.675645	85.892000	78.150000	177.025255	3.354456	
0.100000	0.651998	0.612512	85.926000	79.510000	179.608664	3.129920	
0.100000	0.654565	0.706534	85.762000	77.380000	182.452708	3.080977	
0.100000	0.652103	0.668434	86.134000	77.810000	182.663525	3.238318	
0.100000	0.655647	0.546144	85.880000	81.260000	168.437145	3.118263	
0.100000	0.642331	0.734115	86.212000	77.140000	181.486688	3.317806	
0.100000	0.648201	0.523114	85.968000	81.920000	179.713376	3.099413	
0.100000	0.651044	0.843576	85.898000	73.350000	183.412652	3.116287	
0.100000	0.645074	0.797876	86.072000	75.580000	182.609016	3.136536	
0.100000	0.655319	0.750819	85.668000	77.080000	164.780699	3.279928	
0.100000	0.635771	0.757224	86.376000	76.380000	178.460552	3.441043	
0.100000	0.647337	0.524980	86.094000	81.910000	182.437489	3.149693	
0.100000	0.651584	0.785478	85.880000	75.410000	181.743631	3.024372	
0.100000	0.644522	0.620363	86.024000	80.070000	181.922598	3.100324	
0.100000	0.643840	0.641713	86.052000	79.030000	168.121730	3.309538	
0.100000	0.638181	1.180753	86.164000	68.640000	170.204292	3.602051	
0.100000	0.647508	0.750861	86.052000	76.740000	182.370296	3.429942	
0.100000	0.639606	0.709087	86.294000	77.510000	183.401706	3.307092	
0.100000	0.641945	0.718500	86.306000	76.160000	182.716658	3.291415	
0.100000	0.643143	0.628549	86.212000	78.720000	168.272340	3.322213	
0.100000	0.636640	1.056748	86.442000	69.980000	170.165412	3.599129	
0.100000	0.643714	0.770346	86.152000	76.520000	182.854372	3.078627	
0.100000	0.640530	0.580832	86.208000	81.090000	182.326058	3.080629	
0.100000	0.636046	0.618880	86.342000	80.020000	174.348201	3.250384	
0.100000	0.640621	0.622095	86.318000	78.700000	174.350366	3.119076	
0.100000	0.630313	0.571189	86.522000	81.280000	168.003248	3.654558	
0.100000	0.642555	0.665664	86.080000	78.940000	182.214407	3.196818	
0.100000	0.637473	0.697640	86.312000	78.210000	183.034889	3.306438	
0.100000	0.645377	0.722795	86.002000	77.000000	174.328062	3.284642	
0.100000	0.632061	0.856820	86.426000	75.600000	175.141596	3.075821	
0.100000	0.629570	0.724331	86.606000	76.460000	176.577857	3.195838	
0.100000	0.631902	0.638449	86.398000	79.790000	177.234574	3.106190	
0.100000	0.642255	0.595132	86.212000	80.650000	182.746577	3.202477	
0.100000	0.635884	0.990517	86.496000	71.720000	174.318651	3.042694	
0.100000	0.637382	0.631522	86.388000	79.610000	175.190479	3.057383	
0.100000	0.625201	0.513162	86.892000	83.090000	176.792316	3.551353	
0.100000	0.635464	0.675915	86.282000	79.100000	175.157392	3.199861	
0.100000	0.635353	0.590895	86.334000	80.880000	176.340694	2.965846	
0.100000	0.630304	0.594225	86.480000	79.800000	182.010126	3.317302	
0.100000	0.637846	0.641100	86.126000	78.960000	175.875741	3.134360	
0.100000	0.625634	0.766465	86.614000	75.400000	177.519077	3.457112	
0.100000	0.636378	0.847391	86.350000	74.390000	175.682400	3.065126	
0.010000	0.507069	0.303884	90.940000	89.660000	175.674034	3.191547	
0.001000	0.460261	0.297340	92.384000	89.990000	182.440747	3.042253	
0.000100	0.451859	0.296628	92.688000	90.070000	174.343095	3.039186	
0.010000	0.449832	0.286581	92.620000	90.540000	177.231895	3.623726	
0.001000	0.427059	0.280012	93.330000	90.670000	175.387037	3.101471	
0.000100	0.424547	0.281139	93.392000	90.690000	174.870066	3.207773	
0.000010	0.422732	0.281962	93.510000	90.670000	182.540445	3.123736	
0.000001	0.423908	0.280474	93.380000	90.600000	174.804018	3.153993	
0.010000	0.428848	0.284150	93.188000	90.420000	178.183578	3.531155	
0.001000	0.410891	0.273169	93.844000	90.940000	176.636328	2.981078	
0.000100	0.404919	0.271613	93.892000	91.050000	175.456783	3.044145	
0.000010	0.405032	0.271209	93.970000	90.970000	182.508500	3.149086	
0.000001	0.404569	0.272292	94.038000	90.940000	175.450255	3.089289	
0.010000	0.412208	0.279031	93.488000	90.770000	183.679247	3.506619	
0.001000	0.390874	0.273308	94.370000	91.040000	175.431297	3.021929	
0.000100	0.387670	0.271808	94.422000	91.110000	175.023970	3.165607	
0.000010	0.387633	0.271674	94.350000	91.190000	182.488044	3.061078	
0.000001	0.385766	0.271033	94.432000	91.050000	166.658494	3.069071	
0.010000	0.395386	0.277889	94.038000	90.670000	184.956934	3.603302	
0.001000	0.380976	0.266156	94.396000	91.150000	175.406433	3.133940	
0.000100	0.374016	0.267116	94.672000	91.210000	175.255904	3.134172	
0.000010	0.373956	0.264954	94.748000	91.270000	182.104594	3.119284	
0.000001	0.373938	0.266097	94.792000	91.250000	166.780968	3.292635	
0.010000	0.385887	0.283383	94.168000	90.640000	179.380569	3.539849	
0.001000	0.367032	0.264135	94.922000	91.400000	182.353207	3.211086	
0.000100	0.363039	0.262650	94.950000	91.350000	181.743449	3.216781	
0.000010	0.363668	0.261309	94.878000	91.570000	177.687486	3.112505	
0.000001	0.364028	0.263068	94.932000	91.330000	167.437197	3.131080	
0.010000	0.372202	0.284596	94.492000	90.890000	177.763260	3.598778	
0.001000	0.357171	0.263072	95.016000	91.640000	182.513927	3.040799	
0.000100	0.349158	0.263071	95.370000	91.570000	181.564741	3.064303	
0.000010	0.351327	0.261702	95.220000	91.550000	166.996886	3.046616	
0.000001	0.347998	0.263413	95.392000	91.490000	175.387201	3.041468	
0.010000	0.364492	0.287119	94.568000	90.840000	178.366384	3.513900	
0.001000	0.349251	0.265134	95.078000	91.310000	182.259977	3.113654	
0.000100	0.341731	0.265070	95.448000	91.440000	183.218393	3.062678	
0.000010	0.339713	0.263111	95.474000	91.440000	165.774708	3.110899	
0.000001	0.341006	0.264001	95.414000	91.380000	174.009647	3.032932	
0.010000	0.355542	0.290653	94.846000	90.960000	182.365692	3.782975	
0.001000	0.337382	0.262208	95.456000	91.640000	181.996199	3.118158	
0.000100	0.329742	0.262464	95.704000	91.820000	182.040287	3.376326	
0.000010	0.329865	0.263061	95.676000	91.570000	166.693536	3.295364	
0.000001	0.330885	0.262497	95.664000	91.640000	169.616985	2.984468	
0.010000	0.348267	0.284489	94.858000	90.890000	187.272312	3.642476	
0.001000	0.327420	0.262177	95.668000	91.470000	184.254596	2.990077	
0.000100	0.320994	0.263166	95.938000	91.490000	175.597672	3.207062	
0.000010	0.321172	0.261122	95.852000	91.560000	183.571082	2.976834	
0.000001	0.321315	0.260803	95.964000	91.570000	159.624902	3.092568	
0.010000	0.339848	0.277949	95.098000	91.150000	184.088744	3.854688	
0.001000	0.320330	0.262481	95.816000	91.510000	182.552351	3.037717	
0.000100	0.312934	0.261558	96.012000	91.600000	174.954545	3.107648	
0.000010	0.313418	0.262434	95.984000	91.610000	182.597912	3.036045	
0.000001	0.311226	0.262250	96.148000	91.630000	154.925822	3.276997	
0.010000	0.333718	0.293750	95.190000	90.830000	184.336378	3.517112	
0.001000	0.314146	0.262286	95.878000	91.700000	181.887639	3.137610	
0.000100	0.306099	0.262091	96.082000	91.730000	174.686784	3.033113	
0.000010	0.306036	0.261786	96.104000	91.860000	178.651109	2.851053	
0.000000	0.304958	0.263133	96.262000	91.840000	165.405986	3.011977	
0.001000	0.313375	0.264082	95.964000	91.600000	184.375207	3.327372	
0.000010	0.307659	0.266490	96.148000	91.500000	176.048611	2.903057	
0.000000	0.306166	0.264555	96.212000	91.580000	182.354159	2.989095	
0.000000	0.305819	0.263843	96.206000	91.690000	175.392578	2.957756	
0.000000	0.308177	0.262474	96.090000	91.590000	173.307423	2.492303	
0.001000	0.304774	0.260908	96.206000	91.890000	184.755799	3.367631	
0.000010	0.301660	0.261670	96.300000	91.860000	175.880160	2.979615	
0.000000	0.301014	0.261919	96.418000	91.700000	182.869091	2.985233	
0.000000	0.300405	0.262862	96.394000	91.750000	175.461825	2.961201	
0.000000	0.301627	0.262022	96.336000	91.780000	175.877399	2.968206	
0.001000	0.303298	0.262092	96.174000	91.880000	183.146157	3.283230	
0.000010	0.299307	0.261085	96.432000	91.930000	176.007099	2.956877	
0.000000	0.300592	0.261320	96.334000	91.720000	179.198928	2.431793	
0.000000	0.298554	0.262933	96.456000	91.850000	180.517536	2.943874	
0.000000	0.299467	0.262800	96.366000	91.710000	176.181985	2.957534	
0.001000	0.302826	0.260713	96.228000	91.740000	172.040978	2.930609	
0.000010	0.296818	0.262232	96.452000	91.810000	182.840398	3.036745	
0.000000	0.296513	0.261993	96.470000	91.850000	176.295474	2.988232	
0.000000	0.296645	0.261473	96.516000	91.750000	183.228903	2.969155	
0.000000	0.293840	0.261195	96.648000	91.810000	175.715574	2.976822	
0.001000	0.299491	0.263491	96.308000	91.770000	168.341414	3.327943	
0.000010	0.296080	0.260725	96.426000	91.880000	182.623949	2.970047	
0.000000	0.296117	0.261765	96.484000	91.730000	149.908627	2.462979	
0.000000	0.294121	0.261802	96.578000	91.690000	145.786304	2.502806	
0.000000	0.296876	0.260434	96.470000	91.770000	136.794562	2.469734	
0.001000	0.295797	0.262782	96.520000	91.880000	102.743633	1.757150	
0.000010	0.293518	0.264244	96.576000	91.690000	106.303460	1.951860	
0.000000	0.292477	0.262191	96.614000	91.670000	108.735909	1.961519	
0.000000	0.294209	0.261898	96.578000	91.790000	108.661358	1.954722	
0.000000	0.294685	0.261755	96.500000	91.880000	80.267420	1.611432	
