LearningRate	TrainLoss	ValidLoss	TrainAcc.	ValidAcc.	TrainEpochTime(s)	TestEpochTime(s)	
0.025000	2.434510	1.497210	33.566000	45.330000	148.252074	4.083949	
0.025000	2.026667	1.593244	49.934000	46.660000	199.115539	4.180882	
0.025000	1.742373	1.112528	60.042000	60.880000	197.238053	3.801617	
0.025000	1.546943	0.912914	66.648000	68.430000	199.018391	3.567259	
0.025000	1.399859	0.843150	71.628000	70.790000	193.884917	3.526492	
0.025000	1.294348	0.722156	74.740000	74.920000	172.306237	3.438523	
0.025000	1.216096	0.727164	77.144000	75.340000	195.400986	4.480799	
0.025000	1.152559	0.870185	78.872000	72.330000	196.734488	3.705562	
0.025000	1.097581	0.703006	80.032000	77.070000	193.294720	4.005882	
0.025000	1.047639	0.724515	81.424000	75.700000	189.404570	3.788511	
0.025000	0.997684	0.642466	82.470000	79.140000	176.453135	3.739844	
0.025000	0.965564	0.833769	82.842000	74.550000	195.760333	3.657405	
0.025000	0.933495	0.628902	83.630000	78.680000	197.948850	4.442778	
0.025000	0.898068	0.549628	84.414000	82.390000	199.147948	3.885921	
0.025000	0.864828	0.667380	85.222000	78.250000	188.176684	4.043435	
0.025000	0.832402	0.586003	85.056000	81.120000	173.438723	4.578736	
0.025000	0.806917	0.758056	85.430000	76.110000	195.185742	3.781437	
0.025000	0.785277	0.757947	86.042000	76.510000	195.778404	3.555016	
0.025000	0.758254	0.680700	86.502000	79.280000	195.643955	3.677346	
0.025000	0.742103	0.607125	86.718000	80.220000	185.234328	3.356518	
0.025000	0.720427	0.831394	85.844000	74.570000	179.901284	3.857869	
0.025000	0.684610	0.613285	86.554000	79.990000	195.724346	3.648660	
0.025000	0.673751	0.684155	86.754000	78.190000	197.216343	3.511104	
0.025000	0.659458	0.584709	86.884000	81.770000	196.092194	3.668630	
0.025000	0.648472	0.549714	87.104000	82.020000	194.381116	4.435971	
0.025000	0.650030	0.768570	86.170000	75.590000	183.546376	4.118985	
0.025000	0.639874	0.659240	86.666000	79.480000	191.273720	3.889923	
0.025000	0.623300	0.683558	87.154000	78.130000	191.600877	3.549583	
0.025000	0.611025	0.450055	87.606000	84.940000	190.777941	3.427187	
0.025000	0.601164	0.632232	87.724000	80.310000	186.858991	3.405267	
0.025000	0.606376	0.773820	87.160000	76.990000	172.113178	3.712944	
0.025000	0.589633	0.558454	87.742000	81.700000	194.981675	4.047553	
0.025000	0.585544	0.623432	87.908000	80.380000	193.885523	3.422384	
0.025000	0.578972	0.518129	87.948000	82.500000	192.787169	3.973219	
0.025000	0.572490	0.515954	88.238000	83.380000	186.197712	3.334714	
0.025000	0.571598	0.691376	88.054000	78.200000	161.592751	3.909581	
0.025000	0.570100	0.565269	88.122000	80.770000	191.988528	4.106455	
0.025000	0.560815	0.596692	88.470000	81.330000	192.165972	3.522225	
0.025000	0.552372	0.698802	88.604000	77.770000	190.773205	3.376024	
0.025000	0.556249	0.509776	88.642000	83.570000	183.567907	3.644681	
0.025000	0.549148	0.622788	88.664000	80.680000	166.743260	3.902819	
0.025000	0.553176	0.526770	88.526000	82.540000	189.127755	3.406391	
0.025000	0.540112	0.583892	88.982000	82.020000	189.681882	4.659768	
0.025000	0.543052	0.470572	88.876000	84.160000	192.041211	3.556943	
0.025000	0.540128	0.466756	89.040000	84.800000	184.676891	3.428732	
0.025000	0.532369	0.547281	89.232000	82.610000	167.592899	4.438535	
0.025000	0.537080	0.615148	88.890000	79.970000	188.752198	3.362427	
0.025000	0.531926	0.621356	89.086000	80.580000	190.874130	3.751226	
0.025000	0.535925	0.395740	88.938000	86.700000	189.213690	3.453075	
0.025000	0.527946	0.438662	89.278000	85.560000	180.202731	3.708033	
0.025000	0.523061	0.520086	89.166000	83.720000	169.354352	4.706654	
0.025000	0.527326	0.709526	89.092000	79.360000	190.006691	3.758611	
0.025000	0.524644	0.481866	89.176000	84.540000	191.848956	3.659294	
0.025000	0.522819	0.531484	89.220000	82.940000	190.102122	3.950846	
0.025000	0.521277	0.445792	89.318000	85.160000	183.788515	4.415509	
0.025000	0.516886	0.504238	89.672000	83.620000	167.559994	3.930937	
0.025000	0.519313	0.613881	89.382000	81.320000	190.505607	3.613152	
0.025000	0.510406	0.487908	89.812000	84.220000	192.284428	3.690106	
0.025000	0.510312	0.680304	89.652000	79.890000	192.048337	4.059013	
0.025000	0.514379	0.676471	89.504000	79.920000	183.668616	3.474387	
0.025000	0.507119	0.456946	89.904000	84.700000	162.773407	3.767031	
0.025000	0.507094	0.484031	89.654000	84.730000	189.997878	3.232717	
0.025000	0.506704	0.405662	89.862000	86.400000	188.047033	3.941911	
0.025000	0.499014	0.466619	90.006000	84.830000	188.072830	3.621070	
0.025000	0.503422	0.482059	89.770000	83.970000	186.147639	3.331556	
0.025000	0.495475	0.464570	90.156000	85.500000	168.085632	4.372125	
0.025000	0.502414	0.569893	89.802000	82.350000	192.175189	3.329597	
0.025000	0.496309	0.644082	90.184000	80.660000	191.458289	3.424533	
0.025000	0.491192	0.694937	90.152000	79.400000	193.168621	4.271560	
0.025000	0.503456	0.571328	89.838000	82.850000	181.107988	3.830426	
0.025000	0.496510	0.535392	90.098000	83.000000	171.317392	4.051897	
0.025000	0.488623	0.618520	90.368000	81.510000	191.197359	3.261761	
0.025000	0.493633	0.551743	90.074000	82.950000	195.280514	3.296417	
0.025000	0.492969	0.448180	90.266000	85.500000	192.518363	4.175172	
0.025000	0.483673	0.472717	90.536000	84.990000	183.755641	3.360442	
0.025000	0.479607	0.536832	90.610000	82.720000	167.290168	3.936330	
0.025000	0.494309	0.563463	90.204000	82.050000	187.413834	3.363410	
0.025000	0.485958	0.627148	90.414000	80.580000	187.225478	3.194549	
0.025000	0.481252	0.448869	90.604000	85.520000	190.486978	3.361422	
0.025000	0.483841	0.434258	90.508000	85.960000	183.375339	3.735277	
0.025000	0.471959	0.514617	90.966000	84.200000	186.267483	3.972322	
0.025000	0.484524	0.484023	90.440000	84.140000	194.566112	3.689011	
0.025000	0.483657	0.392468	90.422000	87.110000	192.769630	3.685822	
0.025000	0.475788	0.495700	90.762000	84.130000	191.703305	3.263203	
0.025000	0.482313	0.541445	90.438000	82.900000	177.907435	2.628211	
0.025000	0.473861	0.505887	90.790000	84.090000	186.215090	4.743296	
0.025000	0.480470	0.616659	90.526000	81.280000	190.489218	3.713728	
0.025000	0.477974	0.507617	90.614000	83.830000	188.325109	4.514920	
0.025000	0.479883	0.515417	90.664000	83.650000	191.708567	3.375878	
0.025000	0.469338	0.487935	91.018000	84.480000	158.620197	3.624701	
0.025000	0.468756	0.595518	90.954000	82.030000	186.061183	3.957875	
0.025000	0.475986	0.532963	90.686000	83.720000	190.044986	3.310227	
0.025000	0.470724	0.823121	90.824000	78.440000	189.943988	3.711243	
0.025000	0.473401	0.503816	90.776000	84.270000	188.968507	3.825702	
0.025000	0.468895	0.530034	90.880000	83.330000	162.515735	3.851078	
0.025000	0.470817	0.477994	90.826000	84.830000	185.808581	4.209980	
0.025000	0.472789	0.501705	90.744000	84.010000	193.525977	3.258413	
0.025000	0.469913	0.588720	90.676000	81.930000	189.525058	4.033609	
0.025000	0.477660	0.440198	90.588000	86.400000	190.253247	3.202155	
0.025000	0.470896	0.619316	90.806000	81.750000	163.026674	3.366906	
0.025000	0.459286	0.488398	91.018000	85.230000	186.843807	4.401726	
0.025000	0.473063	0.618035	90.756000	81.560000	191.494521	4.107901	
0.025000	0.476215	0.455701	90.420000	85.120000	191.243634	3.379289	
0.025000	0.466518	0.430003	90.902000	86.340000	174.368015	3.107701	
0.025000	0.462746	0.422740	91.110000	86.320000	178.171169	3.624361	
0.025000	0.459222	0.614728	91.192000	82.290000	187.590694	3.890187	
0.025000	0.469448	0.451460	90.772000	85.610000	188.824511	3.365926	
0.025000	0.463140	0.495691	91.018000	84.710000	190.186919	3.570537	
0.025000	0.465049	0.520410	91.020000	83.490000	172.377460	4.227648	
0.025000	0.461408	0.523962	91.184000	83.990000	191.562051	3.220459	
0.025000	0.461495	0.431529	90.944000	85.920000	185.901134	4.426667	
0.025000	0.465308	0.486588	90.954000	85.040000	190.387448	4.994140	
0.025000	0.464953	0.482808	90.838000	84.950000	176.165047	4.032409	
0.025000	0.458047	0.499502	91.204000	84.390000	182.927558	4.794681	
0.025000	0.455937	0.521627	91.280000	84.000000	191.189603	4.093474	
0.025000	0.449924	0.524224	91.378000	83.710000	184.262087	4.511786	
0.025000	0.471474	0.500499	90.688000	84.450000	179.029408	3.707954	
0.025000	0.458901	0.648293	91.066000	81.420000	179.757875	3.887855	
0.025000	0.460986	0.403001	91.100000	86.870000	182.609940	3.827325	
0.025000	0.458100	0.428759	91.206000	85.970000	188.017211	4.345811	
0.025000	0.454478	0.463350	91.200000	85.360000	187.215045	3.863238	
0.025000	0.461572	0.515351	90.920000	83.740000	175.351685	4.132392	
0.025000	0.456864	0.420168	91.036000	86.080000	189.506812	3.618477	
0.025000	0.458419	0.488298	91.226000	84.630000	180.706915	3.609291	
0.025000	0.456705	0.576646	91.102000	82.560000	190.890188	3.914596	
0.025000	0.450546	0.514662	91.410000	84.260000	173.545827	4.037151	
0.025000	0.459232	0.579531	91.134000	82.230000	180.317292	3.571081	
0.025000	0.456665	0.457517	91.230000	85.710000	185.396798	3.499879	
0.025000	0.454432	0.442523	91.198000	85.600000	191.914984	4.129789	
0.025000	0.458255	0.476234	91.092000	84.370000	187.060270	4.481985	
0.025000	0.452140	0.398876	91.298000	86.800000	173.925465	4.130402	
0.025000	0.460324	0.376577	90.896000	87.730000	193.791537	3.148891	
0.025000	0.450127	0.413048	91.372000	86.750000	184.874736	3.504248	
0.025000	0.456080	0.444972	91.164000	85.820000	193.946295	4.097407	
0.025000	0.461021	0.423032	91.124000	86.560000	185.751984	3.445517	
0.025000	0.445644	0.502376	91.596000	84.430000	181.731051	4.143162	
0.025000	0.451504	0.451349	91.266000	85.910000	183.836089	3.448074	
0.025000	0.455720	0.420524	91.102000	86.120000	189.338406	3.586918	
0.025000	0.450619	0.615370	91.326000	81.420000	189.755039	3.437009	
0.025000	0.449938	0.464258	91.400000	85.160000	175.037145	3.955932	
0.025000	0.445366	0.441811	91.530000	85.720000	188.630044	4.721088	
0.025000	0.457087	0.466273	91.070000	85.630000	190.977926	4.765081	
0.025000	0.458789	0.563118	91.014000	82.880000	192.124890	4.416859	
0.025000	0.441030	0.424633	91.656000	85.990000	184.426255	3.631822	
0.025000	0.452316	0.464646	91.326000	84.870000	175.968786	3.772793	
0.025000	0.442873	0.592442	91.600000	81.870000	181.359093	3.899740	
0.025000	0.450003	0.427055	91.336000	86.470000	188.990729	4.092106	
0.025000	0.453696	0.434376	91.154000	86.510000	191.125993	3.272195	
0.025000	0.452422	0.462599	91.232000	85.040000	174.763554	3.201868	
0.025000	0.448435	0.375223	91.450000	87.810000	177.379276	3.221955	
0.025000	0.449946	0.421811	91.342000	86.490000	192.297508	4.065382	
0.025000	0.448014	0.485822	91.470000	84.890000	191.318445	4.417593	
0.025000	0.457102	0.587387	91.048000	82.040000	177.868324	3.388232	
0.025000	0.449439	0.373987	91.278000	87.660000	185.963938	4.109625	
0.025000	0.446685	0.546497	91.438000	83.220000	173.055274	3.446396	
0.025000	0.443522	0.462555	91.520000	85.390000	195.483824	4.037518	
0.025000	0.453567	0.484674	91.144000	84.530000	186.755213	3.070341	
0.025000	0.447305	0.401512	91.452000	87.010000	185.204400	3.426517	
0.025000	0.446216	0.398877	91.564000	87.180000	183.391620	3.828161	
0.025000	0.447856	0.402701	91.342000	86.950000	183.641507	3.275696	
0.025000	0.441622	0.410382	91.548000	86.890000	192.912936	4.084050	
0.025000	0.445763	0.483775	91.348000	85.450000	177.204563	3.533834	
0.025000	0.446972	0.543173	91.392000	82.660000	187.392565	3.256114	
0.025000	0.450935	0.510491	91.270000	84.370000	172.623037	3.346051	
0.025000	0.448671	0.501686	91.356000	84.980000	188.420626	3.599125	
0.025000	0.436859	0.423738	91.706000	86.250000	178.970339	4.093715	
0.025000	0.445316	0.582159	91.512000	82.860000	167.496303	3.990668	
0.025000	0.450189	0.562246	91.198000	83.110000	174.785149	3.897136	
0.025000	0.448438	0.444388	91.356000	85.350000	167.370610	3.444412	
0.025000	0.448597	0.505444	91.470000	83.930000	177.365946	3.698109	
0.025000	0.435875	0.412918	91.814000	86.460000	166.291192	3.413280	
0.025000	0.447144	0.577785	91.354000	82.020000	105.203528	2.694946	
0.025000	0.439051	0.482065	91.694000	85.240000	83.594751	1.517679	
0.025000	0.448941	0.367324	91.128000	87.860000	64.765610	2.084343	
0.025000	0.439535	0.476078	91.662000	85.330000	66.736260	1.957395	
0.025000	0.438137	0.462081	91.628000	85.400000	65.293295	1.938507	
0.025000	0.448981	0.676920	91.176000	79.330000	65.808439	2.453318	
0.025000	0.440461	0.581138	91.650000	83.090000	29.391440	1.351839	
0.025000	0.442762	0.428939	91.490000	86.470000	30.877303	1.591363	
0.025000	0.441996	0.493288	91.484000	85.000000	28.635547	1.635252	
