LearningRate	TrainLoss	ValidLoss	TrainAcc.	ValidAcc.	TrainEpochTime(s)	TestEpochTime(s)	
0.100000	1.676907	1.659384	37.802000	44.930000	21.512946	1.606260	
0.100000	1.150886	1.113026	58.318000	60.960000	21.279047	1.579433	
0.100000	0.902851	1.560763	68.082000	52.880000	21.693693	1.580477	
0.100000	0.752757	0.937884	73.700000	68.700000	21.768767	1.602045	
0.100000	0.659147	0.826304	77.116000	72.880000	21.788672	1.540953	
0.100000	0.599275	0.760870	79.268000	74.470000	21.691142	1.556164	
0.100000	0.566504	0.740736	80.368000	75.410000	21.485278	1.607788	
0.100000	0.535027	0.723026	81.636000	76.230000	22.230717	1.484960	
0.100000	0.504940	0.620494	82.518000	78.520000	22.243445	1.634279	
0.100000	0.483553	0.764159	83.314000	74.990000	21.997897	1.654010	
0.100000	0.469692	0.623104	83.730000	79.190000	21.164921	1.566221	
0.100000	0.459233	0.836402	84.080000	74.570000	21.804981	1.556755	
0.100000	0.449957	0.722813	84.214000	76.330000	21.633473	1.601560	
0.100000	0.439785	0.831768	84.788000	74.880000	21.842359	1.604628	
0.100000	0.425521	0.652610	85.376000	79.450000	22.138599	1.646286	
0.100000	0.413919	0.654508	85.742000	79.620000	21.547838	1.582063	
0.100000	0.410581	0.700695	85.890000	77.580000	21.630392	1.608620	
0.100000	0.412721	0.775889	85.670000	77.080000	22.270364	1.372527	
0.100000	0.404976	0.628353	86.006000	79.940000	22.219039	1.598569	
0.100000	0.408115	0.600164	85.966000	80.540000	23.734446	1.574348	
0.100000	0.387934	0.800519	86.580000	75.970000	21.840704	1.443058	
0.100000	0.387961	0.662652	86.588000	79.570000	21.780270	1.579234	
0.100000	0.380157	0.907069	86.906000	73.780000	21.864134	1.647692	
0.100000	0.377764	1.074609	87.028000	72.610000	22.186941	1.561796	
0.100000	0.379004	0.581099	87.028000	80.500000	22.399993	1.605705	
0.100000	0.360179	0.864856	87.534000	73.760000	21.333509	1.570748	
0.100000	0.365398	0.666721	87.282000	79.510000	21.524457	1.615127	
0.100000	0.355602	0.741373	87.662000	77.910000	22.050312	1.540046	
0.100000	0.355296	0.976060	87.794000	71.970000	21.786873	1.547388	
0.100000	0.358680	0.460751	87.648000	84.480000	21.703156	1.602901	
0.100000	0.344445	0.709301	88.108000	78.820000	21.727078	1.615439	
0.100000	0.351575	0.555327	87.844000	81.250000	21.478816	1.567985	
0.100000	0.351348	0.516028	87.822000	82.910000	21.888575	1.616879	
0.100000	0.336771	0.564003	88.368000	81.380000	22.065345	1.562957	
0.100000	0.342084	0.689261	88.326000	78.230000	21.912009	1.594975	
0.100000	0.331148	0.829477	88.674000	73.970000	21.744217	1.549337	
0.100000	0.343947	0.654773	88.034000	79.220000	21.816530	1.542160	
0.100000	0.335767	0.566057	88.398000	81.280000	22.105102	1.528202	
0.100000	0.330330	0.682476	88.718000	77.840000	21.935638	1.620279	
0.100000	0.338912	0.779989	88.346000	76.450000	23.515875	1.633630	
0.100000	0.327927	0.675417	88.634000	78.900000	21.509856	1.562819	
0.100000	0.333249	0.453143	88.520000	85.110000	21.585877	1.579326	
0.100000	0.322071	0.787027	88.868000	76.280000	21.997610	1.471207	
0.100000	0.330953	0.561250	88.682000	81.780000	22.112780	1.546339	
0.100000	0.329116	0.557176	88.800000	82.670000	22.272607	1.587954	
0.100000	0.314912	0.612777	89.158000	81.030000	21.776605	1.622173	
0.100000	0.315593	0.436274	89.148000	85.460000	21.820582	1.559303	
0.100000	0.312140	0.609011	89.278000	81.180000	21.656340	1.642535	
0.100000	0.322242	0.665987	88.974000	78.340000	21.842110	1.606651	
0.100000	0.314614	0.547009	89.142000	81.580000	21.946771	1.601018	
0.100000	0.310818	0.671047	89.312000	79.070000	21.437124	1.533822	
0.100000	0.313191	0.502506	89.234000	84.050000	21.684094	1.493721	
0.100000	0.312097	0.485124	89.240000	84.640000	21.899102	1.564266	
0.100000	0.311466	0.567484	89.288000	82.460000	21.973545	1.564751	
0.100000	0.315245	0.811285	89.208000	76.670000	21.810146	1.628919	
0.100000	0.303344	0.506299	89.452000	84.070000	21.762942	1.575613	
0.100000	0.302787	0.605122	89.460000	80.760000	21.553832	1.587431	
0.100000	0.310489	0.638641	89.234000	80.260000	21.877628	1.604771	
0.100000	0.311122	0.557894	89.300000	82.520000	21.961828	1.523250	
0.100000	0.311262	0.546915	89.206000	83.050000	23.975614	1.625003	
0.100000	0.294988	0.551493	89.742000	81.830000	21.738690	1.555069	
0.100000	0.308007	0.517302	89.396000	82.760000	21.686831	1.578482	
0.100000	0.301706	0.613086	89.644000	80.840000	22.181380	1.432280	
0.100000	0.301599	0.465311	89.558000	85.050000	22.422733	1.656893	
0.100000	0.302528	0.622099	89.734000	80.690000	22.369154	1.621878	
0.100000	0.297029	0.469268	89.714000	84.810000	21.784370	1.632034	
0.100000	0.294431	0.557254	89.876000	82.620000	21.548083	1.526270	
0.100000	0.300005	0.676013	89.656000	79.370000	21.896972	1.669623	
0.100000	0.292742	0.792722	89.894000	77.350000	22.129734	1.559378	
0.100000	0.298496	0.464913	89.622000	84.770000	22.271946	1.669594	
0.100000	0.292323	0.583355	89.942000	81.310000	21.367619	1.537305	
0.100000	0.293555	0.428352	89.860000	85.460000	21.483307	1.750841	
0.100000	0.297597	0.621923	89.650000	80.220000	22.283932	1.575834	
0.100000	0.298353	0.585732	89.660000	81.910000	22.297088	1.596237	
0.100000	0.294050	0.752436	89.842000	78.920000	22.051007	1.525226	
0.100000	0.286433	0.576715	90.208000	82.680000	22.023604	1.546784	
0.100000	0.294631	0.512955	89.828000	83.190000	21.425041	1.584105	
0.100000	0.291545	0.468962	89.940000	84.480000	22.279835	1.593151	
0.100000	0.293593	0.635350	89.900000	80.520000	22.737789	1.573298	
0.100000	0.295021	0.576797	89.736000	82.160000	23.938945	1.677088	
0.100000	0.283874	0.535582	90.220000	83.280000	21.266529	1.571917	
0.100000	0.300333	0.755636	89.530000	76.660000	21.750451	1.508266	
0.100000	0.294335	0.522079	89.890000	82.660000	21.769248	1.544017	
0.100000	0.293257	0.623866	89.822000	81.080000	21.761021	1.631987	
0.100000	0.287880	0.658287	90.064000	79.800000	21.992402	1.610214	
0.100000	0.281953	0.619557	90.270000	81.330000	21.557727	1.668544	
0.100000	0.290932	0.618613	89.934000	80.770000	21.951826	1.590739	
0.100000	0.284634	0.519191	90.274000	82.450000	22.164273	1.572423	
0.100000	0.290730	0.475515	89.928000	84.590000	21.866766	1.438499	
0.100000	0.286925	0.607021	89.992000	81.400000	22.316256	1.537465	
0.100000	0.279387	0.491069	90.380000	84.450000	21.856643	1.631273	
0.100000	0.286218	0.512612	90.114000	83.190000	21.806605	1.606005	
0.010000	0.176197	0.251646	94.046000	91.550000	21.951082	1.593585	
0.010000	0.133253	0.237911	95.592000	92.060000	22.078011	1.646803	
0.010000	0.118473	0.240533	96.028000	92.230000	22.194390	1.353004	
0.010000	0.109426	0.236329	96.316000	92.360000	21.831992	1.657562	
0.010000	0.102029	0.234855	96.566000	92.660000	21.770085	1.449926	
0.010000	0.094344	0.244973	96.808000	92.340000	21.935376	1.618410	
0.010000	0.088563	0.246247	97.016000	92.450000	22.260612	1.632490	
0.010000	0.085842	0.266725	97.018000	91.950000	23.394933	1.610313	
0.010000	0.079116	0.248076	97.312000	92.510000	21.871393	1.560720	
0.010000	0.075503	0.249117	97.424000	92.710000	21.460007	1.475009	
0.010000	0.075195	0.249894	97.380000	92.700000	21.865340	1.510704	
0.010000	0.071552	0.247838	97.618000	92.540000	21.727297	1.529380	
0.010000	0.066788	0.258572	97.688000	92.630000	22.256603	1.574684	
0.010000	0.065013	0.266223	97.828000	92.520000	21.258410	1.583101	
0.010000	0.064170	0.254879	97.810000	92.590000	21.476914	1.594102	
0.010000	0.059372	0.269834	98.016000	92.360000	21.784283	1.570767	
0.010000	0.057190	0.268981	98.078000	92.550000	21.725881	1.599602	
0.010000	0.055648	0.273535	98.110000	92.310000	22.133439	1.613317	
0.010000	0.052419	0.277166	98.218000	92.380000	21.505821	1.498599	
0.010000	0.050230	0.288914	98.340000	92.380000	21.889420	1.618818	
0.010000	0.050977	0.292186	98.258000	92.050000	22.165267	1.561037	
0.010000	0.049980	0.278854	98.342000	92.320000	22.158257	1.653194	
0.010000	0.048978	0.312900	98.342000	91.990000	22.532310	1.610901	
0.010000	0.045494	0.292313	98.446000	91.970000	21.295502	1.574772	
0.010000	0.045951	0.289000	98.450000	92.500000	21.483908	1.410808	
0.010000	0.045015	0.294192	98.552000	92.160000	21.703220	1.621192	
0.010000	0.045793	0.315939	98.450000	92.130000	22.278596	1.564634	
0.010000	0.043151	0.302844	98.580000	92.100000	23.502988	1.606199	
0.010000	0.041687	0.333227	98.588000	91.680000	21.690181	1.603222	
0.010000	0.045603	0.337461	98.462000	91.830000	21.372955	1.596192	
0.010000	0.046489	0.319744	98.392000	91.650000	22.000459	1.619498	
0.010000	0.044526	0.311558	98.520000	92.010000	22.344169	1.606288	
0.010000	0.042700	0.344788	98.530000	91.320000	21.956491	1.514387	
0.010000	0.039059	0.305245	98.674000	92.080000	21.807178	1.565799	
0.010000	0.042980	0.328430	98.598000	91.490000	21.934705	1.567760	
0.010000	0.039012	0.322661	98.726000	92.100000	22.099913	1.534273	
0.010000	0.039623	0.335216	98.696000	91.560000	22.508827	1.405345	
0.010000	0.042736	0.329518	98.558000	92.080000	22.073153	1.602183	
0.010000	0.039052	0.356614	98.746000	91.520000	21.544756	1.713296	
0.010000	0.044788	0.342836	98.440000	91.440000	21.735409	1.551702	
0.010000	0.041333	0.323474	98.586000	92.030000	22.089140	1.546692	
0.010000	0.044589	0.367511	98.490000	90.970000	21.696959	1.459770	
0.010000	0.040069	0.330987	98.630000	91.830000	22.140530	1.599195	
0.010000	0.037434	0.336004	98.760000	91.700000	21.628210	1.576971	
0.010000	0.040796	0.353263	98.630000	91.370000	21.849069	1.524189	
0.010000	0.042244	0.358317	98.562000	91.440000	21.969869	1.469388	
0.010000	0.039679	0.340162	98.650000	91.450000	22.050464	1.585590	
0.010000	0.040417	0.370574	98.632000	91.170000	23.569408	1.404179	
0.010000	0.041673	0.350162	98.554000	91.680000	21.626956	1.657735	
0.010000	0.045861	0.353840	98.464000	91.290000	21.734761	1.646035	
0.010000	0.046053	0.352607	98.404000	91.630000	21.820389	1.533027	
0.010000	0.048799	0.341766	98.354000	91.520000	22.479445	1.532301	
0.010000	0.042722	0.331864	98.530000	91.250000	21.891010	1.648819	
0.010000	0.041177	0.382134	98.624000	90.570000	21.280129	1.525393	
0.010000	0.046676	0.333922	98.418000	91.800000	21.478161	1.461550	
0.010000	0.045013	0.325927	98.510000	91.790000	21.831173	1.584626	
0.010000	0.046327	0.371931	98.456000	90.860000	22.069984	1.398177	
0.001000	0.031163	0.302821	98.996000	92.490000	22.138438	1.522615	
0.001000	0.021770	0.299719	99.366000	92.430000	21.512056	1.429441	
0.001000	0.019759	0.298284	99.464000	92.690000	21.351859	1.598915	
0.001000	0.016784	0.295424	99.566000	92.680000	21.869846	1.569582	
0.001000	0.016867	0.295326	99.562000	92.660000	21.623622	1.579154	
0.001000	0.016493	0.297436	99.558000	92.730000	22.383556	1.647935	
0.001000	0.015138	0.296725	99.620000	92.710000	21.686547	1.596980	
0.001000	0.014224	0.295497	99.694000	92.770000	21.696889	1.567305	
0.001000	0.014000	0.297569	99.662000	92.790000	22.022345	1.539451	
0.001000	0.012111	0.299528	99.746000	92.840000	22.651175	1.605488	
0.001000	0.012405	0.297749	99.724000	92.860000	23.781016	1.561837	
0.001000	0.012430	0.297265	99.738000	92.850000	21.358946	1.658224	
0.001000	0.011886	0.296207	99.728000	92.720000	21.610660	1.386959	
0.001000	0.011538	0.298017	99.750000	92.810000	21.983321	1.551349	
0.001000	0.011157	0.300190	99.728000	92.760000	21.964567	1.763568	
0.001000	0.010456	0.297179	99.794000	92.770000	22.367259	1.713318	
0.001000	0.010883	0.298332	99.770000	92.700000	21.816855	1.531314	
0.001000	0.010660	0.297582	99.744000	92.690000	21.465595	1.597519	
0.001000	0.009476	0.299701	99.814000	92.820000	22.011514	1.616802	
0.001000	0.010652	0.298131	99.744000	92.810000	22.033260	1.563198	
0.001000	0.010026	0.297240	99.782000	92.820000	21.624599	1.585102	
0.001000	0.009866	0.299411	99.794000	92.750000	21.580509	1.626302	
0.001000	0.009532	0.301436	99.820000	92.810000	21.782492	1.492190	
0.001000	0.009059	0.299778	99.838000	92.810000	22.057988	1.593983	
0.001000	0.009155	0.302778	99.812000	92.760000	22.181457	1.538106	
0.001000	0.009253	0.296648	99.828000	92.930000	21.886497	1.617743	
0.001000	0.009364	0.301175	99.822000	92.880000	21.834716	1.579289	
0.001000	0.008703	0.301064	99.862000	92.970000	21.591935	1.549766	
0.001000	0.008322	0.300291	99.862000	92.910000	22.325328	1.530169	
0.001000	0.008904	0.302685	99.830000	92.810000	22.254982	1.591096	
0.001000	0.008049	0.304735	99.876000	92.750000	23.341647	1.458055	
