LearningRate	TrainLoss	ValidLoss	TrainAcc.	ValidAcc.	TrainEpochTime(s)	TestEpochTime(s)	
0.100000	1.837861	1.692786	30.980000	36.990000	21.139061	1.094419	
0.100000	1.492561	1.608360	44.970000	44.240000	21.164830	1.129124	
0.100000	1.333044	1.731105	51.506000	43.540000	21.306641	1.125007	
0.100000	1.221553	1.286012	55.890000	55.200000	21.331905	1.082207	
0.100000	1.139957	1.247118	59.086000	56.210000	21.124143	1.118814	
0.100000	1.060898	1.509915	61.884000	51.620000	21.509618	1.086093	
0.100000	1.005558	1.394394	64.162000	52.760000	21.540157	1.100572	
0.100000	0.950860	1.114588	66.076000	62.070000	21.485272	1.113361	
0.100000	0.906625	1.208886	67.614000	60.000000	21.670956	1.121500	
0.100000	0.862282	1.103814	69.162000	61.610000	21.633940	1.120537	
0.100000	0.823164	0.936062	70.826000	68.400000	21.527863	1.153485	
0.100000	0.785087	0.898147	72.302000	68.660000	21.575480	1.117478	
0.100000	0.749128	0.949680	73.598000	67.770000	21.600986	1.187509	
0.100000	0.718131	0.979937	74.740000	68.470000	21.780376	1.096951	
0.100000	0.696246	0.828010	75.470000	71.980000	21.988300	1.231287	
0.100000	0.667643	1.095507	76.550000	65.460000	21.497174	1.128028	
0.100000	0.648865	1.166579	77.238000	65.150000	21.517723	1.140632	
0.100000	0.625316	0.824855	77.924000	72.580000	21.487761	1.094257	
0.100000	0.611463	0.809273	78.336000	73.790000	21.874761	1.097742	
0.100000	0.588293	0.710012	79.348000	76.580000	21.937996	1.120746	
0.100000	0.575417	0.742647	80.064000	75.560000	21.234637	1.092658	
0.100000	0.556303	0.759403	80.622000	74.710000	21.380395	1.139955	
0.100000	0.544663	0.854773	80.934000	71.460000	21.336467	1.095584	
0.100000	0.529669	0.794738	81.462000	74.540000	21.806975	1.134361	
0.100000	0.517066	0.726280	82.062000	76.360000	21.783967	1.201130	
0.100000	0.504890	0.884986	82.330000	72.600000	21.203380	1.123646	
0.100000	0.490276	0.715932	83.052000	77.200000	21.058596	1.082950	
0.100000	0.480808	0.693378	83.118000	78.190000	21.553477	1.105834	
0.100000	0.471459	0.792421	83.576000	74.820000	21.633344	1.096359	
0.100000	0.459880	0.656951	84.184000	77.720000	21.886576	1.160271	
0.100000	0.446703	0.954567	84.452000	71.470000	21.494433	1.101179	
0.100000	0.445567	0.785897	84.492000	76.070000	21.189257	1.080166	
0.100000	0.434412	0.619840	84.846000	79.650000	21.494785	1.102167	
0.100000	0.425481	0.819396	85.146000	75.220000	21.909954	1.098380	
0.100000	0.413776	0.717991	85.542000	78.050000	21.882601	1.214658	
0.100000	0.407316	0.989099	85.880000	70.130000	21.666348	1.088774	
0.100000	0.399906	0.767626	86.128000	76.710000	21.913033	1.120023	
0.100000	0.394776	0.608670	86.158000	80.810000	21.761945	1.195816	
0.100000	0.386821	0.640907	86.514000	79.720000	21.837215	1.117321	
0.100000	0.377969	1.104964	86.780000	69.260000	22.151337	1.096763	
0.100000	0.371350	0.709924	87.056000	78.430000	21.540346	1.080508	
0.100000	0.366392	0.764544	87.306000	75.950000	21.467849	1.088230	
0.100000	0.358402	0.669169	87.426000	79.170000	21.647309	1.115640	
0.100000	0.351851	0.888087	87.692000	74.880000	21.922862	1.186182	
0.100000	0.346437	0.625935	87.916000	80.180000	21.964581	1.109130	
0.100000	0.343100	0.687929	88.050000	78.940000	21.878347	1.132531	
0.100000	0.333557	0.635471	88.482000	80.250000	21.679224	1.127481	
0.100000	0.329718	0.606593	88.566000	80.950000	21.705141	1.114063	
0.100000	0.321280	0.599050	88.706000	81.260000	22.001450	1.101950	
0.100000	0.319269	0.632779	88.834000	80.420000	22.091284	1.117450	
0.100000	0.314050	0.763741	89.100000	78.510000	21.628033	1.104514	
0.100000	0.305871	0.705769	89.196000	78.640000	21.648078	1.110546	
0.100000	0.304095	0.752304	89.304000	77.810000	21.712522	1.105458	
0.100000	0.297421	0.610465	89.638000	81.670000	21.927355	1.178386	
0.100000	0.292474	0.704216	89.696000	79.300000	21.968421	1.116012	
0.100000	0.290574	0.589508	89.770000	82.070000	21.606070	1.135666	
0.100000	0.286522	0.708358	89.916000	79.500000	21.913615	1.099373	
0.100000	0.280491	0.784988	90.148000	78.470000	22.155819	1.128978	
0.100000	0.270801	0.709146	90.460000	80.370000	21.923267	1.119309	
0.100000	0.270801	0.644374	90.418000	80.340000	22.180986	1.099609	
0.100000	0.268643	0.811481	90.654000	78.450000	21.672671	1.103800	
0.100000	0.261055	0.640848	90.846000	82.120000	21.730299	1.161353	
0.100000	0.259991	0.628626	90.832000	81.870000	21.809548	1.104580	
0.100000	0.255520	1.126237	90.940000	71.860000	22.078685	1.100314	
0.100000	0.251118	0.650113	91.146000	81.140000	22.363302	1.114188	
0.100000	0.243189	0.868143	91.416000	77.810000	21.567622	1.108232	
0.100000	0.239864	0.638887	91.632000	81.460000	21.563157	1.112223	
0.100000	0.237427	0.704388	91.586000	79.930000	21.913509	1.122653	
0.100000	0.235951	0.707595	91.686000	79.910000	21.948610	1.087601	
0.100000	0.231295	0.716353	91.938000	80.150000	22.385155	1.145942	
0.100000	0.227834	0.673046	91.918000	80.840000	21.735341	1.164627	
0.100000	0.222151	0.615630	92.140000	82.660000	21.845305	1.126460	
0.100000	0.220007	0.560552	92.218000	83.660000	21.830313	1.091816	
0.100000	0.218611	0.756606	92.328000	80.170000	22.763066	1.112168	
0.100000	0.212275	0.680784	92.478000	81.140000	22.249911	1.137976	
0.100000	0.210399	0.732742	92.602000	80.720000	21.301306	1.108171	
0.100000	0.209565	0.687036	92.584000	81.110000	21.428824	1.122009	
0.100000	0.207767	0.702526	92.686000	81.190000	21.666003	1.085440	
0.100000	0.203448	1.029219	92.810000	76.160000	21.944350	1.109681	
0.100000	0.197361	0.650400	93.120000	82.660000	21.826445	1.136625	
0.100000	0.194708	0.622884	93.068000	82.790000	21.479364	1.122018	
0.100000	0.193252	0.706988	93.110000	81.780000	21.470965	1.116871	
0.100000	0.186555	0.633047	93.354000	83.100000	21.698486	1.123284	
0.100000	0.188936	0.763848	93.362000	80.750000	21.895603	1.119193	
0.100000	0.186904	0.698703	93.404000	81.670000	21.877082	1.092057	
0.100000	0.182701	0.692956	93.606000	81.510000	21.597450	1.140953	
0.100000	0.175410	0.646316	93.766000	82.560000	21.425024	1.109310	
0.100000	0.178994	0.922313	93.626000	79.740000	22.150459	1.124570	
0.100000	0.173322	0.795464	93.724000	80.990000	22.074993	1.165359	
0.100000	0.175188	0.755308	93.710000	81.840000	22.219038	1.199059	
0.100000	0.169235	0.810911	93.884000	80.130000	21.828747	1.088195	
0.100000	0.167777	0.981164	94.052000	78.390000	21.770150	1.117921	
0.100000	0.166385	0.904182	94.126000	79.430000	22.157978	1.098338	
0.100000	0.165423	0.686259	94.134000	82.470000	22.185337	1.125975	
0.100000	0.161165	0.811846	94.178000	80.130000	22.254079	1.160281	
0.100000	0.159267	1.048172	94.370000	77.900000	21.243555	1.088952	
0.100000	0.154011	0.807492	94.654000	81.070000	21.454425	1.144208	
0.100000	0.155589	0.869736	94.360000	79.940000	21.666340	1.103383	
0.100000	0.152833	0.827087	94.502000	81.380000	21.653984	1.224456	
0.100000	0.147796	0.644314	94.728000	83.440000	21.915745	1.122541	
0.100000	0.147682	0.687311	94.714000	82.750000	21.633145	1.116438	
0.100000	0.146729	0.731518	94.666000	82.140000	21.782644	1.115402	
0.100000	0.142429	1.096236	94.916000	75.880000	21.695920	1.127119	
0.100000	0.144241	0.741397	94.862000	82.530000	22.074583	1.128856	
0.100000	0.143139	0.675024	94.902000	84.040000	22.101134	1.130405	
0.100000	0.139585	0.735729	95.010000	82.800000	21.986705	1.107777	
0.100000	0.132130	0.855515	95.316000	81.200000	21.920139	1.107622	
0.100000	0.133659	1.231159	95.250000	75.370000	21.990714	1.181892	
0.100000	0.129431	0.957110	95.390000	79.480000	22.295730	1.170299	
0.100000	0.129964	0.703217	95.418000	83.560000	22.036795	1.078905	
0.100000	0.129356	1.275624	95.402000	76.070000	21.638294	1.110958	
0.100000	0.127086	0.737030	95.500000	83.480000	22.047117	1.279043	
0.100000	0.128728	0.611580	95.362000	84.800000	21.840839	1.098217	
0.100000	0.123990	0.646081	95.584000	84.540000	21.717573	1.099287	
0.100000	0.122367	0.633487	95.726000	84.640000	22.130094	1.148597	
0.100000	0.123168	0.817129	95.682000	82.250000	21.537731	1.102382	
0.100000	0.119584	0.643070	95.794000	84.450000	21.550044	1.200952	
0.100000	0.116634	0.582116	95.830000	84.990000	21.669259	1.102497	
0.100000	0.118735	0.865043	95.774000	82.080000	22.035639	1.087394	
0.100000	0.117767	0.966475	95.810000	79.420000	22.288647	1.139430	
0.100000	0.115102	1.035911	95.934000	79.310000	21.612846	1.121163	
0.100000	0.113916	0.730107	95.902000	83.540000	21.494686	1.132607	
0.100000	0.113150	0.631361	95.998000	84.910000	21.659883	1.113405	
0.100000	0.108746	0.885536	96.076000	81.880000	22.162259	1.131127	
0.100000	0.106233	0.770903	96.240000	82.980000	22.145848	1.108255	
0.100000	0.107685	0.668685	96.146000	84.780000	21.498420	1.129533	
0.100000	0.106614	0.764359	96.216000	83.300000	21.545852	1.177158	
0.100000	0.104333	0.691612	96.242000	84.510000	21.632300	1.106303	
0.100000	0.104251	1.168131	96.362000	77.230000	22.409947	1.107446	
0.100000	0.104354	1.040367	96.254000	79.020000	21.950448	1.086051	
0.100000	0.099571	0.946288	96.556000	81.700000	21.745195	1.109953	
0.100000	0.097611	0.750121	96.548000	83.210000	21.714264	1.095825	
0.100000	0.099718	0.829533	96.428000	82.700000	21.241473	1.086095	
0.100000	0.096147	0.811191	96.684000	83.060000	21.949448	1.116078	
0.100000	0.096743	0.885166	96.514000	82.130000	22.097403	1.114822	
0.100000	0.094541	0.782849	96.598000	83.480000	21.505471	1.187407	
0.100000	0.092471	0.926046	96.716000	81.570000	21.609926	1.096610	
0.100000	0.095093	1.632241	96.644000	74.250000	22.242090	1.116838	
0.100000	0.091204	0.836390	96.790000	83.070000	21.904618	1.132516	
0.100000	0.091063	0.770330	96.782000	83.620000	21.925366	1.149186	
0.100000	0.089489	0.983822	96.732000	81.490000	21.563112	1.143675	
0.100000	0.090467	0.781584	96.740000	83.880000	21.842712	1.114385	
0.100000	0.089467	0.832209	96.734000	82.730000	22.029318	1.099284	
0.100000	0.088429	0.772424	96.782000	84.150000	22.015982	1.098892	
0.100000	0.084200	0.825911	97.068000	83.240000	22.108862	1.125836	
0.100000	0.085480	0.691950	96.936000	84.720000	21.602383	1.082429	
0.100000	0.083771	0.664111	96.996000	85.930000	22.048542	1.107027	
0.100000	0.081911	0.804757	97.138000	84.200000	21.731365	1.098106	
0.100000	0.084812	0.858466	97.030000	83.330000	21.863657	1.105869	
0.100000	0.080796	0.873764	97.076000	83.580000	22.078190	1.123760	
0.100000	0.079810	0.804889	97.170000	83.930000	21.786608	1.114816	
0.100000	0.080583	0.689655	97.092000	85.170000	21.758796	1.123579	
0.100000	0.079778	0.875630	97.178000	83.170000	21.789589	1.135553	
0.100000	0.077458	0.999377	97.250000	81.500000	21.809950	1.136978	
0.100000	0.077836	0.790440	97.146000	84.150000	21.943375	1.139537	
0.100000	0.077668	1.012575	97.186000	81.350000	21.707352	1.142038	
0.100000	0.076881	0.864679	97.244000	82.980000	21.498413	1.092360	
0.100000	0.072448	0.740896	97.358000	84.240000	21.530543	1.107299	
0.100000	0.077760	1.452845	97.242000	76.320000	21.917500	1.093233	
0.100000	0.072427	1.149392	97.464000	80.380000	21.906841	1.131287	
0.100000	0.073431	0.747508	97.318000	84.520000	21.911248	1.126039	
0.100000	0.072021	1.016719	97.442000	81.570000	21.673528	1.113890	
0.100000	0.070634	1.418320	97.514000	77.270000	22.041606	1.137395	
0.100000	0.071024	0.845389	97.472000	83.570000	22.192196	1.086598	
0.100000	0.070139	0.826255	97.500000	83.990000	22.301610	1.197048	
0.100000	0.068353	0.965959	97.566000	82.900000	21.476760	1.119169	
0.100000	0.069990	0.680762	97.570000	85.400000	21.452570	1.103420	
0.100000	0.064400	0.726888	97.742000	85.070000	21.534524	1.114438	
0.100000	0.065252	0.974760	97.698000	81.280000	21.786741	1.142555	
0.100000	0.068449	1.103842	97.478000	80.040000	21.646106	1.098222	
0.100000	0.066658	0.946452	97.636000	83.480000	21.596351	1.090999	
0.100000	0.068135	0.863507	97.534000	83.490000	21.530361	1.103715	
0.100000	0.062546	0.843320	97.708000	84.530000	21.568268	1.112034	
0.100000	0.062946	0.866267	97.768000	84.230000	21.705180	1.193479	
0.100000	0.064117	0.759121	97.676000	85.480000	22.067633	1.107903	
0.100000	0.063851	0.833317	97.810000	83.860000	21.512886	1.101015	
0.100000	0.062574	0.837622	97.762000	84.240000	21.448141	1.102726	
0.100000	0.059798	0.864231	97.844000	84.360000	21.665990	1.116072	
0.100000	0.061210	0.744253	97.802000	85.460000	21.801328	1.083704	
0.100000	0.062398	0.882945	97.796000	83.960000	21.843201	1.110460	
