LearningRate	TrainLoss	ValidLoss	TrainAcc.	ValidAcc.	TrainEpochTime(s)	TestEpochTime(s)	
0.100000	2.401984	1.530964	31.384000	43.440000	24.957234	1.123743	
0.100000	1.818678	1.506102	52.612000	52.920000	25.078190	1.079697	
0.100000	1.463782	1.387032	64.386000	56.590000	25.058526	1.096687	
0.100000	1.242453	1.811197	71.072000	52.870000	24.850869	1.103172	
0.100000	1.092915	0.941569	75.332000	68.620000	24.940898	1.084735	
0.100000	0.998976	0.915536	77.516000	69.700000	25.660023	1.109458	
0.100000	0.936631	0.979927	79.138000	67.790000	25.456140	1.123108	
0.100000	0.896003	0.719134	79.836000	76.340000	25.660544	1.113078	
0.100000	0.852778	0.836152	80.892000	73.510000	25.578356	1.106789	
0.100000	0.827528	0.880421	81.398000	70.640000	25.421997	1.138799	
0.100000	0.797634	0.816033	82.422000	72.710000	25.609600	1.206737	
0.100000	0.802120	0.780620	82.102000	75.550000	25.595580	1.124501	
0.100000	0.784826	0.841867	82.688000	73.980000	25.661392	1.132697	
0.100000	0.775741	0.825587	83.244000	73.410000	25.671143	1.104762	
0.100000	0.765787	0.738447	83.208000	76.670000	25.553000	1.111975	
0.100000	0.755420	0.665266	83.756000	78.150000	25.271120	1.145042	
0.100000	0.749700	0.592013	83.978000	79.210000	25.454200	1.094118	
0.100000	0.743671	0.682820	84.022000	78.020000	25.378481	1.123724	
0.100000	0.744610	0.740410	84.062000	76.310000	25.289769	1.082449	
0.100000	0.740990	0.828672	84.332000	73.960000	25.404193	1.093098	
0.100000	0.726929	0.591939	84.828000	80.830000	25.387960	1.173833	
0.100000	0.728234	0.593360	84.932000	79.760000	25.339728	1.122649	
0.100000	0.729358	1.051876	84.746000	68.580000	25.436708	1.118659	
0.100000	0.728424	1.061038	84.862000	69.550000	25.450043	1.111759	
0.100000	0.717670	0.800186	85.106000	74.940000	25.374477	1.129286	
0.100000	0.705059	1.818908	85.530000	59.170000	25.512010	1.150964	
0.100000	0.718430	0.626609	85.088000	79.070000	25.366086	1.114553	
0.100000	0.701391	0.896874	85.574000	73.380000	25.423357	1.110650	
0.100000	0.709898	1.389340	85.400000	63.150000	25.381557	1.125838	
0.100000	0.701940	0.897029	85.584000	73.480000	25.414081	1.149532	
0.100000	0.684594	0.744191	85.976000	77.270000	25.309190	1.143410	
0.100000	0.701174	0.702653	85.450000	78.700000	25.349964	1.093152	
0.100000	0.690499	0.569354	85.962000	80.690000	25.311507	1.086026	
0.100000	0.692417	0.771101	85.982000	76.860000	25.432931	1.170942	
0.100000	0.687010	0.718049	86.026000	76.390000	25.500233	1.088929	
0.100000	0.690306	1.034239	85.908000	68.350000	25.080151	1.122362	
0.100000	0.691008	0.888601	85.884000	72.020000	25.151479	1.081078	
0.100000	0.680965	0.685660	86.184000	78.830000	24.930978	1.115176	
0.100000	0.682055	0.802131	86.154000	74.840000	25.237187	1.123264	
0.100000	0.685318	0.756477	85.824000	76.210000	24.979312	1.116284	
0.100000	0.668272	0.570158	86.466000	80.400000	25.340876	1.114698	
0.100000	0.682260	0.784496	86.158000	75.960000	25.284032	1.090358	
0.100000	0.685189	0.637002	86.090000	78.800000	25.182925	1.110501	
0.100000	0.671044	1.159277	86.442000	68.450000	25.270772	1.141041	
0.100000	0.671824	0.735842	86.376000	77.570000	25.284698	1.095371	
0.100000	0.665502	0.848770	86.646000	74.850000	25.088020	1.119908	
0.100000	0.665721	0.617818	86.582000	80.020000	25.396410	1.109359	
0.100000	0.670854	0.702833	86.382000	75.810000	25.031225	1.091098	
0.100000	0.669307	0.804925	86.318000	74.490000	24.995836	1.112053	
0.100000	0.669277	0.743899	86.384000	75.680000	24.932214	1.127295	
0.100000	0.653345	0.699481	86.936000	77.700000	25.496506	1.084354	
0.100000	0.662045	0.647823	86.632000	79.190000	25.676256	1.093057	
0.100000	0.662840	0.679512	86.544000	78.510000	25.265808	1.119167	
0.100000	0.667770	0.608946	86.514000	79.710000	25.253582	1.131233	
0.100000	0.660241	0.641995	86.740000	79.120000	25.409381	1.107093	
0.100000	0.657492	0.649165	86.808000	78.520000	25.209876	1.094643	
0.100000	0.663921	0.551959	86.700000	82.550000	24.961900	1.076488	
0.100000	0.658654	0.768350	86.762000	76.570000	25.013909	1.082947	
0.100000	0.660289	0.579258	86.762000	81.240000	24.992238	1.074399	
0.100000	0.653108	0.636760	86.962000	78.620000	25.028105	1.079611	
0.100000	0.651883	0.666701	86.912000	78.520000	25.136316	1.093929	
0.100000	0.661906	0.768615	86.688000	75.360000	24.821580	1.089636	
0.100000	0.647214	1.060113	87.086000	66.970000	25.119618	1.091535	
0.100000	0.661955	0.786800	86.476000	76.220000	25.081785	1.085141	
0.100000	0.657127	0.585513	86.870000	81.030000	25.061927	1.073234	
0.100000	0.646483	0.745380	87.076000	77.090000	24.874248	1.083555	
0.100000	0.653884	0.560978	86.888000	81.930000	24.654262	1.076617	
0.100000	0.649020	0.807712	87.054000	75.470000	24.694944	1.098504	
0.100000	0.655790	0.511094	86.592000	83.380000	24.697812	1.085270	
0.100000	0.653626	0.646958	87.008000	79.610000	24.784915	1.061937	
0.100000	0.641091	0.974968	87.314000	73.150000	23.996306	1.050975	
0.100000	0.649007	0.627453	87.200000	79.710000	23.929766	1.036851	
0.100000	0.644410	1.149896	87.104000	64.330000	24.110548	1.055622	
0.100000	0.653039	0.631790	86.962000	79.620000	23.748933	1.062483	
0.100000	0.653602	0.875508	86.864000	72.950000	24.121347	1.052976	
0.100000	0.642961	0.566764	87.216000	81.440000	24.051418	1.085619	
0.100000	0.650501	0.764485	86.986000	76.610000	23.928423	1.053847	
0.100000	0.647651	0.588060	87.064000	80.480000	24.038083	1.084317	
0.100000	0.656172	0.686199	86.760000	79.280000	23.997905	1.062996	
0.100000	0.643301	0.587416	87.130000	80.730000	24.121965	1.058642	
0.100000	0.631314	0.611009	87.628000	79.610000	24.165102	1.040178	
0.100000	0.651174	0.554683	86.782000	81.170000	24.097521	1.067526	
0.100000	0.640560	0.736990	87.382000	77.130000	24.016625	1.077846	
0.100000	0.644898	0.623291	87.078000	79.270000	24.334249	1.047789	
0.100000	0.640492	0.591357	87.260000	80.160000	24.245083	1.055568	
0.100000	0.637513	0.710039	87.262000	77.500000	24.159471	1.022722	
0.100000	0.644211	0.699279	87.000000	77.790000	24.022246	1.029494	
0.100000	0.646855	0.597091	87.118000	80.120000	24.021075	1.035897	
0.100000	0.641795	0.594790	87.172000	80.510000	24.046093	1.118525	
0.100000	0.636888	0.593278	87.440000	81.250000	24.096857	1.094674	
0.100000	0.627876	0.884215	87.546000	74.110000	23.867079	1.037486	
0.100000	0.647210	0.722427	86.876000	77.450000	23.817115	1.053651	
0.010000	0.509365	0.264094	91.728000	91.080000	23.885011	1.027550	
0.010000	0.457300	0.253506	93.330000	91.530000	23.854910	1.030324	
0.010000	0.431136	0.253131	94.180000	91.470000	23.783553	1.072512	
0.010000	0.416924	0.255169	94.446000	91.600000	24.038851	1.048591	
0.010000	0.402217	0.249071	94.746000	91.890000	23.845058	1.051601	
0.010000	0.392702	0.261486	94.938000	91.370000	23.649920	1.001274	
0.010000	0.377520	0.247366	95.292000	91.910000	24.110908	1.063117	
0.010000	0.366629	0.278574	95.618000	91.190000	23.852396	1.016182	
0.010000	0.356919	0.251623	95.738000	91.790000	23.932331	1.070582	
0.010000	0.350370	0.271462	95.874000	91.660000	23.594887	1.085354	
0.010000	0.344948	0.264325	95.814000	91.750000	23.890114	1.041729	
0.010000	0.338968	0.271437	95.944000	91.570000	23.724130	1.070255	
0.010000	0.329716	0.265716	96.102000	91.750000	23.940018	1.114801	
0.010000	0.323484	0.285254	96.190000	91.180000	23.915435	1.167523	
0.010000	0.320330	0.290428	96.214000	90.980000	23.770284	1.028154	
0.010000	0.312621	0.273108	96.380000	91.240000	24.121248	1.054324	
0.010000	0.309342	0.298713	96.318000	90.960000	23.856162	1.035964	
0.010000	0.302140	0.291932	96.622000	91.100000	23.803397	1.086779	
0.010000	0.296962	0.275468	96.666000	91.610000	23.576559	1.023777	
0.010000	0.296513	0.292133	96.542000	91.310000	23.524157	1.057091	
0.010000	0.295833	0.291603	96.452000	91.160000	23.623633	1.052572	
0.010000	0.294206	0.316832	96.404000	90.420000	23.492022	1.046824	
0.010000	0.292756	0.294332	96.418000	91.410000	23.670702	1.033394	
0.010000	0.288002	0.298013	96.452000	90.520000	24.135041	1.023067	
0.010000	0.286613	0.313942	96.450000	90.660000	23.807695	1.054802	
0.010000	0.285405	0.318113	96.364000	90.790000	23.905469	1.019882	
0.010000	0.284782	0.309079	96.350000	90.700000	23.885800	1.020188	
0.010000	0.281200	0.360629	96.578000	89.640000	24.038573	1.008971	
0.010000	0.281034	0.298899	96.484000	91.270000	23.648468	1.003624	
0.010000	0.280062	0.308161	96.494000	90.710000	23.523814	1.009733	
0.010000	0.280553	0.319531	96.456000	90.760000	23.536616	1.044158	
0.010000	0.282058	0.364978	96.266000	89.430000	23.477537	1.018735	
0.010000	0.279461	0.349914	96.348000	89.790000	23.443573	1.019366	
0.010000	0.277060	0.369489	96.432000	89.700000	23.834253	1.083284	
0.010000	0.279919	0.369661	96.312000	89.320000	23.647752	1.025745	
0.010000	0.280939	0.400277	96.186000	89.020000	23.750259	1.038711	
0.010000	0.281210	0.357879	96.130000	89.920000	23.786089	1.033791	
0.010000	0.279932	0.364373	96.108000	89.700000	23.747196	1.039014	
0.010000	0.273695	0.363235	96.434000	89.390000	23.906388	1.057099	
0.010000	0.274166	0.343337	96.270000	90.270000	23.968703	1.035947	
0.010000	0.279561	0.381549	96.178000	89.000000	23.809416	1.028965	
0.010000	0.279835	0.393487	96.158000	88.680000	24.028651	1.048696	
0.010000	0.282897	0.370228	95.928000	89.420000	23.680509	1.025786	
0.010000	0.271524	0.348013	96.348000	89.780000	23.745678	1.102879	
0.010000	0.275909	0.308603	96.218000	90.870000	23.749362	1.063699	
0.010000	0.278878	0.315491	96.032000	90.640000	23.694618	1.150840	
0.010000	0.279785	0.339183	95.994000	89.610000	23.808076	1.078395	
0.010000	0.276351	0.362083	96.102000	89.930000	23.931545	1.022013	
0.010000	0.277616	0.383141	96.120000	88.620000	23.825028	1.034621	
0.010000	0.282505	0.332294	95.876000	90.010000	23.715408	1.050737	
0.010000	0.275285	0.350891	96.190000	89.730000	23.833949	1.035285	
0.010000	0.279467	0.384418	96.090000	88.570000	23.941883	1.022482	
0.010000	0.284659	0.335768	95.914000	90.120000	23.983769	1.039366	
0.010000	0.271626	0.360071	96.354000	89.830000	23.920512	1.029133	
0.010000	0.281225	0.330308	96.012000	90.110000	23.816952	1.050409	
0.010000	0.273771	0.363574	96.218000	89.340000	23.659063	1.045902	
0.010000	0.277919	0.345296	96.026000	90.380000	23.562323	1.070378	
0.001000	0.234319	0.267319	97.734000	92.270000	23.704887	1.127710	
0.001000	0.216640	0.262275	98.360000	92.610000	23.915458	1.033924	
0.001000	0.210608	0.262970	98.630000	92.420000	23.698683	1.029754	
0.001000	0.204472	0.264273	98.804000	92.390000	23.968040	1.034642	
0.001000	0.202748	0.264589	98.844000	92.430000	23.739880	1.027192	
0.001000	0.198020	0.267082	99.004000	92.430000	23.753196	1.011878	
0.001000	0.195432	0.268488	99.160000	92.510000	23.701997	1.057500	
0.001000	0.193392	0.269635	99.136000	92.570000	23.717574	1.033130	
0.001000	0.192400	0.275371	99.210000	92.550000	23.649582	1.060970	
0.001000	0.189828	0.272163	99.238000	92.590000	23.776969	1.023487	
0.001000	0.187839	0.276523	99.308000	92.520000	23.715544	1.025734	
0.001000	0.187119	0.275124	99.316000	92.560000	23.984150	1.031736	
0.001000	0.186807	0.277400	99.246000	92.530000	23.927300	1.024109	
0.001000	0.183718	0.276265	99.408000	92.510000	23.960395	1.062715	
0.001000	0.182976	0.276259	99.402000	92.590000	23.935024	1.060493	
0.001000	0.181542	0.279396	99.406000	92.440000	24.046736	1.065345	
0.001000	0.181460	0.279943	99.420000	92.530000	23.493757	1.103202	
0.001000	0.180762	0.282016	99.424000	92.540000	23.567726	1.150150	
0.001000	0.179111	0.285722	99.486000	92.550000	23.587226	1.113983	
0.001000	0.176710	0.284419	99.564000	92.430000	23.686016	1.033357	
0.001000	0.177308	0.287906	99.522000	92.540000	23.661540	1.036821	
0.001000	0.175603	0.285175	99.582000	92.470000	23.860736	1.060163	
0.001000	0.176665	0.286283	99.510000	92.560000	23.521196	1.037282	
0.001000	0.175136	0.286842	99.520000	92.470000	23.573577	1.031819	
0.001000	0.174266	0.287406	99.548000	92.530000	23.701454	1.108160	
0.001000	0.172779	0.288841	99.576000	92.460000	23.700105	1.038629	
0.001000	0.171894	0.284861	99.588000	92.530000	23.586565	1.015538	
0.001000	0.171028	0.289077	99.616000	92.580000	23.659331	1.067233	
0.001000	0.170580	0.287006	99.656000	92.700000	23.587050	1.021094	
0.001000	0.170493	0.291895	99.588000	92.480000	23.566170	1.142896	
0.001000	0.169679	0.295196	99.588000	92.470000	23.607219	1.207829	
