LearningRate	TrainLoss	ValidLoss	TrainAcc.	ValidAcc.	TrainEpochTime(s)	TestEpochTime(s)	
0.100000	2.348156	1.831560	33.986000	38.540000	203.044904	3.862417	
0.100000	1.739206	1.188659	56.686000	59.360000	203.138370	3.664058	
0.100000	1.436666	1.264762	66.326000	59.940000	188.837594	3.296316	
0.100000	1.221175	1.261674	72.580000	56.210000	191.580389	3.525943	
0.100000	1.104028	1.373743	75.634000	61.880000	202.904271	3.376031	
0.100000	1.001798	1.599980	78.110000	54.710000	200.441835	3.443296	
0.100000	0.941719	0.890610	79.246000	69.330000	199.530832	3.365654	
0.100000	0.901799	0.921693	80.054000	69.180000	183.636279	3.156366	
0.100000	0.859781	0.938711	81.086000	70.080000	189.705101	3.285216	
0.100000	0.835579	0.657925	81.560000	78.280000	200.841571	3.199570	
0.100000	0.814465	1.171386	82.134000	67.140000	201.041354	3.603598	
0.100000	0.808078	0.642838	82.236000	77.790000	201.252635	3.616245	
0.100000	0.796203	1.113881	82.742000	65.730000	187.332029	3.563592	
0.100000	0.783600	0.975920	83.274000	68.170000	196.754755	3.746047	
0.100000	0.775234	0.866528	83.448000	73.130000	202.924990	3.365475	
0.100000	0.764318	0.752729	83.714000	75.710000	201.713798	3.465064	
0.100000	0.768856	0.904170	83.592000	73.680000	200.610651	3.314888	
0.100000	0.760876	0.675530	83.870000	77.290000	182.177670	3.388211	
0.100000	0.757552	0.793631	83.950000	74.410000	191.509514	3.417065	
0.100000	0.747341	0.986306	84.458000	71.860000	201.164101	3.309776	
0.100000	0.740689	0.989720	84.664000	71.980000	201.655463	3.525976	
0.100000	0.737758	0.611464	84.770000	79.680000	201.243330	3.516356	
0.100000	0.736356	0.770822	84.842000	73.500000	183.173192	3.382984	
0.100000	0.736688	0.647860	84.668000	79.000000	192.628192	3.405025	
0.100000	0.736382	0.640057	84.828000	78.190000	200.636257	3.315046	
0.100000	0.723100	0.779406	85.342000	73.870000	202.576231	3.695668	
0.100000	0.731505	1.237248	85.052000	69.280000	201.528378	3.496381	
0.100000	0.729195	1.003125	85.144000	65.750000	184.327853	3.538456	
0.100000	0.721169	0.633275	85.432000	79.530000	192.988980	3.488311	
0.100000	0.723868	0.697774	85.310000	77.450000	201.580016	3.313672	
0.100000	0.715940	0.606779	85.594000	80.060000	203.037386	3.811677	
0.100000	0.714717	0.654262	85.578000	78.960000	200.672103	3.642270	
0.100000	0.717347	0.627614	85.466000	79.040000	182.829670	3.707623	
0.100000	0.714570	0.691353	85.632000	77.080000	192.010615	3.455271	
0.100000	0.708549	0.611995	85.810000	79.710000	200.378867	3.332939	
0.100000	0.693011	0.874249	86.180000	72.470000	201.560580	3.665360	
0.100000	0.711377	0.762840	85.550000	76.910000	199.676757	3.388726	
0.100000	0.710322	0.614986	85.776000	79.620000	182.609174	3.310763	
0.100000	0.699196	0.621724	86.024000	79.990000	191.383540	3.395946	
0.100000	0.697061	0.650167	86.062000	80.250000	199.060724	3.226817	
0.100000	0.682386	0.857096	86.580000	71.550000	200.670307	3.630910	
0.100000	0.697664	0.620911	86.120000	79.650000	199.234995	3.337250	
0.100000	0.697424	0.950560	85.958000	73.090000	180.736782	3.219189	
0.100000	0.689117	0.751551	86.478000	76.200000	190.620134	3.529750	
0.100000	0.695317	0.746002	86.166000	75.160000	199.159400	3.211157	
0.100000	0.683967	0.805646	86.402000	74.260000	200.971266	3.770249	
0.100000	0.683205	0.636123	86.568000	79.840000	198.944832	3.304450	
0.100000	0.690707	0.654260	86.326000	78.860000	180.506851	3.258978	
0.100000	0.684817	0.965222	86.572000	72.890000	190.726271	3.285539	
0.100000	0.688420	0.539045	86.182000	82.060000	198.324742	3.155390	
0.100000	0.673807	0.830153	86.700000	75.500000	200.307965	3.681073	
0.100000	0.684465	0.651172	86.314000	79.080000	198.045443	3.337521	
0.100000	0.675265	0.559546	86.652000	81.170000	179.455571	3.164543	
0.100000	0.680011	0.629200	86.448000	79.330000	190.800668	3.354884	
0.100000	0.680312	0.721507	86.432000	76.750000	197.767357	3.192122	
0.100000	0.665513	0.886335	86.884000	74.130000	198.752224	3.647222	
0.100000	0.669395	0.597472	86.838000	79.980000	197.315325	3.321592	
0.100000	0.674317	0.638969	86.530000	78.730000	178.372847	3.234797	
0.100000	0.676578	0.483808	86.568000	83.900000	191.024604	3.345676	
0.100000	0.675300	0.865478	86.542000	73.320000	197.868657	3.178764	
0.100000	0.668379	0.613108	86.944000	80.960000	199.659623	3.626601	
0.100000	0.669725	0.772375	86.656000	77.160000	198.124113	3.547662	
0.100000	0.660615	0.583030	86.896000	80.930000	180.679057	3.145044	
0.100000	0.669915	0.738047	86.456000	77.540000	191.216155	3.250777	
0.100000	0.666779	0.567912	86.728000	81.330000	198.163564	3.159682	
0.100000	0.654929	0.736985	86.968000	76.480000	199.872567	3.648258	
0.100000	0.669113	1.162009	86.522000	66.260000	193.031605	3.040534	
0.100000	0.663940	0.574969	86.854000	81.240000	186.084715	3.216802	
0.100000	0.655570	0.731505	86.970000	77.700000	190.260507	3.311590	
0.100000	0.663202	0.701543	86.604000	78.170000	197.228676	3.171814	
0.100000	0.653964	1.140527	86.990000	66.340000	199.511338	3.701051	
0.100000	0.659158	0.760547	86.918000	76.300000	188.328472	3.301203	
0.100000	0.657822	0.706024	87.004000	77.590000	187.956880	3.149154	
0.100000	0.666867	0.740131	86.600000	75.950000	190.465743	3.263216	
0.100000	0.657911	0.870855	86.884000	73.830000	196.816478	3.178355	
0.100000	0.643442	0.567427	87.400000	81.890000	199.161420	3.716650	
0.100000	0.658133	0.738853	86.904000	76.560000	188.508675	3.264224	
0.100000	0.654347	0.597641	87.254000	80.220000	186.770466	3.167299	
0.100000	0.658701	0.532932	86.972000	82.340000	189.979137	3.322405	
0.100000	0.659568	0.959917	86.798000	72.690000	193.219396	3.271959	
0.100000	0.646931	0.690857	87.344000	77.630000	197.761253	3.619393	
0.100000	0.652720	0.504944	87.026000	83.450000	190.064697	3.278269	
0.100000	0.653343	0.782129	86.974000	74.730000	188.459314	3.180304	
0.100000	0.651024	1.277647	87.226000	68.060000	190.143059	3.296004	
0.100000	0.655988	0.670496	86.956000	79.150000	189.264818	3.312289	
0.100000	0.647179	0.486489	87.226000	83.720000	180.131737	3.605927	
0.100000	0.654306	0.585521	87.084000	80.330000	185.691833	3.158032	
0.100000	0.654147	0.750369	86.914000	76.040000	176.336181	3.107274	
0.100000	0.651846	0.544866	87.060000	81.910000	179.687046	3.419859	
0.100000	0.649876	0.805062	87.154000	76.170000	178.223850	3.355851	
0.100000	0.639634	0.863750	87.446000	73.520000	180.726478	3.609280	
0.100000	0.646855	1.280058	87.178000	66.170000	185.724061	3.043089	
0.100000	0.654530	0.590341	87.102000	81.120000	177.530345	3.106494	
0.100000	0.652360	0.507292	87.254000	83.610000	180.057633	3.139314	
0.100000	0.655325	0.722094	87.094000	77.910000	177.379323	3.148476	
0.100000	0.645216	0.620632	87.382000	79.840000	180.227878	3.556305	
0.100000	0.651331	0.711073	87.002000	77.820000	186.035790	3.039690	
0.100000	0.645440	0.703729	87.310000	77.830000	177.489105	3.076759	
0.100000	0.645348	0.481759	87.350000	84.130000	179.485824	3.148544	
0.100000	0.653908	0.673717	86.946000	79.030000	177.693805	3.178337	
0.100000	0.636731	0.645637	87.374000	80.060000	180.655639	3.604605	
0.100000	0.650906	0.666878	87.028000	79.010000	185.998907	3.049684	
0.100000	0.644466	0.949766	87.182000	70.290000	177.250660	3.028876	
0.100000	0.643163	0.742462	87.382000	77.860000	178.772892	2.974744	
0.100000	0.642165	0.579328	87.356000	81.110000	179.747474	3.144880	
0.100000	0.644167	0.521379	87.268000	83.250000	185.210048	3.594409	
0.100000	0.632957	0.829946	87.754000	73.880000	185.494917	2.988412	
0.100000	0.650472	0.536192	86.892000	82.820000	177.467929	2.988930	
0.100000	0.638882	0.725500	87.378000	75.700000	171.286835	3.180294	
0.100000	0.650049	0.685034	86.922000	76.970000	184.789913	3.013292	
0.100000	0.636333	0.687415	87.508000	78.700000	187.954920	3.615747	
0.100000	0.641266	0.821807	87.382000	76.120000	185.662820	2.983295	
0.100000	0.643068	0.547506	87.224000	81.350000	177.025250	3.079176	
0.100000	0.643733	1.452898	87.340000	65.500000	171.316788	3.067803	
0.100000	0.639520	0.854379	87.398000	74.040000	177.694553	3.072515	
0.100000	0.635916	0.899619	87.598000	74.030000	188.665469	3.721098	
0.100000	0.652790	0.870438	87.032000	73.260000	185.885953	3.032773	
0.100000	0.649529	0.589258	87.154000	80.640000	176.850844	2.851044	
0.100000	0.639191	0.576457	87.342000	81.030000	166.286865	3.138070	
0.100000	0.641742	0.720323	87.182000	76.230000	178.521905	3.157410	
0.100000	0.635484	0.618748	87.506000	79.820000	189.122340	3.593736	
0.100000	0.651449	0.484962	86.966000	83.810000	186.640715	2.977665	
0.100000	0.635548	0.685118	87.416000	77.730000	170.554049	3.005124	
0.100000	0.643595	0.692437	87.260000	77.700000	178.153503	3.002382	
0.100000	0.640686	0.564385	87.316000	80.520000	177.786795	3.112105	
0.100000	0.628732	0.706708	87.550000	77.950000	188.299709	3.538705	
0.100000	0.640902	0.681042	87.440000	79.010000	181.555577	2.911414	
0.100000	0.642577	0.476339	87.248000	84.240000	175.315728	3.048142	
0.100000	0.642619	0.547090	87.214000	82.200000	170.604529	3.069218	
0.100000	0.638993	0.499893	87.262000	83.360000	185.815844	3.101391	
0.100000	0.627109	0.520296	87.708000	83.170000	189.056813	3.572819	
0.100000	0.636166	0.923705	87.380000	72.220000	170.284071	3.182453	
0.100000	0.640253	0.593005	87.284000	80.330000	187.028795	3.026900	
0.100000	0.642310	0.624815	87.380000	79.420000	170.121378	3.152909	
0.100000	0.642404	0.767764	87.206000	76.220000	186.968255	3.189109	
0.100000	0.632761	0.673506	87.530000	77.710000	181.380666	3.867626	
0.100000	0.638130	1.107307	87.362000	71.600000	178.960957	3.277113	
0.100000	0.639334	0.803336	87.320000	76.510000	187.830317	3.177287	
0.100000	0.631624	0.756810	87.720000	77.340000	166.615808	3.101985	
0.100000	0.640987	0.584806	87.176000	81.570000	186.329829	3.153481	
0.100000	0.634348	0.494359	87.546000	83.930000	181.586624	3.435325	
0.100000	0.638772	0.632875	87.344000	80.080000	178.494100	3.298558	
0.100000	0.630646	0.566005	87.772000	81.620000	184.435274	2.861382	
0.100000	0.639783	0.715600	87.374000	76.400000	173.553261	3.149062	
0.100000	0.639432	0.770950	87.262000	76.900000	179.079258	3.111261	
0.100000	0.627042	0.927949	87.810000	72.170000	182.027874	3.332101	
0.100000	0.635076	0.545483	87.444000	81.750000	185.394046	3.218100	
0.100000	0.637776	0.510709	87.504000	82.620000	178.097729	3.060828	
0.100000	0.640505	0.530877	87.422000	82.790000	178.111152	3.096775	
0.100000	0.635990	0.527667	87.542000	81.890000	178.045404	3.082469	
0.100000	0.622293	0.512710	87.992000	82.570000	180.037536	3.462501	
0.100000	0.637742	0.793509	87.428000	74.270000	185.576482	3.037849	
0.100000	0.635290	0.544413	87.536000	82.610000	177.725209	3.102009	
0.100000	0.634491	0.502636	87.600000	83.520000	169.247954	3.056529	
0.100000	0.638797	0.697468	87.364000	78.650000	185.970255	3.049083	
0.100000	0.628838	0.804532	87.552000	74.640000	180.039743	3.491065	
0.100000	0.630997	0.652605	87.430000	79.700000	185.021848	2.971847	
0.100000	0.634785	0.631132	87.508000	78.910000	177.886868	2.889107	
0.100000	0.637122	0.584873	87.186000	81.630000	173.075624	3.063027	
0.100000	0.631885	0.631952	87.732000	79.870000	186.947283	3.087589	
0.100000	0.628502	0.744471	87.492000	77.000000	183.929003	3.488549	
0.100000	0.635868	0.900703	87.212000	72.070000	177.687171	3.115209	
0.100000	0.637905	0.643620	87.556000	79.920000	177.677713	3.081420	
0.100000	0.635350	0.959666	87.462000	72.800000	177.494548	3.049109	
0.100000	0.639465	0.823866	87.276000	74.650000	184.585691	2.924086	
0.100000	0.627502	0.618189	87.744000	80.200000	187.855996	3.517031	
0.100000	0.634033	0.585819	87.440000	80.980000	169.191426	3.114480	
0.100000	0.629361	0.601840	87.618000	81.060000	186.219466	3.084908	
0.100000	0.637998	0.713347	87.330000	78.160000	178.307010	3.151321	
0.100000	0.638520	0.546732	87.314000	81.790000	177.531745	3.074983	
0.100000	0.625273	0.526750	87.678000	82.060000	184.054529	2.656634	
0.100000	0.624558	0.673198	87.730000	77.690000	175.150764	3.178705	
0.100000	0.633975	0.643360	87.454000	79.500000	187.424103	3.185230	
0.100000	0.627169	0.584654	87.678000	80.550000	178.574522	3.154944	
0.100000	0.633030	0.540668	87.344000	83.220000	179.360198	3.167896	
0.100000	0.625896	0.635966	87.622000	79.300000	189.087909	3.541363	
0.100000	0.631491	0.516273	87.536000	82.760000	164.892229	3.162447	
0.100000	0.635626	0.564377	87.328000	81.690000	187.262733	3.130169	
0.100000	0.628981	0.597399	87.578000	80.080000	180.888736	3.100052	
0.100000	0.641344	0.664516	87.304000	78.490000	179.015448	3.120185	
