LearningRate	TrainLoss	ValidLoss	TrainAcc.	ValidAcc.	TrainEpochTime(s)	TestEpochTime(s)	
0.100000	1.699924	2.062634	35.880000	35.070000	19.482536	1.107562	
0.100000	1.197914	1.353706	56.278000	53.130000	19.512394	1.206296	
0.100000	0.949999	1.192117	65.952000	62.050000	20.339385	1.109558	
0.100000	0.806878	1.384828	71.490000	58.460000	19.637628	1.125961	
0.100000	0.696742	0.850378	75.696000	72.180000	19.723274	1.091283	
0.100000	0.627340	0.790948	78.264000	73.800000	19.273255	1.114709	
0.100000	0.582845	0.736704	80.028000	75.180000	19.429411	1.123687	
0.100000	0.552539	0.824633	80.820000	72.260000	19.688615	1.120155	
0.100000	0.518818	0.764338	82.194000	74.290000	19.852479	1.134228	
0.100000	0.500614	0.962399	82.762000	71.970000	19.863534	1.245734	
0.100000	0.468200	0.780628	84.082000	75.770000	19.356347	1.108524	
0.100000	0.457736	0.707367	84.282000	77.010000	19.406631	1.095417	
0.100000	0.446778	0.771176	84.656000	73.780000	20.112905	1.126411	
0.100000	0.438818	0.801763	84.762000	74.890000	20.095234	1.138954	
0.100000	0.430606	0.700422	85.364000	77.240000	20.000387	1.104127	
0.100000	0.405976	0.699092	86.208000	76.860000	19.557634	1.113794	
0.100000	0.406210	0.771272	85.902000	76.560000	19.581936	1.130275	
0.100000	0.400161	0.657228	86.250000	78.160000	19.981719	1.120783	
0.100000	0.393424	0.935008	86.524000	71.600000	19.985270	1.127171	
0.100000	0.389195	0.875938	86.582000	73.790000	20.228136	1.145501	
0.100000	0.376987	1.181293	87.118000	67.730000	19.570443	1.102167	
0.100000	0.370230	0.683566	87.186000	78.020000	19.563746	1.120705	
0.100000	0.372252	0.600670	87.204000	80.160000	19.739084	1.145268	
0.100000	0.358489	0.574860	87.676000	80.680000	19.887743	1.140258	
0.100000	0.361797	1.156656	87.418000	69.190000	19.794129	1.113312	
0.100000	0.345622	0.978469	88.152000	70.100000	19.474331	1.109759	
0.100000	0.344370	0.618452	88.206000	80.050000	19.598815	1.108968	
0.100000	0.356590	0.671284	87.756000	78.010000	19.808755	1.122577	
0.100000	0.339882	0.560504	88.334000	82.180000	20.045368	1.108922	
0.100000	0.342162	0.725738	88.138000	77.320000	19.940389	1.119789	
0.100000	0.332604	1.362493	88.486000	65.880000	19.906843	1.132087	
0.100000	0.327149	0.631548	88.728000	79.810000	19.752092	1.130882	
0.100000	0.337730	1.060388	88.342000	70.290000	20.029896	1.131086	
0.100000	0.323180	0.803582	88.798000	75.510000	20.101803	1.127432	
0.100000	0.329455	0.977193	88.598000	72.100000	20.204228	1.131274	
0.100000	0.316006	1.168317	89.172000	65.940000	19.437361	1.092082	
0.100000	0.314682	0.647535	89.204000	80.880000	19.423415	1.082835	
0.100000	0.321976	0.994795	88.896000	71.960000	19.921203	1.147286	
0.100000	0.315356	0.575422	89.108000	82.150000	20.060013	1.092077	
0.100000	0.323031	1.070929	88.820000	71.060000	20.037016	1.103690	
0.100000	0.302753	0.930743	89.578000	74.560000	19.513834	1.105842	
0.100000	0.307569	0.594373	89.390000	81.790000	19.533330	1.192016	
0.100000	0.315040	0.824374	89.100000	75.560000	19.847623	1.111904	
0.100000	0.301986	0.575732	89.534000	82.190000	20.010440	1.125225	
0.100000	0.309995	0.793782	89.420000	77.320000	20.414799	1.096717	
0.100000	0.300589	0.828645	89.618000	75.490000	19.405603	1.119401	
0.100000	0.301508	0.663992	89.614000	79.710000	19.547992	1.116954	
0.100000	0.305858	1.003941	89.602000	70.900000	19.812880	1.142560	
0.100000	0.294783	0.840911	89.808000	77.490000	20.110907	1.100272	
0.100000	0.305734	1.194296	89.476000	70.160000	20.221348	1.109452	
0.100000	0.291143	0.716044	89.982000	77.960000	19.563135	1.114481	
0.100000	0.299284	0.653646	89.732000	80.340000	19.544059	1.104243	
0.100000	0.297129	0.990367	89.754000	73.540000	19.685393	1.139770	
0.100000	0.288970	0.782337	89.900000	78.670000	19.967340	1.100637	
0.100000	0.296943	1.100591	89.688000	71.140000	20.073968	1.112855	
0.100000	0.285024	0.743366	90.142000	78.380000	18.963644	1.152048	
0.100000	0.292098	0.669531	89.990000	79.710000	19.447662	1.113882	
0.100000	0.292610	0.728192	89.824000	79.630000	19.840883	1.120605	
0.100000	0.289895	0.537789	89.950000	82.820000	20.009413	1.131924	
0.100000	0.292178	1.192395	90.062000	69.210000	19.997764	1.134730	
0.100000	0.281855	0.628611	90.274000	80.240000	19.603718	1.081362	
0.100000	0.282722	0.632890	90.130000	81.090000	19.771857	1.124961	
0.100000	0.289532	0.597188	90.012000	81.990000	19.709694	1.110152	
0.100000	0.282786	0.641866	90.174000	81.440000	20.127739	1.129267	
0.100000	0.288797	1.080874	90.090000	71.550000	20.010934	1.168182	
0.100000	0.276193	1.128598	90.430000	70.810000	19.560826	1.122221	
0.100000	0.277027	0.515112	90.460000	83.520000	19.788235	1.122449	
0.100000	0.281149	0.693938	90.330000	79.760000	19.868869	1.149709	
0.100000	0.284935	0.627555	90.152000	80.910000	20.042572	1.101966	
0.100000	0.288666	0.760718	89.968000	77.240000	20.542993	1.121732	
0.100000	0.274206	0.977416	90.442000	72.540000	19.745557	1.129384	
0.100000	0.275183	0.822424	90.434000	77.040000	19.795285	1.126715	
0.100000	0.280493	1.138301	90.308000	68.890000	19.876862	1.168675	
0.100000	0.272475	1.072118	90.460000	72.730000	20.031523	1.126009	
0.100000	0.279426	0.806305	90.242000	76.900000	20.153374	1.130872	
0.100000	0.269843	0.646938	90.656000	80.550000	19.465874	1.107992	
0.100000	0.272411	0.444029	90.500000	85.960000	19.853931	1.095432	
0.100000	0.282861	0.511257	90.302000	83.290000	19.887902	1.097038	
0.100000	0.263179	0.597097	90.812000	82.430000	20.046863	1.142533	
0.100000	0.277487	1.455815	90.286000	65.230000	20.124925	1.124596	
0.100000	0.265040	1.412659	90.784000	67.030000	19.322882	1.197234	
0.100000	0.273639	0.587820	90.508000	81.450000	19.542113	1.128932	
0.100000	0.281930	0.647517	90.284000	80.130000	19.646611	1.109559	
0.100000	0.264636	0.949429	90.848000	75.780000	19.906727	1.125532	
0.100000	0.274571	0.577626	90.364000	81.690000	19.835980	1.111708	
0.100000	0.267028	0.825783	90.730000	75.830000	19.595829	1.161240	
0.100000	0.265936	0.640707	90.704000	81.490000	19.575607	1.119142	
0.100000	0.270748	0.554987	90.710000	83.840000	19.744169	1.102838	
0.100000	0.269813	0.791203	90.592000	78.040000	20.243190	1.120880	
0.100000	0.275638	0.641523	90.508000	79.440000	20.062743	1.144284	
0.100000	0.262671	0.629684	90.888000	80.160000	19.461530	1.131943	
0.100000	0.270404	0.466048	90.568000	85.140000	19.415842	1.234311	
0.100000	0.273048	0.604399	90.554000	80.970000	19.619330	1.140666	
0.100000	0.261320	0.666634	90.888000	80.460000	19.951339	1.093974	
0.100000	0.268441	0.622037	90.636000	80.670000	19.803861	1.096265	
0.100000	0.257199	0.616354	91.088000	81.240000	19.303412	1.087818	
0.100000	0.270440	0.495786	90.796000	83.980000	19.447299	1.091969	
0.100000	0.273244	0.462322	90.598000	85.200000	19.690724	1.123758	
0.100000	0.262145	0.627932	90.970000	82.100000	19.764004	1.077143	
0.100000	0.268700	0.567035	90.756000	82.530000	19.929054	1.109505	
0.100000	0.253204	0.768161	91.248000	78.210000	19.300825	1.130168	
0.100000	0.267694	0.829398	90.688000	77.340000	19.607834	1.090015	
0.100000	0.267033	0.662126	90.744000	80.180000	19.940021	1.113116	
0.100000	0.261179	0.509007	90.858000	84.800000	20.122011	1.121211	
0.100000	0.266090	0.703838	90.768000	78.610000	20.191524	1.129461	
0.100000	0.251821	1.035011	91.158000	71.970000	19.403587	1.122931	
0.100000	0.265396	0.671954	90.736000	79.600000	19.467711	1.072518	
0.100000	0.265492	0.679887	90.716000	80.530000	19.902915	1.096396	
0.100000	0.264982	0.574093	90.822000	82.900000	20.093936	1.107372	
0.100000	0.265789	0.769839	90.900000	77.090000	20.101504	1.140843	
0.100000	0.252058	0.672344	91.258000	79.280000	19.476573	1.131691	
0.100000	0.259837	0.547501	90.882000	83.240000	19.683537	1.099185	
0.100000	0.263503	0.622998	90.908000	81.890000	19.867275	1.108064	
0.100000	0.260604	0.656030	90.986000	80.840000	19.702965	1.092765	
0.100000	0.266187	0.777623	90.736000	76.360000	20.040135	1.134074	
0.100000	0.251179	0.679433	91.304000	80.500000	19.407064	1.174501	
0.100000	0.258499	0.609038	90.976000	81.630000	19.565624	1.103662	
0.100000	0.264965	0.541293	90.874000	82.990000	19.659613	1.160248	
0.100000	0.259697	0.571418	90.942000	82.580000	19.971884	1.143830	
0.100000	0.267580	0.673919	90.750000	79.470000	19.657011	1.116472	
0.100000	0.252431	0.733173	91.236000	79.080000	19.401296	1.128577	
0.100000	0.253217	0.495723	91.196000	84.670000	19.481418	1.151567	
0.100000	0.262808	1.016219	90.884000	73.300000	19.580321	1.193364	
0.100000	0.256501	0.571439	91.096000	82.900000	19.851338	1.140023	
0.100000	0.264489	0.553841	90.780000	82.740000	19.816085	1.148893	
0.100000	0.247232	0.520890	91.450000	83.370000	19.784265	1.114619	
0.100000	0.256508	0.598299	91.020000	81.910000	19.576197	1.166459	
0.100000	0.264513	0.557588	90.868000	82.830000	19.982099	1.090813	
0.100000	0.257892	0.731920	90.980000	79.550000	20.093218	1.158939	
0.100000	0.260763	0.707686	91.050000	78.280000	20.182199	1.111686	
0.100000	0.253399	0.774857	91.222000	77.220000	19.353407	1.132627	
0.100000	0.260221	0.666348	90.978000	79.950000	19.698432	1.147731	
0.100000	0.261520	0.596454	90.888000	82.330000	19.871206	1.090657	
0.100000	0.250075	0.829856	91.300000	77.100000	19.915062	1.095303	
0.100000	0.263714	0.861316	91.034000	75.380000	19.769604	1.143923	
0.100000	0.254298	0.603945	91.222000	81.760000	19.715806	1.177293	
0.100000	0.256616	0.581092	91.054000	82.130000	19.637925	1.131355	
0.100000	0.257401	0.577714	91.088000	82.540000	19.960568	1.095644	
0.100000	0.252988	0.479404	91.214000	84.410000	20.170172	1.157944	
0.100000	0.249177	0.623287	91.334000	81.370000	20.231686	1.131233	
0.100000	0.244452	0.505615	91.612000	83.690000	19.570481	1.143838	
0.100000	0.252572	0.579984	91.274000	82.890000	19.577492	1.130852	
0.100000	0.256333	0.609840	91.170000	82.000000	19.788471	1.089237	
0.100000	0.253255	0.740357	91.200000	79.120000	20.080064	1.125604	
0.100000	0.257660	0.667844	91.092000	79.120000	20.074718	1.123553	
0.100000	0.246600	0.565521	91.400000	82.520000	19.453888	1.124797	
0.100000	0.249533	0.584477	91.348000	82.120000	19.207755	1.103517	
0.100000	0.260618	0.697520	91.012000	78.850000	19.870955	1.136404	
0.100000	0.245657	0.842790	91.476000	76.180000	20.041374	1.124078	
0.100000	0.252569	0.685094	91.410000	79.340000	20.146255	1.187205	
0.100000	0.239975	0.529240	91.576000	83.260000	19.444060	1.171463	
0.100000	0.254053	0.438184	91.118000	86.050000	19.739399	1.107597	
0.100000	0.254863	0.575551	91.098000	82.520000	19.788554	1.105863	
0.100000	0.248342	0.572837	91.444000	82.920000	19.866696	1.191276	
0.100000	0.257051	0.920736	91.148000	74.450000	20.088359	1.152038	
0.100000	0.246362	0.762591	91.436000	77.030000	19.554897	1.108538	
0.100000	0.256335	0.528448	91.118000	83.500000	19.574456	1.114473	
0.100000	0.249126	0.473039	91.362000	85.330000	19.679680	1.164156	
0.100000	0.249465	0.658880	91.342000	80.380000	19.825363	1.181584	
0.100000	0.256040	1.145529	91.198000	68.450000	20.260750	1.163157	
0.100000	0.243780	0.521804	91.562000	83.790000	19.561705	1.116833	
0.100000	0.255204	0.715397	91.202000	79.010000	19.562200	1.183592	
0.100000	0.255023	0.475481	91.050000	85.500000	19.858314	1.142465	
0.100000	0.248416	0.561164	91.420000	83.860000	20.069999	1.128870	
0.100000	0.249561	0.572296	91.440000	81.890000	19.928096	1.120308	
0.100000	0.239933	0.504916	91.708000	84.010000	19.690830	1.375418	
0.100000	0.254086	0.547196	91.164000	84.020000	19.837292	1.150296	
0.100000	0.259041	0.641760	91.072000	81.010000	19.927924	1.327137	
0.100000	0.245617	0.497507	91.528000	83.900000	19.836026	1.110552	
0.100000	0.252207	0.962755	91.292000	73.060000	20.204658	1.359020	
0.100000	0.244130	0.770192	91.608000	76.660000	19.950237	1.102253	
0.100000	0.251943	0.571853	91.340000	83.110000	19.558762	1.083527	
0.100000	0.254635	0.635072	91.082000	80.580000	19.750876	1.121365	
0.100000	0.247839	0.534263	91.432000	84.240000	20.278833	1.195975	
0.100000	0.253033	0.660791	91.442000	80.260000	20.558840	1.171103	
0.100000	0.243958	0.529062	91.530000	83.580000	19.615849	1.089461	
0.100000	0.249911	0.435868	91.314000	86.190000	19.796879	1.276721	
0.100000	0.248957	0.576993	91.486000	82.660000	20.151312	1.102466	
0.100000	0.241533	0.766733	91.724000	80.010000	20.148401	1.250980	
0.100000	0.252451	0.846626	91.278000	75.240000	20.349183	1.129490	
