LearningRate	TrainLoss	ValidLoss	TrainAcc.	ValidAcc.	TrainEpochTime(s)	TestEpochTime(s)	
0.100000	2.336598	1.507870	36.922000	45.080000	25.968359	1.237167	
0.100000	1.727126	1.159768	57.676000	59.320000	25.476017	1.127777	
0.100000	1.417758	1.412194	67.316000	54.950000	25.661792	1.225901	
0.100000	1.231219	0.912926	72.940000	69.310000	25.700888	1.188680	
0.100000	1.110619	0.928614	75.876000	69.800000	25.677835	1.177446	
0.100000	1.014799	0.914424	78.108000	68.970000	26.116455	1.347078	
0.100000	0.959147	1.128262	79.042000	63.780000	25.809269	1.188522	
0.100000	0.915329	0.955689	79.828000	70.180000	25.887863	1.136760	
0.100000	0.879635	1.388600	80.802000	61.820000	25.870336	1.140951	
0.100000	0.842552	1.517302	81.478000	58.010000	26.079546	1.166393	
0.100000	0.818859	0.884228	82.238000	70.760000	26.550735	1.249200	
0.100000	0.813835	0.958132	82.282000	69.230000	26.374963	1.198570	
0.100000	0.808045	1.093580	82.562000	70.000000	26.276731	1.109699	
0.100000	0.795792	1.150306	82.800000	68.450000	26.234839	1.211806	
0.100000	0.783432	0.886528	83.254000	73.160000	26.664955	1.307416	
0.100000	0.771784	0.933964	83.500000	69.780000	25.991946	1.185380	
0.100000	0.768901	0.986829	83.776000	69.670000	25.763959	1.213971	
0.100000	0.771496	1.160671	83.748000	69.810000	26.494399	1.156096	
0.100000	0.762043	1.412564	84.060000	64.210000	25.920722	1.167058	
0.100000	0.749636	0.914967	84.552000	72.300000	25.837732	1.314652	
0.100000	0.741851	0.706884	84.902000	75.660000	25.767672	1.366651	
0.100000	0.743812	1.064912	84.650000	70.540000	25.654536	1.217788	
0.100000	0.744653	0.802881	84.688000	75.350000	26.001912	1.220096	
0.100000	0.743094	1.219366	84.568000	68.750000	25.580855	1.147354	
0.100000	0.729416	0.549219	85.200000	80.900000	25.807059	1.123105	
0.100000	0.719262	0.765779	85.418000	74.560000	26.120541	1.328192	
0.100000	0.718445	0.852996	85.332000	72.830000	25.670689	1.290019	
0.100000	0.727634	0.619367	85.158000	79.050000	25.689262	1.184693	
0.100000	0.714384	1.379011	85.528000	67.830000	26.021397	1.219463	
0.100000	0.713025	0.746876	85.624000	76.170000	25.958397	1.121432	
0.100000	0.701760	1.362581	85.704000	63.910000	26.007673	1.153334	
0.100000	0.712666	0.756235	85.728000	75.600000	26.092521	1.109436	
0.100000	0.711904	0.691511	85.616000	77.600000	26.164719	1.155023	
0.100000	0.699541	1.139119	86.072000	68.140000	26.106915	1.208484	
0.100000	0.692838	0.686948	86.302000	78.340000	26.190766	1.360860	
0.100000	0.686845	0.608601	86.304000	79.120000	25.898997	1.232279	
0.100000	0.701847	0.735325	85.696000	76.450000	26.000149	1.220049	
0.100000	0.692280	0.936466	86.218000	72.400000	26.008192	1.170483	
0.100000	0.694695	0.926825	86.076000	73.410000	26.895780	1.159293	
0.100000	0.686795	0.987465	86.380000	71.300000	25.838294	1.245064	
0.100000	0.677228	0.708181	86.658000	77.920000	25.611482	1.136037	
0.100000	0.689129	0.672718	86.230000	78.270000	25.531794	1.250468	
0.100000	0.689478	1.326306	86.102000	65.670000	25.737938	1.238257	
0.100000	0.690142	0.689915	86.074000	77.760000	25.893534	1.191177	
0.100000	0.679697	0.752398	86.514000	76.510000	25.617788	1.287150	
0.100000	0.677554	0.716286	86.552000	75.580000	25.509657	1.174461	
0.100000	0.681845	0.717927	86.432000	78.310000	25.441669	1.420193	
0.100000	0.680444	0.654608	86.526000	78.880000	25.812206	1.208216	
0.100000	0.678248	0.595210	86.400000	81.520000	25.685964	1.193645	
0.100000	0.674910	0.807300	86.646000	74.730000	25.769276	1.279675	
0.100000	0.670020	0.866338	86.700000	73.030000	26.036339	1.461722	
0.100000	0.682489	0.750172	86.310000	76.220000	25.604992	1.139022	
0.100000	0.682919	0.554400	86.202000	81.480000	25.660700	1.280823	
0.100000	0.676220	0.911096	86.664000	73.330000	25.792976	1.283183	
0.100000	0.668740	0.883056	86.872000	73.990000	25.589719	1.204041	
0.100000	0.661819	0.906104	86.966000	72.200000	25.315407	1.227577	
0.100000	0.673776	1.118622	86.652000	67.990000	25.309433	1.135575	
0.100000	0.675134	0.634316	86.510000	79.730000	25.216741	1.224284	
0.100000	0.673854	0.784415	86.636000	76.510000	24.957365	1.223499	
0.100000	0.665720	0.898924	86.952000	72.070000	25.484865	1.219277	
0.100000	0.660032	0.736045	87.044000	75.710000	23.961788	1.180226	
0.100000	0.673592	1.199602	86.498000	66.740000	24.198734	1.128536	
0.100000	0.673647	0.630249	86.604000	79.550000	23.617087	1.193074	
0.100000	0.664609	0.965674	86.848000	73.060000	23.817579	1.272747	
0.100000	0.659612	0.619807	87.042000	79.970000	24.453639	1.214926	
0.100000	0.655739	0.836008	87.014000	73.610000	24.280078	1.168523	
0.100000	0.665710	0.980412	86.688000	69.900000	24.264046	1.131821	
0.100000	0.661644	1.152681	87.014000	69.970000	24.904020	1.124260	
0.100000	0.666841	3.070404	86.624000	50.110000	24.476682	1.035088	
0.100000	0.661585	0.970296	86.880000	71.290000	24.323001	1.222317	
0.100000	0.655964	0.885531	87.026000	70.580000	24.366677	1.187543	
0.100000	0.663491	0.767042	86.888000	74.840000	24.022995	1.110461	
0.100000	0.659430	0.693450	86.966000	78.870000	23.863420	1.144478	
0.100000	0.664003	0.733798	86.752000	77.510000	24.039292	1.108811	
0.100000	0.653765	0.651261	87.164000	79.190000	23.990725	1.098768	
0.100000	0.649139	0.883310	87.328000	75.010000	24.085614	1.139131	
0.100000	0.660861	0.749564	86.886000	76.080000	24.274979	1.182042	
0.100000	0.665825	0.643374	86.604000	79.370000	24.384804	1.152853	
0.100000	0.655489	1.271510	87.088000	66.900000	24.286008	1.076985	
0.100000	0.651174	0.893678	87.042000	74.220000	24.192914	1.101300	
0.100000	0.648236	0.947274	87.218000	71.150000	24.054868	1.054018	
0.100000	0.656981	1.013105	86.986000	72.110000	23.657428	1.208316	
0.100000	0.658852	0.654696	86.938000	79.280000	24.024060	1.125988	
0.100000	0.651069	0.666966	87.214000	79.050000	24.637785	1.142008	
0.100000	0.653042	1.170905	87.116000	68.120000	24.319090	1.256217	
0.100000	0.647517	1.088536	87.318000	67.570000	24.222979	1.192027	
0.100000	0.657007	0.914319	87.060000	73.770000	24.310763	1.022259	
0.100000	0.657074	0.955973	87.028000	73.890000	24.223508	1.117936	
0.100000	0.654052	0.746944	87.040000	76.630000	23.946377	1.144334	
0.100000	0.644701	1.110685	87.442000	71.890000	23.994637	1.191545	
0.100000	0.645810	0.787246	87.158000	75.230000	24.495010	1.241805	
0.100000	0.654045	0.762273	86.950000	76.620000	24.097326	1.040608	
0.010000	0.525368	0.299891	91.424000	89.920000	23.965179	1.044499	
0.010000	0.467691	0.286367	93.400000	90.440000	24.053020	1.088784	
0.010000	0.438429	0.275645	94.114000	90.600000	24.285877	1.144600	
0.010000	0.410744	0.273602	94.976000	90.750000	24.545872	1.187733	
0.010000	0.380998	0.285502	95.912000	90.790000	24.489348	1.141985	
0.010000	0.393446	0.293110	95.234000	90.520000	24.453856	1.177258	
0.010000	0.376902	0.298357	95.596000	90.700000	24.361972	1.066379	
0.010000	0.361222	0.286339	96.014000	90.870000	24.439637	1.100711	
0.010000	0.338391	0.289049	96.802000	90.850000	24.803386	1.133327	
0.010000	0.321475	0.295956	97.254000	90.850000	24.234518	1.212117	
0.010000	0.329800	0.325041	96.782000	90.450000	24.230624	1.209798	
0.010000	0.319790	0.330826	96.972000	90.230000	24.046113	1.206752	
0.010000	0.307008	0.323023	97.226000	90.390000	24.112974	1.166570	
0.010000	0.288670	0.343907	97.894000	90.200000	24.312387	1.104517	
0.010000	0.278349	0.329806	98.108000	90.500000	24.113048	1.135628	
0.010000	0.282842	0.376146	97.822000	89.630000	24.010712	1.244836	
0.010000	0.277878	0.382082	97.760000	89.530000	25.063684	1.211126	
0.010000	0.272317	0.362890	97.916000	90.200000	24.067381	1.072810	
0.010000	0.256453	0.391013	98.362000	89.270000	23.897308	1.087750	
0.010000	0.256557	0.360710	98.148000	90.120000	23.828902	1.154212	
0.010000	0.267055	0.399064	97.542000	89.070000	24.062912	1.219757	
0.010000	0.269941	0.430468	97.450000	88.940000	23.993798	1.161512	
0.010000	0.268903	0.394207	97.438000	89.390000	23.860248	1.317682	
0.010000	0.255799	0.489449	97.774000	87.740000	23.568797	1.033250	
0.010000	0.262018	0.377785	97.462000	90.010000	23.572041	1.134892	
0.010000	0.269572	0.401088	97.160000	89.330000	23.499949	1.106566	
0.010000	0.274451	0.487963	96.898000	87.930000	23.479832	1.095890	
0.010000	0.268013	0.423942	97.040000	88.570000	24.006598	1.139350	
0.010000	0.262170	0.434477	97.232000	88.480000	23.800012	1.259301	
0.010000	0.259602	0.380002	97.282000	89.590000	23.823591	1.007468	
0.010000	0.267401	0.498380	96.956000	87.420000	24.082039	1.093927	
0.010000	0.270037	0.424807	96.860000	88.760000	23.855461	1.212141	
0.010000	0.266559	0.458930	96.956000	87.920000	23.863958	1.051581	
0.010000	0.258030	0.439286	97.184000	88.390000	23.625486	1.142005	
0.010000	0.258771	0.394097	97.188000	89.510000	23.742163	1.077130	
0.010000	0.270561	0.439417	96.674000	88.320000	23.794655	1.029525	
0.010000	0.272515	0.466869	96.658000	87.990000	23.463568	1.052122	
0.010000	0.267222	0.404997	96.840000	88.870000	23.761554	1.111256	
0.010000	0.254789	0.433149	97.288000	88.260000	23.494591	1.127380	
0.010000	0.256268	0.431940	97.216000	88.340000	23.362290	1.074818	
0.010000	0.267177	0.520434	96.754000	86.890000	23.475611	1.187689	
0.010000	0.264720	0.448062	96.882000	88.410000	23.466068	1.072125	
0.010000	0.267772	0.418263	96.796000	88.600000	23.677285	0.980222	
0.010000	0.255901	0.432832	97.188000	88.550000	23.761421	1.079098	
0.010000	0.258754	0.463096	97.072000	88.040000	23.515402	1.213973	
0.010000	0.264855	0.477840	96.884000	87.710000	23.792617	1.052323	
0.010000	0.265671	0.422059	96.778000	88.930000	23.722554	1.036065	
0.010000	0.265777	0.462408	96.778000	87.580000	23.884660	1.154683	
0.010000	0.254147	0.467242	97.152000	87.610000	23.757313	1.034304	
0.010000	0.260226	0.459232	96.950000	87.570000	23.761065	1.240764	
0.010000	0.267139	0.461568	96.720000	87.870000	23.881305	1.150703	
0.010000	0.270081	0.516573	96.530000	86.700000	23.865044	1.144383	
0.010000	0.262921	0.394037	96.898000	89.160000	24.239850	1.127431	
0.010000	0.254671	0.494253	97.166000	87.540000	23.582603	1.035907	
0.010000	0.263139	0.446607	96.830000	88.110000	23.410202	1.139257	
0.010000	0.262512	0.542910	96.890000	86.120000	23.609440	1.406343	
0.010000	0.270748	0.470860	96.520000	87.740000	23.937361	1.062055	
0.001000	0.236211	0.332480	97.952000	90.850000	23.643901	1.011444	
0.001000	0.214058	0.326309	98.810000	90.970000	23.630175	1.069819	
0.001000	0.203958	0.334295	99.104000	90.940000	23.629172	1.186366	
0.001000	0.196996	0.326899	99.386000	91.260000	23.404167	1.006517	
0.001000	0.187305	0.329690	99.704000	91.290000	23.553284	1.038331	
0.001000	0.194652	0.332114	99.498000	91.210000	23.882634	1.080017	
0.001000	0.189864	0.328763	99.678000	91.320000	23.589318	1.145864	
0.001000	0.186501	0.337655	99.774000	91.060000	23.550163	1.224245	
0.001000	0.183760	0.332111	99.848000	91.330000	23.513412	1.035562	
0.001000	0.179220	0.334796	99.936000	91.380000	23.655636	1.013533	
0.001000	0.184432	0.337512	99.826000	91.270000	23.840949	1.070744	
0.001000	0.181430	0.334292	99.888000	91.370000	23.678951	1.071107	
0.001000	0.179131	0.341079	99.930000	91.050000	23.663689	1.143695	
0.001000	0.177519	0.336364	99.944000	91.320000	23.695762	1.142339	
0.001000	0.174711	0.339177	99.978000	91.400000	23.786280	1.002401	
0.001000	0.178387	0.341871	99.914000	91.290000	23.714108	1.047953	
0.001000	0.176157	0.338773	99.968000	91.380000	23.491211	1.124252	
0.001000	0.174441	0.344561	99.966000	91.200000	23.510904	1.118394	
0.001000	0.173250	0.340255	99.980000	91.360000	23.783009	1.289494	
0.001000	0.171259	0.343118	99.986000	91.330000	23.403626	1.061721	
0.001000	0.173987	0.345171	99.946000	91.280000	24.209165	1.061156	
0.001000	0.172173	0.342296	99.984000	91.420000	23.457907	1.050097	
0.001000	0.170815	0.347689	99.982000	91.220000	23.211447	1.172932	
0.001000	0.169825	0.343610	99.992000	91.410000	23.382616	1.164927	
0.001000	0.168270	0.346310	99.994000	91.390000	23.560195	1.095906	
0.001000	0.170393	0.347916	99.968000	91.290000	23.863839	1.116750	
0.001000	0.168843	0.345351	99.990000	91.400000	23.570458	1.095478	
0.001000	0.167711	0.350261	99.988000	91.230000	23.728649	1.091331	
0.001000	0.166839	0.346594	99.996000	91.390000	23.825576	1.116118	
0.001000	0.165545	0.349051	99.996000	91.410000	23.718236	1.094509	
0.001000	0.167252	0.350470	99.976000	91.330000	24.073812	1.094757	
