
  10  ;  4  ;  2  ;  3  ;  1
2233.479s  

Gradient overflow.  Skipping step, loss scaler 0 reducing loss scale to 32768.0

  20  ;  4  ;  2  ;  3  ;  1
1132.162s  

  30  ;  4  ;  2  ;  3  ;  1
758.621s  

  40  ;  4  ;  2  ;  3  ;  1
579.127s  

  50  ;  4  ;  2  ;  3  ;  1
468.388s  

  60  ;  4  ;  2  ;  3  ;  1
395.237s  

  70  ;  4  ;  2  ;  3  ;  1
343.507s  

  80  ;  4  ;  2  ;  3  ;  1
302.945s  

  90  ;  4  ;  2  ;  3  ;  1
276.397s  

  100  ;  4  ;  2  ;  3  ;  1
246.339s  

  110  ;  4  ;  2  ;  3  ;  1
228.462s  

  120  ;  4  ;  2  ;  3  ;  1
208.682s  

  130  ;  4  ;  2  ;  3  ;  1
194.884s  

  140  ;  4  ;  2  ;  3  ;  1
180.577s  

  150  ;  4  ;  2  ;  3  ;  1
172.639s  

  160  ;  4  ;  2  ;  3  ;  1
158.727s  

  170  ;  4  ;  2  ;  3  ;  1
154.881s  

  180  ;  4  ;  2  ;  3  ;  1
147.214s  

  190  ;  4  ;  2  ;  3  ;  1
137.262s  

  200  ;  4  ;  2  ;  3  ;  1
134.835s  

  210  ;  4  ;  2  ;  3  ;  1
129.731s  

  220  ;  4  ;  2  ;  3  ;  1
121.096s  

  230  ;  4  ;  2  ;  3  ;  1
120.628s  

  240  ;  4  ;  2  ;  3  ;  1
116.782s  

  250  ;  4  ;  2  ;  3  ;  1
109.409s  

  260  ;  4  ;  2  ;  3  ;  1
109.521s  

  270  ;  4  ;  2  ;  3  ;  1
105.497s  

  280  ;  4  ;  2  ;  3  ;  1
103.184s  

  290  ;  4  ;  2  ;  3  ;  1
97.736s  

  300  ;  4  ;  2  ;  3  ;  1
97.982s  

  310  ;  4  ;  2  ;  3  ;  1
95.634s  

  320  ;  4  ;  2  ;  3  ;  1
93.722s  

  330  ;  4  ;  2  ;  3  ;  1
89.237s  

  340  ;  4  ;  2  ;  3  ;  1
89.221s  

  350  ;  4  ;  2  ;  3  ;  1
87.520s  

  360  ;  4  ;  2  ;  3  ;  1
85.302s  

  370  ;  4  ;  2  ;  3  ;  1
83.915s  

  380  ;  4  ;  2  ;  3  ;  1
81.137s  

  390  ;  4  ;  2  ;  3  ;  1
82.499s  

  400  ;  4  ;  2  ;  3  ;  1
80.667s  

  410  ;  4  ;  2  ;  3  ;  1
79.900s  

  420  ;  4  ;  2  ;  3  ;  1
80.083s  

  430  ;  4  ;  2  ;  3  ;  1
76.745s  

  440  ;  4  ;  2  ;  3  ;  1
78.008s  

  450  ;  4  ;  2  ;  3  ;  1
76.626s  

  460  ;  4  ;  2  ;  3  ;  1
75.504s  

  470  ;  4  ;  2  ;  3  ;  1
75.113s  

  480  ;  4  ;  2  ;  3  ;  1
73.483s  

  490  ;  4  ;  2  ;  3  ;  1
75.031s  

  500  ;  4  ;  2  ;  3  ;  1
73.781s  

  510  ;  4  ;  2  ;  3  ;  1
73.210s  

  520  ;  4  ;  2  ;  3  ;  1
72.910s  

  530  ;  4  ;  2  ;  3  ;  1
71.542s  

  540  ;  4  ;  2  ;  3  ;  1
71.264s  

  550  ;  4  ;  2  ;  3  ;  1
70.796s  

  560  ;  4  ;  2  ;  3  ;  1
70.496s  

  570  ;  4  ;  2  ;  3  ;  1
70.006s  

  580  ;  4  ;  2  ;  3  ;  1
69.372s  

  590  ;  4  ;  2  ;  3  ;  1
69.388s  

  600  ;  4  ;  2  ;  3  ;  1
68.779s  

  610  ;  4  ;  2  ;  3  ;  1
67.775s  

  620  ;  4  ;  2  ;  3  ;  1
67.447s  

  630  ;  4  ;  2  ;  3  ;  1
67.010s  

  640  ;  4  ;  2  ;  3  ;  1
66.305s  

  650  ;  4  ;  2  ;  3  ;  1
66.621s  

  660  ;  4  ;  2  ;  3  ;  1
65.754s  

  670  ;  4  ;  2  ;  3  ;  1
65.518s  

  680  ;  4  ;  2  ;  3  ;  1
65.394s  

  690  ;  4  ;  2  ;  3  ;  1
64.846s  

  700  ;  4  ;  2  ;  3  ;  1
64.590s  

  710  ;  4  ;  2  ;  3  ;  1
64.274s  

  720  ;  4  ;  2  ;  3  ;  1
64.300s  

  730  ;  4  ;  2  ;  3  ;  1
63.549s  

  740  ;  4  ;  2  ;  3  ;  1
63.531s  

  750  ;  4  ;  2  ;  3  ;  1
63.153s  

  760  ;  4  ;  2  ;  3  ;  1
62.556s  

  770  ;  4  ;  2  ;  3  ;  1
62.701s  

  780  ;  4  ;  2  ;  3  ;  1
62.824s  

  790  ;  4  ;  2  ;  3  ;  1
62.261s  

  800  ;  4  ;  2  ;  3  ;  1
61.877s  

  810  ;  4  ;  2  ;  3  ;  1
61.646s  

  820  ;  4  ;  2  ;  3  ;  1
61.250s  

  830  ;  4  ;  2  ;  3  ;  1
50.169s  

  840  ;  4  ;  2  ;  3  ;  1
49.699s  

  850  ;  4  ;  2  ;  3  ;  1
49.372s  

  860  ;  4  ;  2  ;  3  ;  1
49.441s  

  870  ;  4  ;  2  ;  3  ;  1
48.976s  

  880  ;  4  ;  2  ;  3  ;  1
48.521s  

  890  ;  4  ;  2  ;  3  ;  1
48.369s  

  900  ;  4  ;  2  ;  3  ;  1
47.859s  

  910  ;  4  ;  2  ;  3  ;  1
47.619s  

  920  ;  4  ;  2  ;  3  ;  1
47.780s  

  930  ;  4  ;  2  ;  3  ;  1
47.399s  

  940  ;  4  ;  2  ;  3  ;  1
47.432s  

  950  ;  4  ;  2  ;  3  ;  1
46.966s  

  960  ;  4  ;  2  ;  3  ;  1
47.158s  

  970  ;  4  ;  2  ;  3  ;  1
46.527s  

  980  ;  4  ;  2  ;  3  ;  1
46.327s  

  990  ;  4  ;  2  ;  3  ;  1
45.841s  

  1000  ;  4  ;  2  ;  3  ;  1
45.553s  

  1010  ;  4  ;  2  ;  3  ;  1
45.766s  

  1020  ;  4  ;  2  ;  3  ;  1
45.837s  

  1030  ;  4  ;  2  ;  3  ;  1
45.653s  

  1040  ;  4  ;  2  ;  3  ;  1
45.619s  

  1050  ;  4  ;  2  ;  3  ;  1
45.485s  

  1060  ;  4  ;  2  ;  3  ;  1
45.619s  

  1070  ;  4  ;  2  ;  3  ;  1
45.102s  

  1080  ;  4  ;  2  ;  3  ;  1
44.764s  

  1090  ;  4  ;  2  ;  3  ;  1
44.381s  

  1100  ;  4  ;  2  ;  3  ;  1
44.630s  

  1110  ;  4  ;  2  ;  3  ;  1
44.585s  

  1120  ;  4  ;  2  ;  3  ;  1
44.610s  

  1130  ;  4  ;  2  ;  3  ;  1
44.565s  

  1140  ;  4  ;  2  ;  3  ;  1
44.331s  

  1150  ;  4  ;  2  ;  3  ;  1
44.281s  

  1160  ;  4  ;  2  ;  3  ;  1
44.357s  

  1170  ;  4  ;  2  ;  3  ;  1
43.940s  

  1180  ;  4  ;  2  ;  3  ;  1
43.910s  

  1190  ;  4  ;  2  ;  3  ;  1
43.982s  

  1200  ;  4  ;  2  ;  3  ;  1
43.919s  

  1210  ;  4  ;  2  ;  3  ;  1
43.572s  

  1220  ;  4  ;  2  ;  3  ;  1
43.191s  

  1230  ;  4  ;  2  ;  3  ;  1
43.530s  

  1240  ;  4  ;  2  ;  3  ;  1
43.319s  

  1250  ;  4  ;  2  ;  3  ;  1
42.915s  

  1260  ;  4  ;  2  ;  3  ;  1
42.921s  

  1270  ;  4  ;  2  ;  3  ;  1
42.893s  

  1280  ;  4  ;  2  ;  3  ;  1
43.014s  

  1290  ;  4  ;  2  ;  3  ;  1
42.448s  

  1300  ;  4  ;  2  ;  3  ;  1
42.426s  

  1310  ;  4  ;  2  ;  3  ;  1
42.444s  

  1320  ;  4  ;  2  ;  3  ;  1
42.039s  

  1330  ;  4  ;  2  ;  3  ;  1
42.294s  

  1340  ;  4  ;  2  ;  3  ;  1
42.077s  

  1350  ;  4  ;  2  ;  3  ;  1
42.066s  
