LearningRate	TrainLoss	ValidLoss	TrainAcc.	ValidAcc.	TrainEpochTime(s)	TestEpochTime(s)	
0.100000	2.510301	1.560069	34.224000	43.380000	26.060051	1.086096	
0.100000	1.913994	1.648016	54.506000	47.750000	25.108098	1.109101	
0.100000	1.541012	1.027136	65.726000	63.870000	25.691652	1.077921	
0.100000	1.306102	1.148934	72.382000	61.430000	26.008868	1.091422	
0.100000	1.162880	0.964544	75.906000	68.440000	26.256764	1.073682	
0.100000	1.068000	0.921081	77.572000	69.570000	25.392805	1.123834	
0.100000	1.010313	1.213253	78.870000	63.040000	25.861159	1.132617	
0.100000	0.950390	1.264564	79.972000	61.090000	25.913425	1.087692	
0.100000	0.919958	0.803077	80.554000	73.170000	26.028109	1.138499	
0.100000	0.889768	0.897178	81.486000	70.910000	25.794065	1.126870	
0.100000	0.871768	1.362683	81.720000	62.210000	25.905538	1.108465	
0.100000	0.868837	1.211524	81.878000	61.720000	26.287108	1.106772	
0.100000	0.857873	0.570290	82.174000	80.590000	25.491842	1.089587	
0.100000	0.850108	0.853922	82.234000	74.320000	26.313582	1.094346	
0.100000	0.841768	0.829419	82.744000	73.480000	26.434447	1.143702	
0.100000	0.832998	0.844964	82.994000	72.250000	26.741087	1.136278	
0.100000	0.832954	0.588440	83.168000	80.510000	26.190725	1.110985	
0.100000	0.832259	0.857437	83.042000	70.970000	26.388155	1.133445	
0.100000	0.817045	0.809612	83.558000	75.020000	26.686758	1.186283	
0.100000	0.819978	0.636889	83.414000	79.060000	26.000100	1.082627	
0.100000	0.801912	0.765369	83.938000	74.920000	25.146005	1.109403	
0.100000	0.807541	1.235425	83.940000	66.260000	25.586526	1.082463	
0.100000	0.802500	1.121479	83.994000	67.330000	26.062310	1.106927	
0.100000	0.802367	0.771764	83.982000	74.880000	25.346889	1.099892	
0.100000	0.805326	0.602766	83.996000	80.250000	26.014903	1.086317	
0.100000	0.777318	0.554314	84.766000	81.630000	25.659575	1.113205	
0.100000	0.789666	0.827269	84.102000	73.380000	25.949146	1.114728	
0.100000	0.790340	0.811821	84.474000	74.660000	25.814505	1.095810	
0.100000	0.782893	0.882848	84.678000	72.420000	25.977359	1.078477	
0.100000	0.775991	0.641205	84.694000	78.450000	25.908630	1.121280	
0.100000	0.772297	1.091269	84.724000	69.350000	25.691592	1.085475	
0.100000	0.781690	0.731055	84.350000	75.740000	25.716140	1.074530	
0.100000	0.774924	0.761255	84.748000	76.850000	25.896477	1.085093	
0.100000	0.772867	0.674478	84.822000	77.690000	25.603768	1.073191	
0.100000	0.760792	1.012677	85.278000	68.790000	25.948336	1.094114	
0.100000	0.761086	0.609409	85.054000	79.560000	25.382851	1.086648	
0.100000	0.769155	0.677311	84.928000	78.060000	25.578950	1.080635	
0.100000	0.762091	0.612219	85.080000	79.700000	25.883112	1.084999	
0.100000	0.765065	0.595703	84.974000	80.320000	25.693699	1.071900	
0.100000	0.766583	0.722160	84.994000	75.890000	25.905409	1.093258	
0.100000	0.755739	0.674553	85.282000	77.990000	25.371727	1.082680	
0.100000	0.757276	0.531767	85.036000	81.930000	25.208545	1.071062	
0.100000	0.759637	0.630446	85.036000	78.720000	25.518428	1.079324	
0.100000	0.759979	0.725821	85.252000	76.610000	25.719809	1.064470	
0.100000	0.746818	0.672307	85.458000	78.820000	25.965833	1.086147	
0.100000	0.741086	0.766455	85.604000	75.540000	24.276303	1.064276	
0.100000	0.750317	0.614254	85.368000	79.380000	24.347812	1.043573	
0.100000	0.754421	0.908567	85.088000	70.820000	24.481457	1.011259	
0.100000	0.743906	0.898064	85.562000	71.970000	24.283896	1.045068	
0.100000	0.743627	0.706890	85.544000	78.020000	24.536389	1.052067	
0.100000	0.735360	0.530343	85.776000	82.070000	24.214291	1.011188	
0.100000	0.747983	0.625527	85.390000	78.950000	24.318334	1.020432	
0.100000	0.740728	0.945843	85.742000	70.430000	24.380514	1.023401	
0.100000	0.745177	0.549836	85.524000	81.570000	24.568903	0.999765	
0.100000	0.740113	0.761490	85.606000	75.460000	24.470008	1.018323	
0.100000	0.738872	0.640429	85.696000	79.910000	24.049066	1.030449	
0.100000	0.737097	0.850536	85.590000	74.430000	24.024251	1.000025	
0.100000	0.750700	0.591755	85.236000	80.240000	23.507688	1.021550	
0.100000	0.735518	0.651085	85.812000	79.260000	23.687462	1.010520	
0.100000	0.736699	0.627190	85.530000	79.360000	23.933393	1.006395	
0.100000	0.725842	0.789254	86.166000	76.430000	22.726169	0.951355	
0.100000	0.739375	0.708047	85.444000	76.800000	22.919730	0.974620	
0.100000	0.735606	0.637538	85.740000	78.360000	22.793758	0.965202	
0.100000	0.736260	0.738223	85.592000	75.870000	23.120697	0.949361	
0.100000	0.733066	0.933154	85.822000	72.650000	23.163797	1.022251	
0.100000	0.722180	0.718917	86.016000	76.660000	21.895993	0.950446	
0.100000	0.731317	0.558145	85.752000	81.900000	22.653574	0.930494	
0.100000	0.730849	0.897656	85.792000	73.140000	22.524286	0.957710	
0.100000	0.728689	0.733538	85.796000	76.850000	22.638047	0.933897	
0.100000	0.728874	0.566682	85.772000	80.900000	22.060289	0.955629	
0.100000	0.723269	0.639287	86.128000	78.980000	21.936385	0.949702	
0.100000	0.728129	0.680244	85.968000	78.460000	22.237296	0.948809	
0.100000	0.726337	0.597849	85.968000	80.440000	22.445095	0.971559	
0.100000	0.729878	0.494355	85.812000	83.590000	22.532031	0.962666	
0.100000	0.728622	0.554040	85.958000	81.660000	22.642110	0.955872	
0.100000	0.713272	0.655709	86.244000	79.490000	22.787607	0.955268	
0.100000	0.728519	0.729070	85.744000	77.220000	22.540955	0.971325	
0.100000	0.728846	0.742590	85.616000	77.500000	23.008274	0.950252	
0.100000	0.721473	0.521533	85.930000	82.900000	22.424923	0.935877	
0.100000	0.723103	0.636447	85.784000	78.820000	22.699144	0.932908	
0.100000	0.711554	0.803310	86.208000	75.140000	22.338061	0.987037	
0.100000	0.723839	0.853465	85.894000	72.280000	22.554083	0.953761	
0.100000	0.720179	0.574176	85.976000	81.160000	22.901452	1.002439	
0.100000	0.723125	0.633254	85.840000	79.180000	22.162236	0.961953	
0.100000	0.711736	0.808465	86.142000	75.690000	22.982754	0.958372	
0.100000	0.710851	0.641714	86.198000	80.240000	22.885921	0.953044	
0.100000	0.718378	1.039496	86.056000	70.430000	22.847901	0.979508	
0.100000	0.725956	0.684634	85.782000	77.930000	22.603855	0.952292	
0.100000	0.707038	0.779894	86.462000	75.400000	22.744488	0.971439	
0.100000	0.711741	0.548791	86.134000	82.410000	22.701323	0.932981	
0.100000	0.706673	0.656341	86.250000	78.510000	22.396463	0.966560	
0.100000	0.722060	0.699139	86.032000	78.470000	22.615338	0.966064	
0.010000	0.570743	0.288460	91.014000	89.980000	22.658407	1.005590	
0.010000	0.516098	0.278869	92.614000	90.380000	22.503525	1.007416	
0.010000	0.492915	0.274726	93.220000	90.570000	22.796825	0.948802	
0.010000	0.472094	0.273979	93.626000	90.910000	22.824100	0.950088	
0.010000	0.459193	0.271929	94.008000	90.870000	22.631209	0.947269	
0.010000	0.446679	0.276353	94.134000	90.890000	22.736623	0.957604	
0.010000	0.436004	0.281685	94.332000	90.830000	22.499653	0.959600	
0.010000	0.424351	0.284274	94.516000	90.580000	22.895718	0.926223	
0.010000	0.410163	0.278191	94.874000	91.010000	22.558899	0.974079	
0.010000	0.403896	0.273472	94.988000	90.710000	22.127485	0.972056	
0.010000	0.395199	0.280520	95.114000	91.100000	23.053928	0.993631	
0.010000	0.388474	0.306801	95.206000	90.140000	22.680045	0.980210	
0.010000	0.380890	0.272632	95.172000	91.340000	22.894908	0.970642	
0.010000	0.370396	0.283974	95.488000	91.070000	22.418565	0.991803	
0.010000	0.368925	0.299616	95.404000	90.720000	22.473469	0.942368	
0.010000	0.361981	0.306861	95.490000	90.530000	22.643907	0.933871	
0.010000	0.356562	0.309632	95.538000	90.610000	22.657340	0.950215	
0.010000	0.352030	0.296594	95.528000	90.870000	22.609432	0.954854	
0.010000	0.353402	0.327414	95.258000	89.830000	22.837383	0.932988	
0.010000	0.351808	0.313145	95.300000	90.070000	22.775901	0.982095	
0.010000	0.349401	0.329487	95.384000	90.140000	22.894609	0.951923	
0.010000	0.343995	0.328405	95.332000	90.310000	22.893650	0.969218	
0.010000	0.343174	0.322156	95.430000	90.160000	22.730295	0.947719	
0.010000	0.338616	0.345399	95.500000	89.160000	22.126120	0.953135	
0.010000	0.336091	0.342283	95.474000	89.600000	22.697873	0.973716	
0.010000	0.339273	0.323537	95.362000	90.200000	22.567759	0.946465	
0.010000	0.337405	0.351410	95.384000	89.120000	22.429296	0.965664	
0.010000	0.333620	0.341458	95.404000	89.840000	23.130638	0.933748	
0.010000	0.329744	0.319153	95.564000	90.260000	21.923127	0.958174	
0.010000	0.332123	0.318756	95.340000	90.590000	22.156166	0.970124	
0.010000	0.334425	0.371184	95.272000	89.200000	22.169178	0.946360	
0.010000	0.338315	0.339493	95.088000	89.470000	22.488486	0.963184	
0.010000	0.338057	0.364408	95.126000	88.740000	22.043581	0.942495	
0.010000	0.329535	0.372456	95.304000	88.790000	22.385870	0.964151	
0.010000	0.334540	0.335360	95.064000	89.640000	22.858307	0.939167	
0.010000	0.332157	0.353627	95.234000	89.490000	22.613097	0.971711	
0.010000	0.335028	0.325058	94.986000	90.030000	22.708198	0.966192	
0.010000	0.332978	0.368829	95.074000	88.800000	22.715611	0.992105	
0.010000	0.327312	0.396024	95.346000	88.470000	22.717610	0.977798	
0.010000	0.338324	0.333697	94.816000	89.740000	22.806166	0.954018	
0.010000	0.331757	0.433219	95.186000	87.630000	22.596270	0.942367	
0.010000	0.337007	0.348974	94.930000	89.010000	22.828142	0.941835	
0.010000	0.331746	0.357472	95.128000	88.930000	22.704231	0.933673	
0.010000	0.328836	0.355658	95.226000	88.900000	22.518913	0.956241	
0.010000	0.326875	0.351728	95.336000	89.330000	22.726003	0.950306	
0.010000	0.331185	0.359242	95.104000	89.190000	22.740385	0.983590	
0.010000	0.332050	0.385422	95.034000	88.600000	22.212930	0.961264	
0.010000	0.332350	0.409619	95.046000	87.990000	22.286471	0.973186	
0.010000	0.327154	0.357065	95.366000	89.250000	22.651378	0.954364	
0.010000	0.330577	0.357875	95.176000	89.340000	23.315946	0.958605	
0.010000	0.333677	0.382225	94.946000	88.390000	22.603547	0.964375	
0.010000	0.333249	0.388415	94.978000	88.170000	22.820549	0.984140	
0.010000	0.330425	0.350282	95.106000	89.330000	21.955902	0.939003	
0.010000	0.323841	0.357384	95.380000	89.120000	22.432838	0.989688	
0.010000	0.329857	0.341749	95.118000	90.040000	22.791880	0.954297	
0.010000	0.331020	0.374574	95.168000	88.880000	22.914712	0.975570	
0.010000	0.335170	0.369760	95.044000	88.700000	22.342836	0.971131	
0.001000	0.284667	0.263221	96.914000	91.840000	22.741528	0.930532	
0.001000	0.264282	0.260760	97.598000	92.010000	23.091080	0.980793	
0.001000	0.250988	0.261556	98.160000	92.200000	23.193757	0.965438	
0.001000	0.247549	0.260885	98.218000	92.210000	23.293783	0.998335	
0.001000	0.242782	0.261153	98.372000	92.330000	23.092085	0.937188	
0.001000	0.238424	0.263066	98.410000	92.320000	23.109419	0.949487	
0.001000	0.234798	0.263250	98.602000	92.380000	21.938191	0.948844	
0.001000	0.233504	0.267585	98.624000	92.260000	22.403486	0.958137	
0.001000	0.229382	0.267716	98.754000	92.370000	22.623054	0.945506	
0.001000	0.229369	0.267328	98.642000	92.410000	22.404663	0.980985	
0.001000	0.227373	0.271522	98.742000	92.350000	22.868227	0.935758	
0.001000	0.223252	0.271930	98.896000	92.340000	23.347051	0.966117	
0.001000	0.223472	0.267640	98.856000	92.390000	22.846908	0.957387	
0.001000	0.221146	0.270234	98.926000	92.400000	23.204068	0.954333	
0.001000	0.218103	0.272606	98.998000	92.400000	22.714004	0.983524	
0.001000	0.217387	0.275751	99.024000	92.430000	22.922488	0.960928	
0.001000	0.216173	0.274711	99.042000	92.380000	22.825262	0.987990	
0.001000	0.214134	0.276201	99.096000	92.320000	22.873752	0.970662	
0.001000	0.213806	0.277391	99.086000	92.460000	22.670957	0.970326	
0.001000	0.212191	0.279975	99.068000	92.310000	22.575087	0.933880	
0.001000	0.211372	0.280338	99.146000	92.330000	23.046859	0.939528	
0.001000	0.209964	0.283147	99.140000	92.240000	22.766284	0.952224	
0.001000	0.208384	0.282012	99.236000	92.460000	22.701888	0.953424	
0.001000	0.207568	0.282045	99.168000	92.290000	22.137276	0.925015	
0.001000	0.206940	0.285308	99.256000	92.260000	22.708427	0.980239	
0.001000	0.206563	0.289269	99.164000	92.310000	22.956325	0.966532	
0.001000	0.205312	0.287484	99.204000	92.240000	22.433011	0.978322	
0.001000	0.203354	0.289669	99.276000	92.370000	23.101903	0.948562	
0.001000	0.202628	0.286788	99.266000	92.210000	22.848345	0.947675	
0.001000	0.201032	0.288129	99.308000	92.320000	22.481376	0.932965	
0.001000	0.200730	0.291425	99.320000	92.010000	22.826404	1.000774	
