LearningRate	TrainLoss	ValidLoss	TrainAcc.	ValidAcc.	TrainEpochTime(s)	TestEpochTime(s)	
0.100000	1.688931	2.546994	37.108000	31.900000	19.568239	1.101508	
0.100000	1.166054	1.695176	57.718000	49.600000	19.505329	1.094428	
0.100000	0.909699	1.179664	67.894000	62.300000	19.634309	1.119597	
0.100000	0.773547	0.931321	72.928000	67.910000	19.316859	1.105595	
0.100000	0.676033	0.742959	76.474000	75.270000	19.549179	1.085617	
0.100000	0.613746	0.844747	78.588000	71.190000	19.573840	1.099073	
0.100000	0.580912	1.094125	80.010000	65.140000	19.490816	1.118541	
0.100000	0.543518	0.845124	81.224000	74.110000	19.491735	1.077799	
0.100000	0.520154	1.260784	82.044000	65.730000	19.566155	1.119605	
0.100000	0.498067	0.784695	82.968000	74.630000	19.501646	1.119300	
0.100000	0.468656	0.625471	83.892000	78.870000	19.450743	1.106294	
0.100000	0.464783	0.745398	84.110000	74.760000	19.335882	1.088940	
0.100000	0.456640	0.744670	84.302000	76.470000	19.536444	1.105698	
0.100000	0.439753	0.717839	84.944000	76.780000	19.447919	1.115503	
0.100000	0.430534	0.782863	85.202000	75.760000	19.530090	1.085820	
0.100000	0.411296	0.598808	85.792000	80.500000	19.378568	1.107750	
0.100000	0.414959	1.381495	85.754000	64.420000	19.379196	1.127717	
0.100000	0.406780	0.605389	85.970000	79.690000	19.538343	1.124609	
0.100000	0.397773	0.572306	86.402000	81.180000	19.421957	1.107278	
0.100000	0.392657	0.666816	86.502000	77.970000	19.424609	1.108103	
0.100000	0.376456	0.779242	87.038000	76.300000	19.795695	1.122006	
0.100000	0.389533	0.684306	86.694000	78.720000	19.977363	1.121468	
0.100000	0.373119	0.748894	87.198000	77.620000	19.883792	1.115036	
0.100000	0.373670	0.885245	87.106000	74.870000	19.550212	1.120573	
0.100000	0.365884	0.732854	87.408000	76.760000	19.738910	1.093270	
0.100000	0.355058	0.616589	87.630000	80.330000	19.574167	1.121521	
0.100000	0.361652	0.817353	87.530000	75.440000	19.458524	1.137463	
0.100000	0.358169	0.834823	87.578000	75.010000	19.369744	1.148975	
0.100000	0.347970	0.586753	87.882000	80.540000	19.638633	1.113012	
0.100000	0.345255	0.595609	88.118000	81.000000	19.700280	1.119015	
0.100000	0.338036	0.832417	88.252000	74.660000	19.580730	1.134526	
0.100000	0.344177	1.061934	88.122000	72.200000	19.512424	1.127145	
0.100000	0.337047	0.789693	88.448000	76.370000	19.652716	1.136081	
0.100000	0.332141	0.619201	88.616000	80.600000	19.568153	1.094065	
0.100000	0.336660	0.688477	88.298000	78.640000	20.039948	1.157508	
0.100000	0.326601	0.657562	88.680000	80.160000	19.625801	1.131336	
0.100000	0.335511	0.881177	88.488000	74.380000	19.677634	1.119975	
0.100000	0.330921	0.638464	88.572000	80.380000	19.705224	1.160839	
0.100000	0.322027	0.637736	89.028000	80.090000	19.735238	1.133780	
0.100000	0.318175	0.954536	89.048000	73.630000	19.662624	1.111582	
0.100000	0.313830	0.719371	89.204000	78.210000	19.482385	1.117454	
0.100000	0.326753	0.862825	88.864000	75.330000	19.436407	1.103283	
0.100000	0.318036	1.214003	89.086000	69.220000	19.445926	1.133667	
0.100000	0.308392	0.548348	89.444000	82.170000	19.336273	1.162422	
0.100000	0.314426	0.945447	89.030000	74.120000	19.434496	1.155347	
0.100000	0.305659	0.789173	89.558000	76.570000	19.713874	1.154627	
0.100000	0.315771	0.915733	89.108000	74.250000	19.839252	1.120209	
0.100000	0.317182	0.674518	88.976000	79.370000	19.434942	1.155582	
0.100000	0.305555	0.498815	89.554000	84.230000	19.603533	1.151366	
0.100000	0.308874	0.989151	89.336000	72.860000	19.516665	1.151290	
0.100000	0.294101	0.511074	89.840000	83.730000	20.016299	1.133911	
0.100000	0.301533	0.625336	89.590000	80.590000	19.761462	1.104378	
0.100000	0.307020	0.709346	89.338000	78.960000	19.766954	1.108644	
0.100000	0.300360	0.567400	89.640000	82.590000	19.856898	1.144244	
0.100000	0.298947	0.966758	89.744000	73.490000	19.793576	1.106513	
0.100000	0.293963	0.739160	89.778000	77.640000	19.478436	1.142477	
0.100000	0.295336	0.766629	89.728000	77.140000	19.600859	1.154481	
0.100000	0.299758	0.548278	89.640000	82.550000	19.673079	1.114867	
0.100000	0.293833	0.571055	89.898000	81.570000	19.523386	1.110150	
0.100000	0.296395	0.634182	89.784000	80.730000	19.521334	1.183062	
0.100000	0.285773	0.620428	90.062000	80.250000	19.299445	1.106091	
0.100000	0.288210	0.781597	90.010000	77.540000	19.458995	1.112373	
0.100000	0.293484	0.795845	89.732000	77.560000	19.382067	1.108191	
0.100000	0.293339	0.486436	89.824000	84.330000	19.382592	1.118436	
0.100000	0.293575	0.655460	89.812000	79.200000	19.318062	1.123247	
0.100000	0.276516	0.906061	90.404000	74.390000	19.736848	1.138237	
0.100000	0.284005	0.956879	90.202000	75.370000	19.702930	1.121484	
0.100000	0.288518	0.731696	90.056000	78.780000	19.675164	1.107055	
0.100000	0.288469	0.575002	90.098000	81.650000	19.641470	1.119758	
0.100000	0.287841	0.501898	90.076000	83.790000	19.743711	1.104634	
0.100000	0.281147	0.622419	90.180000	80.330000	19.418001	1.096529	
0.100000	0.283853	0.862409	90.242000	75.180000	19.910789	1.138067	
0.100000	0.286933	0.642904	89.896000	81.110000	19.617655	1.112987	
0.100000	0.276374	0.623334	90.664000	80.330000	19.609212	1.109212	
0.100000	0.283780	0.887241	90.176000	75.400000	19.664084	1.119984	
0.100000	0.270812	0.669422	90.584000	79.900000	19.592598	1.120667	
0.100000	0.281551	1.128583	90.306000	70.340000	19.613573	1.154572	
0.100000	0.279943	0.643762	90.402000	80.470000	19.670149	1.117123	
0.100000	0.282092	0.576626	90.180000	82.420000	19.856399	1.097642	
0.100000	0.278212	0.772267	90.320000	77.420000	19.641512	1.119831	
0.100000	0.266685	0.668664	90.748000	80.520000	19.528904	1.207617	
0.100000	0.279035	0.978453	90.492000	73.230000	19.555218	1.107529	
0.100000	0.275580	0.630798	90.424000	81.070000	19.612476	1.124455	
0.100000	0.274727	0.590210	90.574000	81.780000	19.599854	1.100596	
0.100000	0.275209	0.846827	90.522000	75.690000	19.894032	1.114716	
0.100000	0.261488	0.582335	90.828000	82.080000	19.689266	1.123811	
0.100000	0.272248	0.932368	90.512000	72.810000	19.548678	1.120081	
0.100000	0.279013	0.860374	90.422000	75.560000	19.709424	1.131039	
0.100000	0.273037	0.558557	90.580000	82.320000	19.770586	1.138267	
0.100000	0.280955	0.626126	90.368000	81.490000	19.594598	1.122703	
0.100000	0.261292	0.729812	90.954000	78.330000	19.831078	1.126730	
0.100000	0.267525	1.142874	90.748000	71.620000	19.860651	1.129035	
0.010000	0.163142	0.265515	94.458000	91.230000	19.666313	1.165821	
0.010000	0.121727	0.260557	96.100000	91.700000	19.872623	1.124107	
0.010000	0.102158	0.256709	96.690000	91.990000	19.793594	1.149679	
0.010000	0.082550	0.253699	97.410000	92.100000	19.524094	1.113355	
0.010000	0.062180	0.265003	98.082000	92.200000	19.650412	1.108454	
0.010000	0.078369	0.266114	97.508000	91.870000	19.777471	1.114110	
0.010000	0.069249	0.268254	97.902000	92.120000	19.532358	1.113167	
0.010000	0.059770	0.280601	98.226000	91.880000	19.586103	1.126694	
0.010000	0.046262	0.275975	98.734000	92.140000	19.653816	1.106372	
0.010000	0.035877	0.285735	98.988000	92.160000	19.340738	1.097321	
0.010000	0.045371	0.287039	98.784000	92.040000	19.168051	1.095394	
0.010000	0.040273	0.294575	98.962000	92.170000	19.714644	1.107634	
0.010000	0.034362	0.313121	99.126000	91.770000	19.738118	1.110944	
0.010000	0.024720	0.304715	99.482000	91.960000	19.504521	1.108142	
0.010000	0.019709	0.306634	99.600000	92.160000	19.466917	1.176080	
0.010000	0.023317	0.307154	99.568000	92.180000	19.510234	1.113568	
0.010000	0.020637	0.323884	99.630000	92.100000	19.422688	1.124515	
0.010000	0.018241	0.342862	99.698000	91.670000	19.566940	1.142095	
0.010000	0.012365	0.334812	99.836000	91.780000	19.509730	1.133184	
0.010000	0.009823	0.332778	99.906000	92.240000	19.428821	1.108281	
0.010000	0.011345	0.341086	99.866000	92.110000	19.559323	1.119584	
0.010000	0.010336	0.347888	99.890000	92.070000	19.542000	1.131262	
0.010000	0.009219	0.363884	99.910000	91.730000	19.616211	1.138591	
0.010000	0.006233	0.351978	99.972000	92.000000	19.762199	1.116864	
0.010000	0.005181	0.352769	99.984000	92.000000	19.490676	1.159480	
0.010000	0.005802	0.361264	99.984000	91.770000	19.514913	1.162387	
0.010000	0.005576	0.356864	99.986000	92.040000	19.664268	1.124356	
0.010000	0.005070	0.362460	99.980000	92.060000	19.607063	1.113653	
0.010000	0.003840	0.355267	99.994000	92.260000	19.473014	1.102222	
0.010000	0.003307	0.356516	99.996000	92.290000	19.647069	1.115479	
0.010000	0.003521	0.364294	99.998000	91.960000	19.446111	1.131277	
0.010000	0.003502	0.361843	99.996000	92.140000	19.470408	1.105594	
0.010000	0.003293	0.365498	99.996000	92.140000	19.493349	1.115536	
0.010000	0.002695	0.359397	100.000000	92.230000	19.745298	1.112510	
0.010000	0.002453	0.360562	99.998000	92.310000	19.702931	1.174407	
0.010000	0.002700	0.366563	100.000000	91.920000	19.593520	1.117381	
0.010000	0.002713	0.366498	100.000000	92.160000	19.822152	1.113383	
0.010000	0.002647	0.368472	99.998000	92.090000	19.694633	1.107635	
0.010000	0.002256	0.360542	100.000000	92.280000	19.421670	1.158517	
0.010000	0.002098	0.361924	100.000000	92.220000	19.603801	1.162828	
0.010000	0.002339	0.367561	100.000000	91.920000	19.547507	1.121430	
0.010000	0.002384	0.368457	100.000000	92.220000	19.456897	1.102236	
0.010000	0.002342	0.369344	100.000000	92.100000	19.840126	1.132303	
0.010000	0.002043	0.361481	100.000000	92.220000	19.685534	1.122165	
0.010000	0.001930	0.362849	100.000000	92.200000	19.564592	1.108250	
0.010000	0.002143	0.368654	100.000000	91.980000	19.516641	1.206636	
0.010000	0.002192	0.370058	100.000000	92.140000	19.475955	1.153171	
0.010000	0.002166	0.370730	100.000000	92.110000	19.527977	1.111389	
0.010000	0.001916	0.363005	100.000000	92.150000	19.671329	1.138513	
0.010000	0.001822	0.363800	100.000000	92.110000	19.434008	1.144368	
0.010000	0.002011	0.370119	100.000000	92.020000	19.434191	1.098432	
0.010000	0.002058	0.371665	100.000000	92.180000	19.650629	1.137818	
0.010000	0.002041	0.371892	100.000000	92.000000	19.676875	1.110743	
0.010000	0.001829	0.364220	100.000000	92.130000	19.559942	1.144367	
0.010000	0.001747	0.365028	100.000000	92.110000	19.765090	1.121548	
0.010000	0.001913	0.372206	100.000000	92.050000	19.534929	1.126307	
0.010000	0.001958	0.373358	100.000000	92.110000	19.600123	1.123797	
0.001000	0.002014	0.373506	100.000000	92.140000	19.861599	1.116950	
0.001000	0.001779	0.366268	100.000000	92.230000	19.267838	1.104954	
0.001000	0.001622	0.366579	100.000000	92.110000	19.370719	1.095200	
0.001000	0.001692	0.366261	100.000000	92.280000	19.243375	1.103065	
0.001000	0.001627	0.368999	100.000000	92.170000	19.274309	1.113134	
0.001000	0.001896	0.372114	100.000000	92.190000	19.301365	1.116162	
0.001000	0.001696	0.365603	100.000000	92.200000	19.704170	1.109007	
0.001000	0.001578	0.366166	100.000000	92.110000	19.623078	1.132745	
0.001000	0.001666	0.366125	100.000000	92.320000	19.714206	1.183341	
0.001000	0.001640	0.368792	100.000000	92.160000	19.728507	1.145714	
0.001000	0.001869	0.371982	100.000000	92.140000	19.757780	1.108374	
0.001000	0.001672	0.365613	100.000000	92.200000	19.354439	1.135098	
0.001000	0.001563	0.366120	100.000000	92.050000	19.343956	1.194109	
0.001000	0.001658	0.366178	100.000000	92.300000	19.537336	1.089486	
0.001000	0.001647	0.368783	100.000000	92.150000	19.726892	1.114912	
0.001000	0.001850	0.372014	100.000000	92.110000	19.885476	1.099099	
0.001000	0.001659	0.365680	100.000000	92.200000	19.928579	1.117289	
0.001000	0.001556	0.366149	100.000000	92.060000	19.691588	1.105316	
0.001000	0.001654	0.366260	100.000000	92.300000	20.051100	1.121030	
0.001000	0.001651	0.368825	100.000000	92.150000	19.767054	1.168305	
0.001000	0.001835	0.372066	100.000000	92.100000	19.838298	1.143301	
0.001000	0.001650	0.365755	100.000000	92.180000	19.664480	1.118680	
0.001000	0.001551	0.366201	100.000000	92.030000	19.207506	1.109416	
0.001000	0.001652	0.366357	100.000000	92.270000	19.408295	1.134119	
0.001000	0.001654	0.368880	100.000000	92.160000	19.602072	1.128264	
0.001000	0.001824	0.372109	100.000000	92.090000	19.464219	1.161126	
0.001000	0.001643	0.365818	100.000000	92.190000	19.637900	1.131578	
0.001000	0.001548	0.366258	100.000000	92.060000	20.055219	1.141270	
0.001000	0.001650	0.366445	100.000000	92.280000	20.172740	1.104265	
0.001000	0.001656	0.368939	100.000000	92.180000	20.025544	1.133583	
0.001000	0.001814	0.372171	100.000000	92.080000	19.595083	1.136382	
