LearningRate	TrainLoss	ValidLoss	TrainAcc.	ValidAcc.	TrainEpochTime(s)	TestEpochTime(s)	
0.012500	2.440626	1.539710	31.830000	41.490000	25.110481	1.116598	
0.012500	2.021072	1.309147	48.242000	52.380000	26.035103	1.113285	
0.012500	1.802962	1.208707	56.812000	57.210000	26.297691	1.098769	
0.012500	1.650539	1.118636	62.458000	62.270000	26.253506	1.132876	
0.012500	1.537626	0.999792	65.938000	65.210000	26.399824	1.125362	
0.012500	1.445710	0.989203	69.432000	65.610000	25.889332	1.085154	
0.012500	1.377704	1.012945	71.604000	65.080000	26.147621	1.087107	
0.012500	1.302295	0.857918	74.102000	70.210000	25.427689	1.089932	
0.012500	1.244263	0.751868	75.738000	74.490000	26.144517	1.117440	
0.012500	1.197008	0.718518	77.344000	75.390000	26.133686	1.110486	
0.012500	1.142545	0.782915	78.852000	74.280000	26.382139	1.128271	
0.012500	1.107208	0.760575	79.820000	74.200000	26.666667	1.094777	
0.012500	1.069504	0.812502	80.898000	73.130000	26.602451	1.120878	
0.012500	1.033221	0.771958	82.002000	74.590000	26.379255	1.135009	
0.012500	1.015277	0.615683	82.106000	79.350000	26.119628	1.112645	
0.012500	0.975349	0.655721	83.406000	78.430000	26.008561	1.098240	
0.012500	0.951225	0.768277	83.868000	75.310000	26.296512	1.123242	
0.012500	0.928220	0.987307	84.394000	70.420000	26.689230	1.115349	
0.012500	0.899022	0.612338	85.152000	79.670000	26.577562	1.119375	
0.012500	0.888054	0.575165	85.260000	80.850000	26.646465	1.095280	
0.012500	0.858475	0.627395	86.182000	79.560000	25.960505	1.124080	
0.012500	0.839995	0.589545	86.614000	80.590000	26.446057	1.129003	
0.012500	0.822243	0.807314	86.808000	75.290000	26.029752	1.125914	
0.012500	0.799318	0.843825	87.424000	75.200000	26.667998	1.128516	
0.012500	0.792009	0.610007	87.514000	80.900000	26.753774	1.102651	
0.012500	0.769102	0.733194	87.930000	77.680000	26.154333	1.105875	
0.012500	0.757733	0.603205	88.214000	80.320000	25.831972	1.091901	
0.012500	0.743050	0.561153	88.320000	82.100000	26.368782	1.163718	
0.012500	0.725876	0.705790	88.796000	78.850000	26.319654	1.107802	
0.012500	0.717646	0.610531	88.754000	81.400000	25.921196	1.108376	
0.012500	0.691946	0.891525	89.048000	74.140000	26.154739	1.093397	
0.012500	0.687627	0.589165	89.058000	81.000000	26.021311	1.090256	
0.012500	0.667664	0.841634	89.598000	76.510000	25.657710	1.089456	
0.012500	0.659113	0.815414	89.736000	77.200000	26.384279	1.096833	
0.012500	0.651550	0.652845	89.942000	80.030000	26.627738	1.091654	
0.012500	0.630958	0.847948	89.378000	76.260000	25.901979	1.108923	
0.012500	0.625246	0.745881	89.466000	78.490000	25.854180	1.102271	
0.012500	0.615665	0.746406	89.742000	78.270000	26.370441	1.096750	
0.012500	0.599121	0.776482	90.162000	78.160000	26.602425	1.113712	
0.012500	0.597176	0.657151	90.192000	80.330000	26.388535	1.114133	
0.012500	0.592767	0.757981	89.588000	78.160000	25.543468	1.104774	
0.012500	0.581715	0.602512	89.810000	82.130000	25.520872	1.079851	
0.012500	0.571314	0.744619	90.212000	78.710000	25.690290	1.127718	
0.012500	0.561265	1.068306	90.458000	73.040000	26.280514	1.111220	
0.012500	0.558255	0.626124	90.386000	81.240000	26.129804	1.112574	
0.012500	0.578740	0.519581	89.724000	83.490000	25.782744	1.093830	
0.012500	0.543544	0.594600	90.436000	81.790000	25.367064	1.083873	
0.012500	0.541840	0.658577	90.306000	79.860000	26.503170	1.109847	
0.012500	0.530612	0.659354	90.704000	80.770000	26.500098	1.110444	
0.012500	0.529529	0.600547	90.496000	82.150000	26.361082	1.077162	
0.012500	0.551277	0.577903	89.692000	82.240000	25.936167	1.086316	
0.012500	0.520400	0.570105	90.634000	83.220000	25.595628	1.100173	
0.012500	0.524856	0.698764	90.312000	79.290000	25.856533	1.120323	
0.012500	0.509945	0.630334	90.824000	81.600000	25.950227	1.082209	
0.012500	0.506303	0.542402	90.976000	84.150000	26.309486	1.096935	
0.012500	0.518616	0.607798	90.418000	81.410000	25.270988	1.056850	
0.012500	0.501608	0.609387	90.980000	82.390000	26.072490	1.078485	
0.012500	0.497044	0.608741	90.984000	81.940000	26.155946	1.070868	
0.012500	0.486929	0.635057	91.432000	81.560000	26.377539	1.096273	
0.012500	0.486216	0.646672	91.378000	81.520000	26.153953	1.067986	
0.012500	0.490046	0.833396	91.284000	77.430000	25.858545	1.101599	
0.012500	0.480352	0.628929	91.444000	81.750000	26.261905	1.090724	
0.012500	0.479237	0.590384	91.492000	82.300000	26.228229	1.070478	
0.012500	0.470527	0.687872	91.782000	78.950000	25.224436	1.094877	
0.012500	0.472302	0.588559	91.534000	83.220000	26.249049	1.103842	
0.012500	0.480403	0.573947	91.156000	82.180000	25.841234	1.070217	
0.012500	0.466808	0.515785	91.712000	83.760000	25.585763	1.065348	
0.012500	0.468207	0.497541	91.518000	84.600000	25.593578	1.069823	
0.012500	0.457117	0.540869	91.956000	83.760000	25.737921	1.098166	
0.012500	0.464460	0.695361	91.742000	81.030000	26.207578	1.100585	
0.012500	0.451505	0.548584	92.172000	84.210000	25.828852	1.098759	
0.012500	0.454097	0.502782	91.862000	84.820000	25.315241	1.080911	
0.012500	0.451361	0.664915	91.902000	80.740000	26.036094	1.092612	
0.012500	0.444218	0.665525	92.196000	80.930000	26.110606	1.126981	
0.012500	0.450096	0.538091	92.034000	84.240000	25.958937	1.126002	
0.012500	0.458296	0.622579	92.300000	80.940000	25.531422	1.099561	
0.012500	0.436211	0.493222	92.562000	84.970000	26.151768	1.080616	
0.012500	0.433429	0.606983	92.628000	81.420000	25.897644	1.077703	
0.012500	0.426496	0.512177	92.708000	84.720000	26.028611	1.078940	
0.012500	0.435033	0.746459	92.358000	79.050000	26.201929	1.100250	
0.012500	0.440693	0.615538	92.104000	82.150000	24.666273	1.072111	
0.012500	0.425934	0.634530	92.590000	82.160000	25.393518	1.057987	
0.012500	0.431540	0.542900	92.398000	83.410000	25.448500	1.054653	
0.012500	0.427136	0.530156	92.512000	84.870000	25.628367	1.066246	
0.012500	0.429270	0.689061	92.396000	80.120000	25.566920	1.052338	
0.012500	0.432111	0.601673	92.238000	83.090000	25.771908	1.069293	
0.012500	0.427775	0.617193	92.300000	82.110000	25.886243	1.046670	
0.012500	0.424271	0.609867	92.566000	82.100000	25.919671	1.082867	
0.012500	0.416949	0.576458	92.670000	83.100000	26.118253	1.080073	
0.012500	0.426392	0.602621	92.420000	82.500000	25.780243	1.060995	
0.012500	0.419372	0.519764	92.426000	84.480000	25.170839	1.075382	
0.012500	0.414112	0.584366	92.722000	83.360000	25.239418	1.079874	
0.001250	0.357307	0.350098	94.928000	89.260000	25.481351	1.063682	
0.001250	0.321754	0.349798	96.190000	89.300000	25.666171	1.070541	
0.001250	0.308088	0.352313	96.778000	89.200000	25.535907	1.074636	
0.001250	0.297880	0.354899	97.056000	89.220000	25.395986	1.115294	
0.001250	0.275005	0.358831	97.984000	88.890000	25.911332	1.088294	
0.001250	0.296290	0.356763	97.058000	89.450000	25.845688	1.065222	
0.001250	0.284990	0.365715	97.466000	89.260000	25.442459	1.069957	
0.001250	0.280314	0.362858	97.682000	89.280000	25.582776	1.127919	
0.001250	0.274014	0.372766	97.804000	89.050000	25.176643	1.047331	
0.001250	0.258950	0.376540	98.350000	88.970000	25.228278	1.090758	
0.001250	0.276433	0.370707	97.652000	89.410000	25.241217	1.108835	
0.001250	0.267547	0.379574	98.024000	89.210000	25.505234	1.081549	
0.001250	0.264233	0.375997	98.116000	89.190000	25.210105	1.050935	
0.001250	0.268855	0.370706	98.130000	88.930000	24.463036	1.057217	
0.001250	0.254620	0.370147	98.652000	89.140000	24.324742	1.032847	
0.001250	0.267429	0.368705	98.096000	89.510000	24.920269	1.038684	
0.001250	0.260270	0.374159	98.348000	89.340000	24.921252	1.000694	
0.001250	0.258163	0.374615	98.412000	88.920000	24.764304	1.000577	
0.001250	0.279373	0.356736	97.872000	88.960000	23.624650	0.994394	
0.001250	0.256262	0.357442	98.696000	88.900000	23.376356	1.015285	
0.001250	0.265539	0.352683	98.278000	89.180000	23.205194	0.975361	
0.001250	0.257789	0.362336	98.518000	89.160000	23.641001	0.973881	
0.001250	0.256308	0.363401	98.542000	89.120000	23.658316	0.965091	
0.001250	0.255971	0.368175	98.374000	88.900000	23.407524	0.986256	
0.001250	0.244900	0.369161	98.746000	88.950000	23.555389	0.951471	
0.001250	0.252915	0.366672	98.482000	89.050000	22.854969	0.970406	
0.001250	0.247506	0.374023	98.612000	89.060000	23.540492	0.958197	
0.001250	0.245961	0.372945	98.626000	89.070000	23.027170	0.954663	
0.001250	0.243543	0.375939	98.584000	88.970000	22.610196	0.987078	
0.001250	0.235463	0.382129	98.938000	88.860000	23.453896	0.974175	
0.001250	0.242387	0.377736	98.660000	88.970000	23.349826	0.970130	
0.001250	0.237336	0.388899	98.818000	88.730000	23.633418	0.980340	
0.001250	0.236340	0.386549	98.878000	88.890000	23.641065	0.960784	
0.001250	0.250304	0.389287	97.938000	88.770000	23.361231	0.977640	
0.001250	0.239616	0.396815	98.386000	88.810000	23.253232	0.963966	
0.001250	0.244551	0.389834	98.124000	88.970000	23.473666	0.988707	
0.001250	0.238989	0.407462	98.364000	88.640000	23.208721	0.959220	
0.001250	0.237899	0.396806	98.410000	88.790000	23.391953	0.955322	
0.001250	0.241025	0.405247	98.090000	88.490000	22.884147	0.956780	
0.001250	0.231225	0.403131	98.534000	88.410000	23.286067	0.953047	
0.001250	0.237027	0.410645	98.282000	88.560000	22.954560	0.942153	
0.001250	0.231254	0.424285	98.448000	88.360000	23.453390	0.972226	
0.001250	0.231067	0.403490	98.486000	88.720000	23.696033	0.955778	
0.001250	0.266012	0.423030	97.010000	87.860000	23.059324	0.992541	
0.001250	0.241447	0.418876	97.940000	87.980000	23.272656	0.992670	
0.001250	0.244947	0.421822	97.706000	88.090000	23.033308	0.967635	
0.001250	0.237477	0.447775	98.000000	87.800000	23.463289	0.962375	
0.001250	0.239757	0.427617	97.822000	88.310000	23.567848	0.979144	
0.001250	0.270634	0.433824	96.382000	87.860000	23.153659	0.964603	
0.001250	0.248056	0.431999	97.246000	87.770000	23.211434	0.960189	
0.001250	0.250938	0.439912	97.174000	87.880000	23.552974	0.967438	
0.001250	0.243898	0.440676	97.312000	87.790000	23.325707	0.946759	
0.001250	0.244180	0.439886	97.372000	88.010000	23.718066	0.968127	
0.001250	0.290675	0.465611	95.292000	87.290000	22.383492	0.988402	
0.001250	0.265211	0.453762	96.216000	87.580000	23.024468	0.965461	
0.001250	0.264143	0.464561	96.242000	87.570000	23.251469	0.986027	
0.001250	0.255265	0.472043	96.528000	86.880000	22.354730	0.960131	
0.000125	0.247075	0.422569	96.900000	87.910000	23.244852	0.965506	
0.000125	0.273299	0.459438	95.836000	87.060000	23.174353	0.954326	
0.000125	0.252844	0.450041	96.694000	87.380000	22.998112	0.941327	
0.000125	0.249185	0.440174	96.840000	87.540000	22.926746	0.942364	
0.000125	0.235088	0.445197	97.492000	87.660000	23.198689	0.956867	
0.000125	0.258669	0.441543	96.326000	87.550000	23.226140	0.960300	
0.000125	0.276679	0.463363	95.632000	87.050000	23.141389	0.963762	
0.000125	0.259470	0.451088	96.368000	87.420000	22.880130	1.048348	
0.000125	0.258043	0.443019	96.382000	87.470000	23.589045	0.965200	
0.000125	0.246591	0.447669	96.854000	87.470000	22.728743	0.969168	
0.000125	0.263900	0.441984	96.102000	87.310000	22.816493	0.937832	
0.000125	0.271513	0.444491	96.194000	87.230000	22.738655	0.971254	
0.000125	0.258540	0.438884	96.650000	87.380000	22.667567	0.971548	
0.000125	0.258939	0.432292	96.638000	87.460000	22.686400	0.971193	
0.000125	0.250278	0.438552	96.988000	87.420000	22.703939	0.961402	
0.000125	0.264677	0.434728	96.286000	87.470000	23.058884	0.993864	
0.000125	0.249124	0.436240	96.956000	87.410000	22.631900	0.997976	
0.000125	0.243844	0.434731	97.220000	87.400000	22.445157	0.988351	
0.000125	0.246724	0.428802	97.092000	87.530000	22.596352	1.010986	
0.000125	0.240375	0.435670	97.354000	87.570000	22.604951	0.993544	
0.000125	0.254079	0.432983	96.638000	87.520000	22.580517	0.973067	
0.000125	0.251816	0.442061	96.780000	87.210000	22.880226	0.960874	
0.000125	0.244935	0.437592	97.066000	87.410000	22.893109	1.004446	
0.000125	0.247773	0.430942	97.020000	87.500000	22.851266	0.972987	
0.000125	0.242654	0.437471	97.082000	87.480000	23.432432	0.991641	
0.000125	0.254453	0.434475	96.492000	87.380000	23.089357	1.007068	
0.000125	0.267928	0.458711	95.932000	87.270000	22.832848	1.015591	
0.000125	0.255751	0.451201	96.520000	87.400000	22.665902	0.953466	
0.000125	0.257544	0.442710	96.438000	87.530000	23.314052	0.949309	
0.000125	0.252355	0.449868	96.680000	87.580000	22.885894	0.975857	
0.000125	0.261573	0.443964	96.124000	87.470000	22.634236	1.023758	
