LearningRate	TrainLoss	ValidLoss	TrainAcc.	ValidAcc.	TrainEpochTime(s)	TestEpochTime(s)	
0.100000	1.817046	1.580629	36.620000	43.480000	25.626845	1.132463	
0.100000	1.286530	1.557521	57.672000	53.090000	25.131021	1.096976	
0.100000	1.015279	0.935242	68.004000	68.520000	25.248893	1.126261	
0.100000	0.865513	0.801778	73.502000	72.260000	25.571497	1.131682	
0.100000	0.774095	0.847160	76.522000	71.860000	25.917502	1.127625	
0.100000	0.710241	0.696066	78.696000	75.860000	25.404005	1.129520	
0.100000	0.668543	0.726918	80.110000	76.060000	25.204822	1.096520	
0.100000	0.632882	0.772662	81.206000	74.730000	25.356067	1.096937	
0.100000	0.601667	0.687967	82.062000	77.000000	26.377672	1.132360	
0.100000	0.587436	0.789732	82.702000	73.120000	25.807853	1.129186	
0.100000	0.554288	0.562278	83.734000	80.760000	25.112451	1.127632	
0.100000	0.545128	0.743972	83.952000	76.340000	25.137751	1.102369	
0.100000	0.532947	0.821023	84.452000	74.000000	25.932695	1.115195	
0.100000	0.517525	0.554919	85.012000	81.640000	25.379774	1.140190	
0.100000	0.513111	0.932910	85.030000	72.210000	25.239568	1.164022	
0.100000	0.494240	0.566127	85.624000	80.500000	25.731678	1.124932	
0.100000	0.493031	0.835505	85.770000	75.320000	25.725256	1.115822	
0.100000	0.488374	0.734311	86.006000	76.420000	25.900087	1.119099	
0.100000	0.480881	0.697049	86.034000	78.040000	26.082729	1.126029	
0.100000	0.482617	0.930144	86.130000	70.880000	26.103725	1.134594	
0.100000	0.460888	0.690524	86.938000	77.550000	25.814602	1.168379	
0.100000	0.466669	0.498648	86.610000	83.640000	25.674070	1.135524	
0.100000	0.455795	0.933483	86.996000	71.480000	25.617496	1.127588	
0.100000	0.449268	0.697220	87.248000	78.640000	25.738321	1.120268	
0.100000	0.453431	0.616168	87.094000	79.960000	26.075346	1.164385	
0.100000	0.436432	0.570250	87.724000	81.200000	25.299436	1.118366	
0.100000	0.444214	0.718744	87.516000	78.570000	25.313721	1.131570	
0.100000	0.435420	0.781218	87.694000	75.270000	25.524781	1.247591	
0.100000	0.436075	0.742714	87.776000	77.470000	26.136656	1.141862	
0.100000	0.434843	0.566744	87.828000	81.460000	25.625374	1.124807	
0.100000	0.421243	0.641135	88.308000	79.210000	25.830816	1.199142	
0.100000	0.430850	0.619416	88.036000	80.640000	25.882991	1.118254	
0.100000	0.421565	0.706776	88.300000	76.850000	26.294357	1.162956	
0.100000	0.417915	0.574528	88.334000	81.980000	25.748563	1.156850	
0.100000	0.428969	0.583377	88.088000	81.340000	26.114180	1.168043	
0.100000	0.409752	0.728946	88.668000	77.420000	25.805608	1.146933	
0.100000	0.413863	0.524879	88.560000	82.240000	25.693021	1.128714	
0.100000	0.418351	0.792023	88.260000	76.250000	25.485502	1.115414	
0.100000	0.406605	0.577755	88.700000	82.140000	25.551107	1.145699	
0.100000	0.417788	1.216937	88.386000	69.980000	25.631132	1.183366	
0.100000	0.400366	0.646180	88.920000	79.360000	25.771604	1.104650	
0.100000	0.410324	0.562822	88.784000	81.930000	25.530473	1.153949	
0.100000	0.404988	0.741152	88.936000	77.570000	25.508042	1.108166	
0.100000	0.397439	0.833846	89.142000	76.230000	25.703260	1.117474	
0.100000	0.411017	0.790931	88.580000	77.560000	26.261623	1.124174	
0.100000	0.393127	0.863814	89.400000	73.730000	25.526929	1.143550	
0.100000	0.400686	0.506631	89.004000	83.290000	25.564560	1.184477	
0.100000	0.398326	0.577313	89.002000	80.850000	25.451659	1.125448	
0.100000	0.395690	0.689343	89.272000	79.010000	25.829760	1.144897	
0.100000	0.407568	0.523609	88.748000	82.770000	25.924113	1.128679	
0.100000	0.393166	0.672876	89.220000	78.680000	25.410873	1.118418	
0.100000	0.391999	0.563042	89.302000	82.000000	25.292768	1.120895	
0.100000	0.395442	0.861211	89.176000	74.430000	25.705364	1.155723	
0.100000	0.390568	0.600674	89.384000	80.960000	25.827707	1.128341	
0.100000	0.399992	0.547694	89.064000	81.560000	25.753338	1.148234	
0.100000	0.382423	0.632527	89.680000	79.300000	25.331307	1.097935	
0.100000	0.394491	0.513520	89.230000	82.760000	25.473377	1.157609	
0.100000	0.390014	0.717599	89.556000	77.620000	25.653824	1.133075	
0.100000	0.388131	0.527259	89.450000	83.110000	25.702229	1.149197	
0.100000	0.392813	0.483667	89.322000	83.880000	25.819571	1.125307	
0.100000	0.384467	0.588388	89.496000	79.810000	25.739442	1.123299	
0.100000	0.389881	0.630888	89.494000	81.210000	25.751334	1.100761	
0.100000	0.387931	0.583447	89.518000	81.640000	25.877380	1.113429	
0.100000	0.383472	0.537965	89.654000	82.970000	26.146967	1.105274	
0.100000	0.387332	0.547020	89.500000	83.010000	26.391430	1.128848	
0.100000	0.371628	0.527161	90.050000	82.760000	25.471907	1.116855	
0.100000	0.385321	0.509028	89.520000	83.520000	25.328868	1.117784	
0.100000	0.381262	0.664390	89.680000	80.040000	25.284747	1.080150	
0.100000	0.377701	0.478073	89.766000	84.710000	26.302856	1.118629	
0.100000	0.387099	0.924703	89.540000	75.140000	26.400705	1.115032	
0.100000	0.370264	0.711101	90.170000	76.850000	26.246202	1.149502	
0.100000	0.380470	0.771808	89.720000	77.210000	25.883923	1.123893	
0.100000	0.386445	0.657253	89.662000	79.460000	25.555845	1.128394	
0.100000	0.370185	0.497864	90.044000	84.430000	26.425734	1.147249	
0.100000	0.383727	0.707649	89.646000	77.700000	26.596918	1.128367	
0.100000	0.370623	0.708169	90.142000	78.830000	26.444590	1.158597	
0.100000	0.379116	0.535610	89.888000	83.190000	26.329713	1.154821	
0.100000	0.375257	0.772250	89.878000	76.640000	25.850020	1.098857	
0.100000	0.374334	0.645806	89.896000	79.900000	26.295918	1.137380	
0.100000	0.381727	0.571436	89.742000	82.250000	26.791660	1.122904	
0.100000	0.367475	0.703242	90.130000	77.940000	25.914520	1.113869	
0.100000	0.374874	0.659776	89.950000	80.300000	26.125228	1.119382	
0.100000	0.374797	0.618288	90.024000	80.940000	25.831782	1.126359	
0.100000	0.370293	0.558090	90.024000	82.760000	26.254194	1.128442	
0.100000	0.380519	0.524467	89.958000	82.970000	26.446972	1.151451	
0.100000	0.363012	0.688719	90.318000	78.210000	26.375465	1.182114	
0.100000	0.373748	0.580656	89.914000	81.570000	25.990374	1.114558	
0.100000	0.367536	0.683143	90.120000	78.650000	26.216255	1.108315	
0.100000	0.367166	0.521602	90.314000	83.630000	26.881655	1.139457	
0.100000	0.373646	0.668645	89.942000	80.060000	27.042124	1.132429	
0.100000	0.364701	0.541814	90.282000	82.740000	25.605151	1.142548	
0.100000	0.371005	0.455946	90.048000	85.100000	25.473131	1.119936	
0.010000	0.258359	0.266397	94.126000	90.990000	25.403311	1.117457	
0.010000	0.211339	0.267893	95.784000	91.110000	25.864292	1.127269	
0.010000	0.195759	0.262219	96.282000	91.300000	25.631875	1.158097	
0.010000	0.172487	0.265319	97.048000	91.540000	25.502921	1.108274	
0.010000	0.151027	0.267597	97.782000	91.530000	25.102882	1.149613	
0.010000	0.160835	0.273717	97.336000	91.430000	25.343533	1.139422	
0.010000	0.149983	0.282448	97.782000	91.420000	25.558301	1.117738	
0.010000	0.143749	0.279913	97.992000	91.560000	25.727393	1.127970	
0.010000	0.128665	0.287746	98.518000	91.520000	25.354090	1.188756	
0.010000	0.117173	0.292072	98.910000	91.500000	25.148521	1.094628	
0.010000	0.121632	0.303006	98.710000	91.350000	25.459201	1.134887	
0.010000	0.114845	0.307786	98.952000	91.370000	25.625224	1.128713	
0.010000	0.111544	0.313166	99.056000	91.510000	25.860743	1.127227	
0.010000	0.101207	0.317201	99.378000	91.510000	25.864102	1.132515	
0.010000	0.094927	0.323739	99.552000	91.450000	25.731545	1.114576	
0.010000	0.094651	0.343104	99.550000	91.120000	25.541566	1.142879	
0.010000	0.090677	0.348558	99.630000	91.100000	25.747717	1.160913	
0.010000	0.089379	0.352501	99.660000	91.240000	25.977661	1.137521	
0.010000	0.082737	0.349959	99.814000	91.470000	25.860984	1.240682	
0.010000	0.079761	0.360157	99.872000	91.230000	25.599711	1.142034	
0.010000	0.079245	0.362468	99.866000	91.440000	25.582978	1.148190	
0.010000	0.076338	0.376334	99.910000	91.250000	25.721933	1.171594	
0.010000	0.075781	0.382117	99.878000	91.250000	26.710872	1.143923	
0.010000	0.072396	0.364996	99.966000	91.620000	25.548333	1.132445	
0.010000	0.070399	0.370511	99.966000	91.400000	25.260495	1.124493	
0.010000	0.069692	0.373929	99.974000	91.480000	25.499783	1.108521	
0.010000	0.068063	0.383529	99.986000	91.610000	26.045475	1.132933	
0.010000	0.067450	0.396440	99.982000	91.250000	25.595084	1.115880	
0.010000	0.065533	0.372569	99.994000	91.580000	25.478601	1.175794	
0.010000	0.064482	0.377245	99.990000	91.540000	25.382679	1.109190	
0.010000	0.063769	0.377156	99.996000	91.740000	25.771266	1.161190	
0.010000	0.062561	0.388352	99.998000	91.470000	25.818115	1.162777	
0.010000	0.061928	0.390787	100.000000	91.510000	25.724967	1.163418	
0.010000	0.060584	0.378897	100.000000	91.620000	25.988663	1.131985	
0.010000	0.059725	0.382864	99.996000	91.470000	25.925060	1.176729	
0.010000	0.059196	0.384768	99.998000	91.560000	25.904193	1.118822	
0.010000	0.058300	0.386053	100.000000	91.470000	26.135348	1.134674	
0.010000	0.057669	0.390226	100.000000	91.460000	26.158689	1.144694	
0.010000	0.056662	0.380811	100.000000	91.520000	25.996368	1.154572	
0.010000	0.055863	0.381174	99.998000	91.570000	25.946335	1.124062	
0.010000	0.055416	0.386485	99.998000	91.550000	26.034972	1.280601	
0.010000	0.054627	0.385656	100.000000	91.460000	26.231264	1.137353	
0.010000	0.054072	0.390115	100.000000	91.460000	26.751503	1.132504	
0.010000	0.053204	0.381407	100.000000	91.610000	25.485285	1.124836	
0.010000	0.052428	0.384085	100.000000	91.560000	25.356932	1.154737	
0.010000	0.052006	0.387557	100.000000	91.410000	25.481378	1.108136	
0.010000	0.051279	0.385926	100.000000	91.560000	25.896369	1.164210	
0.010000	0.050785	0.389895	100.000000	91.480000	25.617543	1.179400	
0.010000	0.049987	0.382149	100.000000	91.600000	25.576495	1.136548	
0.010000	0.049263	0.386187	100.000000	91.500000	26.077485	1.179415	
0.010000	0.048848	0.389269	100.000000	91.510000	25.888390	1.114491	
0.010000	0.048170	0.387011	100.000000	91.530000	25.985985	1.127326	
0.010000	0.047704	0.390216	100.000000	91.450000	26.079874	1.116425	
0.010000	0.046956	0.383984	100.000000	91.560000	25.782596	1.166499	
0.010000	0.046271	0.388122	100.000000	91.500000	25.574472	1.114431	
0.010000	0.045868	0.391299	100.000000	91.400000	25.542483	1.165451	
0.010000	0.045230	0.389291	100.000000	91.420000	25.520333	1.237047	
0.001000	0.045085	0.391899	100.000000	91.400000	25.988187	1.108766	
0.001000	0.044812	0.385271	100.000000	91.430000	25.719386	1.134444	
0.001000	0.044567	0.388602	100.000000	91.440000	25.637836	1.121596	
0.001000	0.044567	0.388453	100.000000	91.470000	25.586458	1.119048	
0.001000	0.044363	0.387437	100.000000	91.410000	25.661935	1.130689	
0.001000	0.044695	0.390894	100.000000	91.420000	26.080240	1.140126	
0.001000	0.044446	0.385112	100.000000	91.460000	25.171001	1.112621	
0.001000	0.044239	0.388452	100.000000	91.510000	25.036302	1.153131	
0.001000	0.044265	0.388434	100.000000	91.440000	25.665703	1.126802	
0.001000	0.044099	0.387515	100.000000	91.410000	25.559446	1.105956	
0.001000	0.044389	0.390923	100.000000	91.450000	25.436946	1.120620	
0.001000	0.044144	0.385275	100.000000	91.480000	25.297669	1.154507	
0.001000	0.043948	0.388611	100.000000	91.460000	25.349922	1.219463	
0.001000	0.043983	0.388595	100.000000	91.460000	25.133491	1.145247	
0.001000	0.043831	0.387714	100.000000	91.400000	25.379352	1.147249	
0.001000	0.044093	0.391051	100.000000	91.440000	25.619154	1.129267	
0.001000	0.043855	0.385443	100.000000	91.430000	26.253065	1.177896	
0.001000	0.043666	0.388797	100.000000	91.440000	25.712721	1.129180	
0.001000	0.043706	0.388772	100.000000	91.500000	25.595980	1.107070	
0.001000	0.043563	0.387919	100.000000	91.360000	25.890870	1.134362	
0.001000	0.043804	0.391211	100.000000	91.400000	25.895259	1.131785	
0.001000	0.043572	0.385659	100.000000	91.420000	25.519595	1.148875	
0.001000	0.043388	0.389017	100.000000	91.450000	25.421688	1.106327	
0.001000	0.043432	0.388966	100.000000	91.470000	25.252271	1.117284	
0.001000	0.043295	0.388154	100.000000	91.340000	25.863573	1.117280	
0.001000	0.043519	0.391362	100.000000	91.420000	25.907194	1.138250	
0.001000	0.043293	0.385841	100.000000	91.420000	25.281641	1.145822	
0.001000	0.043114	0.389216	100.000000	91.410000	25.423559	1.139415	
0.001000	0.043160	0.389147	100.000000	91.470000	25.365167	1.119577	
0.001000	0.043028	0.388342	100.000000	91.320000	25.520306	1.174300	
0.001000	0.043238	0.391516	100.000000	91.450000	25.725237	1.138572	
