LearningRate	TrainLoss	ValidLoss	TrainAcc.	ValidAcc.	TrainEpochTime(s)	TestEpochTime(s)	
0.100000	1.799547	1.572255	38.236000	43.910000	25.550352	1.128728	
0.100000	1.244346	1.196570	59.528000	58.900000	25.684146	1.134546	
0.100000	0.997290	1.202071	69.216000	60.170000	25.675411	1.099421	
0.100000	0.867620	0.931156	73.388000	69.230000	25.722024	1.123633	
0.100000	0.782843	0.725388	76.786000	75.090000	25.661139	1.149909	
0.100000	0.718127	0.661748	78.746000	77.630000	25.634996	1.107670	
0.100000	0.683129	1.392066	79.698000	60.310000	25.496228	1.118189	
0.100000	0.651279	1.066213	80.902000	67.900000	25.673990	1.132362	
0.100000	0.616987	1.125289	81.918000	68.550000	25.960535	1.200816	
0.100000	0.594809	0.700198	82.444000	76.570000	26.179597	1.176287	
0.100000	0.566260	0.745201	83.496000	75.190000	25.498881	1.181204	
0.100000	0.562063	1.231825	83.530000	66.710000	25.398866	1.150851	
0.100000	0.554307	1.300591	83.678000	66.300000	25.351459	1.123740	
0.100000	0.535923	0.962654	84.424000	72.080000	25.806655	1.132547	
0.100000	0.526856	0.943768	84.620000	71.170000	25.679084	1.119259	
0.100000	0.509260	0.907013	85.368000	73.120000	25.489273	1.174780	
0.100000	0.509198	1.172391	85.340000	66.840000	25.209514	1.139311	
0.100000	0.504060	1.057002	85.336000	70.250000	25.597701	1.164619	
0.100000	0.502492	0.562187	85.536000	80.490000	25.610638	1.206697	
0.100000	0.492544	0.939597	85.900000	72.950000	25.642039	1.175701	
0.100000	0.474565	0.709281	86.498000	76.290000	25.506975	1.174151	
0.100000	0.478690	1.090403	86.454000	71.850000	25.491203	1.228820	
0.100000	0.474662	0.751294	86.394000	77.960000	25.501003	1.171875	
0.100000	0.471738	0.942490	86.736000	72.850000	25.821749	1.144363	
0.100000	0.470121	0.754604	86.606000	75.750000	25.740975	1.143853	
0.100000	0.452665	0.637395	87.340000	79.520000	25.493127	1.156792	
0.100000	0.460933	1.155039	87.094000	68.130000	25.603263	1.158499	
0.100000	0.456524	0.686811	87.174000	79.230000	25.748360	1.127740	
0.100000	0.452780	1.008338	87.256000	71.960000	25.638425	1.125502	
0.100000	0.448090	0.688385	87.454000	78.040000	26.037333	1.167920	
0.100000	0.438187	0.795183	87.756000	74.980000	25.541641	1.226784	
0.100000	0.440049	0.931007	87.740000	73.750000	25.487045	1.213376	
0.100000	0.444828	1.113625	87.600000	70.170000	25.459463	1.105665	
0.100000	0.442845	0.613909	87.644000	80.750000	25.778189	1.137255	
0.100000	0.438385	0.698483	87.832000	77.670000	25.667931	1.137872	
0.100000	0.421384	0.747290	88.468000	77.060000	25.230852	1.146660	
0.100000	0.432831	0.926106	88.112000	73.430000	25.139519	1.093004	
0.100000	0.429529	0.854180	88.148000	75.400000	25.235612	1.122645	
0.100000	0.427065	1.869568	88.116000	59.590000	25.598442	1.169867	
0.100000	0.428036	0.603087	88.200000	80.260000	25.406259	1.173501	
0.100000	0.414111	0.582920	88.666000	81.360000	25.250813	1.155890	
0.100000	0.422012	0.904433	88.326000	73.210000	25.419518	1.143846	
0.100000	0.424876	0.653397	88.392000	80.090000	25.468312	1.125842	
0.100000	0.419493	1.327653	88.528000	67.680000	25.413128	1.194940	
0.100000	0.421563	0.770829	88.402000	75.930000	25.528583	1.164964	
0.100000	0.404722	0.767723	89.210000	76.930000	25.323495	1.214780	
0.100000	0.418521	0.971216	88.532000	71.900000	25.216117	1.219101	
0.100000	0.415306	0.799543	88.634000	76.690000	25.467314	1.129795	
0.100000	0.418132	0.917195	88.552000	73.210000	25.653029	1.116308	
0.100000	0.407349	0.689513	88.876000	78.360000	25.896682	1.135345	
0.100000	0.399310	0.926981	89.308000	72.040000	25.607526	1.120548	
0.100000	0.413429	0.722285	88.712000	78.410000	25.735340	1.121451	
0.100000	0.407993	0.713556	88.904000	78.530000	25.565897	1.135277	
0.100000	0.405138	1.997933	88.914000	58.870000	25.817057	1.208477	
0.100000	0.402591	0.726631	89.084000	77.950000	26.005067	1.118386	
0.100000	0.397230	0.866316	89.334000	74.930000	25.573498	1.232121	
0.100000	0.409875	0.737262	88.800000	77.300000	25.600193	1.128247	
0.100000	0.398570	0.732369	89.106000	77.610000	25.626432	1.207887	
0.100000	0.401607	1.080760	89.078000	69.150000	25.766345	1.137816	
0.100000	0.400455	0.794878	89.222000	75.850000	25.873216	1.175421	
0.100000	0.393125	0.697802	89.514000	78.200000	26.042898	1.161890	
0.100000	0.402029	1.211344	89.018000	68.640000	25.847367	1.120982	
0.100000	0.395479	0.562613	89.382000	81.680000	25.888950	1.219721	
0.100000	0.393940	0.742294	89.382000	78.670000	26.307743	1.144254	
0.100000	0.397149	0.952318	89.276000	73.990000	26.195093	1.133972	
0.100000	0.389183	0.870126	89.528000	75.420000	25.546386	1.122879	
0.100000	0.394809	1.089888	89.400000	71.860000	25.651309	1.117101	
0.100000	0.393640	0.636364	89.398000	80.950000	25.563140	1.109839	
0.100000	0.399251	0.876945	89.308000	74.360000	25.574517	1.113303	
0.100000	0.391665	0.975253	89.474000	72.610000	26.009432	1.172763	
0.100000	0.381201	0.746666	89.936000	77.250000	25.638656	1.143374	
0.100000	0.395768	0.828727	89.404000	76.600000	25.713039	1.159179	
0.100000	0.390693	0.571546	89.506000	82.480000	26.152711	1.147270	
0.100000	0.390586	0.679032	89.596000	79.260000	26.200510	1.182951	
0.100000	0.387828	0.705770	89.640000	79.360000	26.273123	1.214652	
0.100000	0.380159	0.584073	89.988000	80.630000	26.119668	1.195698	
0.100000	0.391248	0.460391	89.646000	84.790000	26.280973	1.183228	
0.100000	0.391444	0.689451	89.418000	78.620000	26.070049	1.231574	
0.100000	0.381533	0.622382	89.920000	80.630000	25.798069	1.179469	
0.100000	0.384235	0.533570	89.712000	82.600000	25.544938	1.171938	
0.100000	0.375610	0.525325	90.070000	83.210000	25.791992	1.179478	
0.100000	0.385585	0.571815	89.608000	82.560000	25.616304	1.147554	
0.100000	0.385583	0.597488	89.776000	81.710000	25.452565	1.160445	
0.100000	0.380306	0.742796	89.870000	77.430000	25.826361	1.268504	
0.100000	0.386007	0.554749	89.586000	82.530000	25.782085	1.164428	
0.100000	0.377211	0.526406	90.112000	82.790000	25.580834	1.119540	
0.100000	0.383662	0.875087	89.692000	74.980000	25.653692	1.148333	
0.100000	0.384271	0.553014	89.850000	83.110000	25.458375	1.168006	
0.100000	0.385141	0.518200	89.638000	83.550000	25.507461	1.089941	
0.100000	0.379537	0.682295	89.912000	78.920000	26.028023	1.144881	
0.100000	0.375117	0.611050	90.124000	81.240000	25.690765	1.130912	
0.100000	0.384787	1.260875	89.750000	67.690000	25.544072	1.106823	
0.010000	0.274582	0.268966	93.522000	91.220000	26.037428	1.135991	
0.010000	0.224674	0.263953	95.478000	91.490000	25.922515	1.171250	
0.010000	0.200527	0.255166	96.228000	91.830000	25.784008	1.181632	
0.010000	0.179948	0.253024	96.830000	92.010000	25.348758	1.118854	
0.010000	0.158572	0.256809	97.586000	92.060000	25.621368	1.118584	
0.010000	0.170521	0.269734	97.062000	91.690000	25.493392	1.119392	
0.010000	0.163456	0.268917	97.374000	91.880000	25.476580	1.130463	
0.010000	0.149706	0.269954	97.890000	91.920000	25.692238	1.149595	
0.010000	0.134513	0.269414	98.376000	91.870000	26.131342	1.111203	
0.010000	0.123069	0.275073	98.730000	92.140000	25.460866	1.131697	
0.010000	0.129288	0.288834	98.460000	91.730000	25.362044	1.165490	
0.010000	0.125993	0.295701	98.638000	91.900000	25.661408	1.178240	
0.010000	0.117387	0.312160	98.874000	91.710000	25.737306	1.134673	
0.010000	0.105818	0.300147	99.312000	91.850000	25.353966	1.131048	
0.010000	0.098845	0.301438	99.470000	91.930000	25.347111	1.213988	
0.010000	0.101218	0.321020	99.402000	91.620000	25.412657	1.142780	
0.010000	0.098392	0.328428	99.474000	91.780000	25.915662	1.145159	
0.010000	0.094052	0.348247	99.560000	91.500000	26.065028	1.168061	
0.010000	0.086810	0.332145	99.788000	92.120000	25.564037	1.138811	
0.010000	0.082141	0.336559	99.882000	91.830000	25.387770	1.160232	
0.010000	0.083071	0.349277	99.824000	91.510000	26.041674	1.094108	
0.010000	0.081431	0.359303	99.850000	91.610000	25.595356	1.137189	
0.010000	0.080601	0.378995	99.816000	91.140000	25.647689	1.135438	
0.010000	0.075654	0.366890	99.942000	91.760000	25.980465	1.107849	
0.010000	0.074342	0.361903	99.924000	91.800000	26.208742	1.146954	
0.010000	0.073659	0.387638	99.932000	91.280000	25.635124	1.099260	
0.010000	0.073806	0.397861	99.918000	91.280000	25.880613	1.129370	
0.010000	0.074620	0.398630	99.832000	91.460000	25.813648	1.247583	
0.010000	0.073564	0.396371	99.822000	91.370000	25.952419	1.111804	
0.010000	0.075187	0.384169	99.742000	91.270000	25.405720	1.126487	
0.010000	0.091625	0.450912	99.058000	90.040000	25.589202	1.231637	
0.010000	0.102520	0.442925	98.646000	89.820000	25.626198	1.124145	
0.010000	0.104286	0.396095	98.526000	90.580000	25.971006	1.117682	
0.010000	0.097599	0.412582	98.782000	90.100000	25.285173	1.152010	
0.010000	0.100891	0.393048	98.690000	90.390000	25.314527	1.184706	
0.010000	0.102391	0.399755	98.508000	90.670000	25.416530	1.143920	
0.010000	0.100118	0.397240	98.698000	90.640000	25.442577	1.104141	
0.010000	0.097312	0.382552	98.714000	90.880000	25.508638	1.142156	
0.010000	0.091392	0.380269	99.004000	90.860000	25.147649	1.111011	
0.010000	0.091742	0.420113	98.936000	90.220000	25.348392	1.119744	
0.010000	0.098688	0.413525	98.658000	90.070000	26.196739	1.134211	
0.010000	0.096510	0.375763	98.718000	90.800000	25.577308	1.159918	
0.010000	0.094629	0.408828	98.800000	90.280000	25.538744	1.139951	
0.010000	0.089310	0.394583	98.990000	90.470000	25.109919	1.125750	
0.010000	0.090726	0.374093	98.874000	90.980000	25.835888	1.149821	
0.010000	0.090589	0.434152	98.914000	89.880000	25.369367	1.224919	
0.010000	0.094943	0.412198	98.760000	90.540000	25.267035	1.167247	
0.010000	0.100019	0.423147	98.468000	89.590000	25.566153	1.119326	
0.010000	0.093812	0.448798	98.792000	89.180000	25.730549	1.179567	
0.010000	0.094182	0.415583	98.694000	89.980000	25.398425	1.113116	
0.010000	0.096194	0.414750	98.648000	90.100000	25.363514	1.116245	
0.010000	0.096574	0.400371	98.592000	90.160000	25.385502	1.127698	
0.010000	0.099616	0.428559	98.494000	89.670000	25.831832	1.128204	
0.010000	0.094373	0.400792	98.750000	90.140000	25.298764	1.100943	
0.010000	0.094683	0.417612	98.682000	89.870000	25.361082	1.119133	
0.010000	0.093267	0.457033	98.756000	89.560000	25.224198	1.157982	
0.010000	0.097134	0.405530	98.548000	90.200000	26.004516	1.123868	
0.001000	0.079854	0.341841	99.284000	91.560000	25.590021	1.130547	
0.001000	0.070328	0.331345	99.598000	91.920000	25.277793	1.121188	
0.001000	0.065321	0.332363	99.772000	92.000000	25.253129	1.131565	
0.001000	0.062756	0.332186	99.862000	91.910000	25.380759	1.144389	
0.001000	0.060362	0.330219	99.924000	91.980000	25.615260	1.109923	
0.001000	0.061683	0.335915	99.902000	92.020000	25.707951	1.112237	
0.001000	0.060233	0.332883	99.956000	92.030000	25.652154	1.144386	
0.001000	0.059061	0.336667	99.984000	92.060000	25.894394	1.127199	
0.001000	0.058329	0.335832	99.990000	91.980000	25.432612	1.124278	
0.001000	0.057349	0.335499	99.994000	91.980000	25.530351	1.139410	
0.001000	0.058736	0.340110	99.972000	91.970000	25.485065	1.208020	
0.001000	0.057972	0.336851	99.994000	92.030000	26.035155	1.163987	
0.001000	0.057335	0.340180	99.994000	92.090000	25.540566	1.188529	
0.001000	0.056891	0.339142	99.998000	91.990000	25.628969	1.128328	
0.001000	0.056267	0.339231	100.000000	91.970000	25.649107	1.122669	
0.001000	0.057365	0.343471	99.984000	92.020000	26.075606	1.101168	
0.001000	0.056805	0.340003	99.998000	92.010000	25.688022	1.130229	
0.001000	0.056336	0.342908	99.998000	92.100000	25.442812	1.132477	
0.001000	0.056004	0.341747	100.000000	92.060000	25.689927	1.152156	
0.001000	0.055531	0.341990	100.000000	91.990000	26.461558	1.168186	
0.001000	0.056431	0.345989	99.990000	91.990000	26.090741	1.143739	
0.001000	0.055981	0.342357	100.000000	92.050000	25.662774	1.126905	
0.001000	0.055593	0.344934	99.998000	92.130000	25.587455	1.265686	
0.001000	0.055324	0.343730	100.000000	92.040000	26.143982	1.128859	
0.001000	0.054935	0.344102	100.000000	91.980000	25.776182	1.125716	
0.001000	0.055699	0.347938	99.994000	92.020000	26.028285	1.124033	
0.001000	0.055318	0.344212	100.000000	92.060000	25.594165	1.155740	
0.001000	0.054980	0.346634	99.998000	92.090000	25.706449	1.137342	
0.001000	0.054749	0.345337	100.000000	92.040000	25.562566	1.152766	
0.001000	0.054416	0.345744	100.000000	92.010000	25.605623	1.198779	
0.001000	0.055080	0.349442	99.998000	92.000000	25.738779	1.175894	
