LearningRate	TrainLoss	ValidLoss	TrainAcc.	ValidAcc.	TrainEpochTime(s)	TestEpochTime(s)	
0.200000	3.075571	2.153605	13.394000	17.530000	25.019478	1.114889	
0.200000	2.309243	1.719077	33.262000	34.960000	25.456644	1.120611	
0.200000	1.852296	1.518511	45.950000	46.470000	25.326523	1.105367	
0.200000	1.458193	1.279913	59.014000	56.240000	25.529470	1.158047	
0.200000	1.224245	1.471748	66.994000	55.090000	25.939786	1.102414	
0.200000	1.069144	1.592553	71.198000	50.270000	24.609753	1.078526	
0.200000	1.014280	0.979720	73.960000	67.520000	24.649315	1.061030	
0.200000	0.983958	0.827487	74.978000	71.180000	24.654772	1.063212	
0.200000	0.950436	1.797272	76.474000	50.290000	24.650807	1.065400	
0.200000	0.933972	1.081199	77.144000	65.430000	24.572891	1.030751	
0.200000	0.904938	1.515893	78.032000	53.180000	22.811804	0.971154	
0.200000	0.913324	0.910670	78.006000	69.690000	22.760023	0.985167	
0.200000	0.904300	1.013018	78.220000	65.220000	22.697533	0.974144	
0.200000	0.894425	1.235004	78.608000	61.600000	22.837476	0.996203	
0.200000	0.885354	1.103445	78.986000	65.380000	22.772241	0.963024	
0.200000	0.865266	1.480732	79.546000	55.790000	21.183395	0.951594	
0.200000	0.873854	1.011882	79.542000	67.430000	20.784247	0.942428	
0.200000	0.881776	0.752291	79.146000	74.340000	20.814630	0.919467	
0.200000	0.867129	1.103690	79.366000	67.230000	20.638107	0.945403	
0.200000	0.866791	0.941450	79.440000	69.020000	20.624697	0.879057	
0.200000	0.851914	1.551252	79.946000	53.190000	20.615748	0.943028	
0.200000	0.855622	0.896276	79.978000	71.390000	20.820129	0.879368	
0.200000	0.864466	0.988392	79.706000	67.120000	20.589837	0.923289	
0.200000	0.849914	0.811395	80.152000	72.850000	20.875029	0.913967	
0.200000	0.843835	1.082649	80.224000	66.720000	20.778949	0.913494	
0.200000	0.838723	1.385923	80.386000	57.300000	19.673727	0.896454	
0.200000	0.842639	0.903884	80.412000	71.040000	19.632195	0.916996	
0.200000	0.847365	1.020594	80.194000	67.610000	19.925711	0.889441	
0.200000	0.839931	0.961434	80.344000	68.150000	19.720745	0.863896	
0.200000	0.833793	0.752340	80.670000	74.760000	19.662166	0.854690	
0.200000	0.827599	0.760280	80.638000	74.180000	19.713626	0.822687	
0.200000	0.833803	0.839908	80.708000	72.380000	19.935327	0.884017	
0.200000	0.841889	1.017071	80.342000	68.550000	19.432469	0.822066	
0.200000	0.827656	0.867313	80.790000	69.800000	19.821872	0.886331	
0.200000	0.828398	0.837434	80.794000	73.780000	19.466821	0.877026	
0.200000	0.819926	0.850024	81.064000	71.120000	20.010670	0.875590	
0.200000	0.827006	0.736599	80.958000	75.350000	19.990086	0.829723	
0.200000	0.833286	1.445017	80.838000	60.260000	19.827052	0.851702	
0.200000	0.828891	1.104886	80.894000	62.250000	19.950435	0.823152	
0.200000	0.820168	0.973823	81.008000	67.920000	20.198398	0.905522	
0.200000	0.814198	1.096580	81.118000	64.440000	19.836079	0.874902	
0.200000	0.831140	1.322746	80.912000	63.190000	19.924858	0.875111	
0.200000	0.825697	0.862482	80.966000	70.120000	19.849652	0.923286	
0.200000	0.823047	1.042434	80.938000	67.040000	20.006301	0.836854	
0.200000	0.814211	0.728767	81.176000	75.860000	19.916869	0.862681	
0.200000	0.813675	1.639701	81.056000	55.610000	19.312659	0.832709	
0.200000	0.820006	0.818594	81.184000	73.680000	19.120423	0.816418	
0.200000	0.824529	0.724046	80.916000	75.410000	19.375412	0.869076	
0.200000	0.818520	0.934087	81.132000	67.800000	19.645797	0.885999	
0.200000	0.815943	0.984300	81.230000	69.100000	19.340916	0.863367	
0.200000	0.805258	1.206834	81.478000	63.230000	19.484576	0.846281	
0.200000	0.819814	0.790822	80.974000	75.430000	19.284299	0.861726	
0.200000	0.823529	1.183820	80.954000	65.990000	19.524487	0.833482	
0.200000	0.812477	0.780305	81.236000	72.880000	19.435338	0.815125	
0.200000	0.811558	0.988605	81.536000	69.900000	19.550138	0.844568	
0.200000	0.805042	1.547020	81.502000	56.800000	19.848021	0.870056	
0.200000	0.804927	0.849115	81.578000	71.780000	19.612597	0.883732	
0.200000	0.814647	1.462203	81.202000	58.110000	19.604024	0.805704	
0.200000	0.814052	1.137501	81.308000	64.870000	19.556972	0.902863	
0.200000	0.810430	0.764736	81.194000	74.460000	20.040755	0.841215	
0.200000	0.796264	1.080681	81.660000	65.070000	19.925709	0.866449	
0.200000	0.807245	1.012541	81.366000	68.930000	19.557996	0.892493	
0.200000	0.810403	0.975616	81.454000	67.740000	19.555137	0.833935	
0.200000	0.810548	1.234657	81.276000	63.360000	19.518126	0.855775	
0.200000	0.804026	1.076719	81.598000	67.080000	20.204681	0.841784	
0.200000	0.795451	0.780993	81.788000	73.240000	19.558464	0.858957	
0.200000	0.803335	0.804444	81.358000	74.500000	19.523775	0.823583	
0.200000	0.811792	1.191683	81.364000	63.770000	19.788938	0.812549	
0.200000	0.802544	1.087865	81.596000	64.300000	19.558017	0.835798	
0.200000	0.803795	1.031029	81.572000	68.790000	19.596459	0.822387	
0.200000	0.791437	0.855731	81.798000	71.380000	19.705876	0.910290	
0.200000	0.804099	0.986461	81.536000	71.100000	19.837886	0.896419	
0.200000	0.807467	0.711531	81.402000	76.840000	19.689578	0.876377	
0.200000	0.805225	1.167632	81.454000	65.720000	19.723677	0.872561	
0.200000	0.804920	0.996194	81.650000	68.920000	19.414649	0.866664	
0.200000	0.786788	0.908212	82.040000	69.720000	20.187444	0.891831	
0.200000	0.799931	1.052876	81.540000	66.700000	19.937446	0.819836	
0.200000	0.806077	0.909218	81.420000	70.950000	19.824680	0.931966	
0.200000	0.803260	0.970663	81.424000	66.990000	19.972078	0.911531	
0.200000	0.804352	2.041755	81.438000	55.910000	19.743378	0.830302	
0.200000	0.794524	0.795161	81.808000	73.860000	19.348008	0.786219	
0.200000	0.798558	1.147346	81.780000	68.580000	19.503153	0.872502	
0.200000	0.801675	0.829320	81.438000	72.290000	19.246562	0.798808	
0.200000	0.803642	0.786671	81.504000	72.600000	19.050009	0.871593	
0.200000	0.798986	1.167350	81.582000	66.750000	19.302869	0.817327	
0.200000	0.787595	0.918174	81.918000	70.360000	19.667753	0.825810	
0.200000	0.798671	0.880838	81.418000	72.670000	19.730650	0.832522	
0.200000	0.800141	1.026275	81.596000	68.310000	19.517521	0.846260	
0.200000	0.801385	2.206842	81.514000	46.850000	19.514042	0.812419	
0.200000	0.797544	0.761098	81.578000	75.090000	19.223126	0.831790	
0.200000	0.787977	1.039693	81.894000	66.510000	20.017167	0.846226	
0.200000	0.795983	1.123953	81.748000	64.540000	19.984338	0.873223	
0.020000	0.633205	0.366025	87.242000	87.620000	19.971702	0.810016	
0.020000	0.563634	0.357124	89.458000	88.110000	20.237154	0.833296	
0.020000	0.532520	0.362329	90.140000	87.870000	19.940997	0.856771	
0.020000	0.505062	0.356013	90.838000	88.050000	19.144228	0.813647	
0.020000	0.466991	0.358582	91.816000	88.270000	19.228706	0.914661	
0.020000	0.479146	0.351908	91.046000	88.200000	19.079521	0.832407	
0.020000	0.457623	0.360676	91.762000	88.280000	19.418309	0.870417	
0.020000	0.439512	0.363673	92.058000	87.940000	19.216132	0.907880	
0.020000	0.427603	0.371793	92.388000	87.690000	19.491591	0.813348	
0.020000	0.404379	0.390156	92.944000	87.680000	19.638404	0.877013	
0.020000	0.419252	0.377069	92.134000	87.580000	19.162264	0.883112	
0.020000	0.408638	0.427599	92.488000	86.080000	19.215586	0.856411	
0.020000	0.401222	0.403010	92.552000	87.070000	19.838853	0.847680	
0.020000	0.396977	0.411013	92.592000	87.100000	20.075055	0.831191	
0.020000	0.387723	0.408794	92.722000	87.030000	19.740161	0.949789	
0.020000	0.401676	0.424870	92.152000	86.290000	19.557522	0.884959	
0.020000	0.398339	0.453575	92.356000	85.270000	19.370928	0.846852	
0.020000	0.393144	0.415496	92.450000	86.910000	19.869115	0.855608	
0.020000	0.389162	0.446518	92.528000	86.160000	19.906145	0.879577	
0.020000	0.389386	0.407643	92.398000	87.180000	19.641234	0.890731	
0.020000	0.399354	0.449483	92.024000	85.690000	19.438327	0.793935	
0.020000	0.398809	0.576166	92.130000	82.020000	19.525085	0.823288	
0.020000	0.397884	0.433327	92.070000	86.110000	19.568254	0.850706	
0.020000	0.390453	0.440597	92.392000	85.990000	19.897802	0.805365	
0.020000	0.392839	0.433018	92.272000	86.310000	19.604825	0.933474	
0.020000	0.398204	0.452189	92.054000	85.790000	19.376146	0.880646	
0.020000	0.389998	0.494568	92.364000	83.760000	19.635344	0.871742	
0.020000	0.393593	0.527614	92.238000	84.320000	19.830741	0.878829	
0.020000	0.386804	0.488108	92.442000	84.990000	19.717683	0.830352	
0.020000	0.387449	0.512439	92.368000	84.520000	19.262290	0.870228	
0.020000	0.395024	0.430644	92.180000	86.050000	19.592821	0.839609	
0.020000	0.394325	0.507113	92.130000	83.930000	19.544731	0.878766	
0.020000	0.394152	0.457207	92.226000	86.050000	19.219969	0.822706	
0.020000	0.391051	0.502514	92.376000	85.150000	19.518924	0.828832	
0.020000	0.385385	0.442295	92.560000	86.300000	19.579756	0.831493	
0.020000	0.392912	0.456106	92.218000	85.740000	19.615880	0.848218	
0.020000	0.396114	0.489437	92.158000	83.940000	19.322896	0.831988	
0.020000	0.390136	0.540957	92.438000	83.870000	19.377321	0.894770	
0.020000	0.380675	0.468826	92.738000	85.640000	19.704965	0.780811	
0.020000	0.384004	0.488375	92.822000	85.130000	19.815125	0.827460	
0.020000	0.390223	0.510102	92.572000	84.450000	19.628690	0.860685	
0.020000	0.389225	0.512480	92.516000	84.110000	19.549152	0.835406	
0.020000	0.389809	0.529409	92.570000	84.580000	19.553498	0.877229	
0.020000	0.381147	0.427785	92.766000	86.640000	19.098262	0.882560	
0.020000	0.388222	0.459520	92.602000	85.810000	19.471410	0.890321	
0.020000	0.388058	0.479309	92.614000	85.670000	19.375169	0.807739	
0.020000	0.388030	0.500472	92.590000	84.960000	19.327554	0.829178	
0.020000	0.386178	0.507698	92.798000	85.440000	19.342185	0.853795	
0.020000	0.380221	0.571524	92.976000	83.130000	19.459763	0.895568	
0.020000	0.382471	0.552392	92.930000	83.780000	19.592338	0.852139	
0.020000	0.387620	0.448838	92.476000	85.920000	19.528900	0.879230	
0.020000	0.385190	0.549967	92.754000	83.220000	19.713189	0.845849	
0.020000	0.389470	0.426607	92.570000	86.820000	19.525709	0.844793	
0.020000	0.376428	0.508000	93.030000	84.240000	19.703443	0.847757	
0.020000	0.380876	0.494847	92.896000	85.300000	19.117683	0.815284	
0.020000	0.384719	0.462167	92.782000	85.640000	19.509358	0.904737	
0.020000	0.382330	0.495575	92.890000	84.920000	19.216026	0.863391	
0.002000	0.334658	0.345909	94.658000	89.030000	19.457025	0.914006	
0.002000	0.301417	0.341257	95.922000	89.300000	20.229541	0.884857	
0.002000	0.281664	0.341563	96.712000	89.370000	19.780029	0.840188	
0.002000	0.264820	0.338395	97.394000	89.590000	20.298505	0.870143	
0.002000	0.242860	0.343757	98.306000	89.250000	19.801347	0.855835	
0.002000	0.268020	0.346677	97.176000	89.410000	19.919913	0.957653	
0.002000	0.260002	0.345941	97.460000	89.250000	19.461545	0.824219	
0.002000	0.249074	0.347150	97.902000	89.330000	19.599333	0.834421	
0.002000	0.238562	0.346754	98.356000	89.560000	20.056180	0.865721	
0.002000	0.225612	0.351603	98.814000	89.390000	18.990170	0.881743	
0.002000	0.244980	0.357210	98.010000	89.280000	19.682934	0.838614	
0.002000	0.238833	0.357118	98.218000	89.080000	19.609703	0.924647	
0.002000	0.230313	0.358178	98.550000	89.190000	19.672151	0.836431	
0.002000	0.222829	0.357881	98.834000	89.430000	19.597640	0.853490	
0.002000	0.213559	0.362491	99.148000	89.460000	19.737902	0.808355	
0.002000	0.228270	0.367685	98.534000	89.160000	19.772969	0.863781	
0.002000	0.223023	0.368296	98.688000	89.160000	19.442218	0.884561	
0.002000	0.216146	0.368705	98.990000	88.990000	19.469071	0.848813	
0.002000	0.210501	0.368595	99.178000	89.300000	19.500884	0.808455	
0.002000	0.203487	0.372221	99.390000	89.380000	19.658962	0.874938	
0.002000	0.214868	0.377860	98.926000	89.300000	19.577925	0.870719	
0.002000	0.210318	0.376959	99.122000	89.120000	20.141928	0.819339	
0.002000	0.204584	0.378618	99.298000	89.050000	19.809556	0.814918	
0.002000	0.200089	0.377550	99.436000	89.240000	19.901207	0.824405	
0.002000	0.194668	0.381339	99.558000	89.370000	19.950243	0.863227	
0.002000	0.203530	0.388372	99.258000	89.270000	20.026471	0.834219	
0.002000	0.207308	0.389289	98.992000	89.170000	19.831914	0.882356	
0.002000	0.200053	0.391070	99.302000	89.150000	19.716101	0.816470	
0.002000	0.195528	0.391503	99.362000	89.210000	19.605942	0.815862	
0.002000	0.190854	0.390520	99.532000	89.310000	20.057918	0.853561	
0.002000	0.198449	0.395067	99.270000	89.200000	19.383969	0.931794	
