LearningRate	TrainLoss	ValidLoss	TrainAcc.	ValidAcc.	TrainEpochTime(s)	TestEpochTime(s)	
0.100000	1.822369	1.761802	31.840000	35.310000	21.163334	1.083494	
0.100000	1.492369	1.469996	44.666000	45.940000	21.663749	1.111121	
0.100000	1.349303	1.294579	50.118000	52.840000	21.489531	1.099418	
0.100000	1.244783	1.323933	54.404000	53.360000	21.673497	1.084109	
0.100000	1.156470	1.495105	57.952000	48.650000	21.869066	1.101657	
0.100000	1.083994	1.355736	61.162000	53.980000	21.718361	1.106279	
0.100000	1.017989	1.391038	63.366000	53.970000	21.745466	1.141161	
0.100000	0.963179	1.160430	65.482000	59.440000	21.929750	1.198544	
0.100000	0.913771	1.169899	67.728000	59.950000	22.205086	1.109874	
0.100000	0.869493	1.193189	69.022000	60.700000	22.204428	1.131638	
0.100000	0.826440	1.323670	70.876000	57.920000	21.573164	1.106015	
0.100000	0.788777	1.102719	72.034000	62.630000	21.289634	1.105360	
0.100000	0.754634	0.944847	73.234000	68.160000	21.408012	1.117216	
0.100000	0.722252	1.050737	74.544000	66.740000	21.546576	1.100065	
0.100000	0.692169	1.049643	75.684000	66.620000	21.672474	1.140490	
0.100000	0.669561	1.153494	76.368000	63.690000	21.717899	1.125663	
0.100000	0.647483	0.790482	77.264000	72.340000	21.718387	1.230788	
0.100000	0.623497	1.095496	78.086000	64.890000	21.980312	1.115118	
0.100000	0.605238	0.758799	78.796000	74.240000	21.953347	1.121366	
0.100000	0.586321	0.848386	79.396000	71.930000	22.209950	1.143044	
0.100000	0.569864	0.779063	80.044000	74.410000	21.509262	1.120889	
0.100000	0.558514	1.011553	80.456000	68.930000	21.528633	1.102999	
0.100000	0.540379	0.871015	81.216000	71.940000	21.797853	1.147442	
0.100000	0.529148	1.063007	81.484000	67.760000	21.863602	1.109867	
0.100000	0.519965	0.667187	81.828000	77.260000	22.179167	1.102041	
0.100000	0.506993	0.830015	82.390000	72.870000	21.327094	1.166155	
0.100000	0.489481	0.823479	83.076000	73.970000	21.610168	1.126981	
0.100000	0.481458	0.813096	83.272000	75.130000	21.691488	1.108537	
0.100000	0.472682	0.712112	83.460000	75.640000	21.802199	1.079944	
0.100000	0.464928	1.041174	83.766000	68.570000	22.074528	1.104326	
0.100000	0.457006	0.740460	83.992000	75.850000	21.713369	1.123226	
0.100000	0.444159	0.696303	84.396000	77.230000	21.690121	1.119207	
0.100000	0.434407	0.633562	84.660000	79.520000	21.839722	1.122742	
0.100000	0.429357	0.943107	84.912000	72.470000	22.162250	1.125455	
0.100000	0.419505	0.704065	85.198000	77.370000	22.243936	1.155221	
0.100000	0.410083	0.729763	85.674000	76.710000	21.512534	1.136906	
0.100000	0.402771	0.888246	85.894000	73.550000	21.629613	1.103691	
0.100000	0.398460	0.777836	85.970000	76.140000	22.027591	1.109790	
0.100000	0.388894	0.598379	86.468000	80.900000	22.322991	1.091624	
0.100000	0.383804	0.935685	86.588000	73.900000	22.115456	1.098564	
0.100000	0.371714	0.620499	87.008000	79.680000	21.731925	1.097584	
0.100000	0.370488	0.744995	87.240000	78.200000	21.664407	1.093114	
0.100000	0.360861	1.173800	87.366000	69.510000	21.640193	1.089380	
0.100000	0.359342	1.021861	87.428000	71.390000	22.156265	1.108124	
0.100000	0.348589	0.670964	87.888000	78.770000	22.148236	1.198095	
0.100000	0.341924	0.633714	87.972000	80.400000	21.527705	1.127977	
0.100000	0.334411	0.612844	88.122000	80.800000	21.562604	1.101678	
0.100000	0.333981	0.666750	88.390000	79.590000	22.109510	1.100340	
0.100000	0.323204	0.717172	88.684000	77.830000	22.050215	1.115236	
0.100000	0.318793	0.895965	88.924000	75.450000	22.060507	1.148495	
0.100000	0.315618	0.608598	88.968000	80.990000	21.464563	1.111564	
0.100000	0.310517	0.842610	89.076000	76.290000	21.701184	1.114918	
0.100000	0.308795	0.958385	89.238000	72.940000	21.925835	1.103250	
0.100000	0.300196	0.898863	89.384000	74.800000	21.733925	1.151450	
0.100000	0.296273	0.737065	89.626000	78.990000	21.899498	1.140392	
0.100000	0.287941	0.896311	89.784000	75.710000	21.813640	1.111606	
0.100000	0.285661	0.612016	89.960000	81.640000	21.375362	1.114029	
0.100000	0.282720	0.911706	90.166000	75.920000	21.663366	1.106240	
0.100000	0.273856	0.667609	90.372000	80.700000	21.950287	1.138640	
0.100000	0.271756	0.621132	90.390000	81.160000	21.836124	1.101351	
0.100000	0.267459	1.052225	90.566000	72.300000	21.848531	1.102895	
0.100000	0.262191	0.838336	90.832000	77.300000	21.901659	1.107123	
0.100000	0.260997	0.701813	90.828000	79.370000	21.808606	1.150678	
0.100000	0.256823	0.671321	90.936000	80.120000	21.980272	1.102695	
0.100000	0.254199	1.118234	91.150000	72.320000	22.185917	1.135880	
0.100000	0.251653	0.720393	91.128000	79.550000	21.751144	1.088501	
0.100000	0.248859	0.781921	91.162000	77.720000	21.660251	1.122250	
0.100000	0.241727	0.640080	91.530000	81.660000	21.657164	1.140517	
0.100000	0.235140	0.958214	91.802000	75.700000	21.918227	1.160153	
0.100000	0.231214	0.746141	91.862000	79.030000	21.885571	1.099392	
0.100000	0.232661	0.646605	91.702000	81.270000	21.571903	1.105773	
0.100000	0.225928	0.785174	92.022000	79.110000	21.446495	1.166685	
0.100000	0.222513	0.995882	92.108000	75.880000	21.914078	1.097671	
0.100000	0.219789	1.309854	92.206000	72.710000	22.047032	1.114030	
0.100000	0.218424	0.822623	92.348000	79.800000	21.979112	1.083150	
0.100000	0.214231	0.900081	92.448000	76.910000	21.594189	1.100663	
0.100000	0.209583	0.769749	92.560000	79.770000	21.359160	1.111560	
0.100000	0.209505	0.601609	92.582000	82.950000	21.711238	1.090860	
0.100000	0.207628	0.612187	92.658000	83.010000	21.949087	1.140024	
0.100000	0.197802	0.635215	92.890000	82.580000	22.026004	1.090895	
0.100000	0.197176	1.151155	93.056000	73.200000	21.466808	1.136220	
0.100000	0.193948	0.745771	93.074000	81.220000	21.466604	1.116998	
0.100000	0.188257	0.661021	93.274000	81.680000	21.668824	1.115294	
0.100000	0.190746	0.799761	93.196000	79.180000	21.833333	1.101472	
0.100000	0.186414	0.627427	93.406000	83.120000	22.007190	1.134000	
0.100000	0.184293	0.732865	93.326000	81.060000	21.616981	1.113021	
0.100000	0.185321	0.935881	93.332000	79.030000	21.522342	1.143272	
0.100000	0.178904	0.762016	93.582000	79.680000	21.696792	1.083885	
0.100000	0.175181	0.809332	93.742000	80.010000	21.982015	1.077780	
0.100000	0.173544	1.091584	93.850000	76.810000	22.244917	1.121535	
0.100000	0.172017	0.828277	93.846000	79.730000	21.674097	1.114875	
0.100000	0.168395	0.727796	93.982000	81.770000	21.570394	1.137206	
0.100000	0.170869	0.683499	93.922000	82.380000	21.956500	1.106517	
0.100000	0.166040	0.670466	94.130000	82.210000	22.321177	1.137909	
0.100000	0.166016	0.922711	94.224000	77.590000	22.216199	1.129274	
0.100000	0.157479	0.956842	94.468000	78.090000	21.532938	1.122185	
0.100000	0.160094	0.696611	94.268000	82.430000	21.534558	1.092774	
0.100000	0.154856	0.745001	94.362000	81.270000	21.726425	1.084253	
0.100000	0.152236	1.144910	94.598000	75.410000	22.116055	1.140919	
0.100000	0.148694	1.022522	94.644000	77.860000	22.075413	1.133906	
0.100000	0.148572	0.964467	94.780000	79.420000	21.378286	1.122192	
0.100000	0.149534	0.792979	94.720000	80.600000	21.442346	1.090921	
0.100000	0.149382	1.182629	94.640000	77.430000	21.807905	1.128478	
0.100000	0.145044	0.903342	94.760000	78.410000	22.100535	1.109964	
0.100000	0.145358	0.697158	94.874000	82.840000	22.022624	1.124933	
0.100000	0.142134	0.844848	94.874000	80.820000	21.515562	1.094643	
0.100000	0.138146	1.111869	95.080000	77.330000	21.585607	1.093916	
0.100000	0.136676	0.700392	95.140000	83.170000	21.854298	1.140833	
0.100000	0.135058	0.695876	95.222000	82.860000	21.986707	1.110208	
0.100000	0.134771	0.829231	95.178000	82.540000	21.955669	1.167497	
0.100000	0.133492	0.884664	95.220000	80.440000	21.509484	1.095536	
0.100000	0.130026	0.713984	95.330000	83.430000	21.753802	1.132490	
0.100000	0.130061	0.810956	95.390000	81.090000	21.947922	1.123550	
0.100000	0.127387	0.895722	95.428000	81.100000	22.100740	1.087354	
0.100000	0.123855	0.784943	95.514000	82.110000	21.944280	1.097162	
0.100000	0.126735	0.826418	95.414000	80.510000	21.544774	1.091204	
0.100000	0.124052	0.853309	95.518000	80.910000	21.464001	1.117109	
0.100000	0.120326	0.652410	95.652000	84.810000	21.464123	1.119630	
0.100000	0.120160	0.689454	95.734000	83.860000	21.735161	1.104175	
0.100000	0.118773	0.897610	95.788000	80.640000	21.746531	1.188306	
0.100000	0.115213	0.830813	95.846000	82.310000	22.131129	1.100898	
0.100000	0.113905	0.956896	95.966000	79.940000	21.760085	1.149987	
0.100000	0.112111	1.191647	96.052000	76.550000	21.847291	1.098314	
0.100000	0.111714	0.925713	96.024000	80.850000	21.935895	1.133338	
0.100000	0.108828	0.825104	96.206000	82.950000	22.094292	1.107799	
0.100000	0.109043	0.800902	96.074000	81.670000	21.517907	1.113979	
0.100000	0.110476	1.517938	96.116000	74.510000	21.777230	1.105341	
0.100000	0.105389	1.013112	96.084000	79.880000	21.969174	1.105015	
0.100000	0.106052	0.675359	96.100000	84.330000	21.954810	1.186499	
0.100000	0.108343	0.781192	96.210000	82.220000	21.990900	1.114519	
0.100000	0.103904	0.877253	96.256000	80.750000	21.458616	1.122623	
0.100000	0.104500	0.810348	96.280000	82.450000	21.657452	1.264615	
0.100000	0.103833	0.753598	96.230000	82.880000	21.715428	1.127629	
0.100000	0.098783	0.912977	96.432000	81.090000	22.025699	1.137351	
0.100000	0.095480	0.743648	96.564000	83.130000	22.324918	1.108174	
0.100000	0.097939	0.798782	96.560000	83.070000	21.881594	1.137028	
0.100000	0.095078	0.853742	96.610000	82.400000	21.694854	1.104145	
0.100000	0.096970	0.722765	96.454000	84.680000	21.889292	1.184330	
0.100000	0.090666	0.827960	96.884000	82.550000	22.384574	1.142686	
0.100000	0.092321	0.841329	96.670000	82.060000	22.132348	1.199882	
0.100000	0.093193	0.979071	96.614000	79.880000	21.309338	1.098142	
0.100000	0.087794	0.833473	96.944000	82.690000	21.413559	1.121747	
0.100000	0.089446	1.043461	96.700000	79.330000	21.520199	1.106907	
0.100000	0.089722	1.174409	96.876000	78.810000	21.992080	1.133143	
0.100000	0.092516	0.741141	96.642000	83.920000	21.850470	1.130215	
0.100000	0.086414	0.713841	96.898000	85.030000	21.887161	1.102794	
0.100000	0.086817	0.981580	96.820000	80.200000	21.839095	1.117547	
0.100000	0.082069	0.979608	97.070000	81.060000	21.780827	1.099367	
0.100000	0.080974	0.966180	97.100000	80.670000	21.634822	1.130081	
0.100000	0.082581	0.757072	96.970000	84.090000	22.425869	1.182911	
0.100000	0.082683	1.015031	97.044000	81.360000	21.209359	1.162869	
0.100000	0.083911	0.893533	96.986000	83.340000	21.490588	1.121182	
0.100000	0.082928	0.929862	96.930000	81.900000	21.388570	1.094070	
0.100000	0.081055	0.858697	97.120000	83.380000	21.943138	1.157951	
0.100000	0.081430	0.698354	97.056000	85.430000	21.882867	1.193819	
0.100000	0.078539	0.830394	97.258000	83.500000	21.860601	1.147071	
0.100000	0.077524	0.835242	97.240000	84.060000	21.766156	1.254622	
0.100000	0.073709	1.128589	97.374000	79.440000	21.824595	1.156099	
0.100000	0.080183	0.924755	97.128000	81.600000	22.176589	1.183465	
0.100000	0.075376	0.928478	97.352000	81.870000	22.196595	1.258066	
0.100000	0.073457	1.181939	97.346000	79.320000	21.697451	1.226008	
0.100000	0.067615	0.859750	97.628000	83.170000	21.659894	1.081915	
0.100000	0.074072	0.820923	97.336000	83.440000	21.855330	1.113315	
0.100000	0.072680	0.722784	97.380000	85.180000	22.142026	1.195920	
0.100000	0.073598	0.771617	97.362000	84.370000	21.976733	1.189662	
0.100000	0.072438	1.163550	97.442000	79.300000	21.828758	1.166048	
0.100000	0.073051	0.785656	97.336000	83.890000	21.582545	1.114207	
0.100000	0.072345	0.832836	97.416000	83.330000	21.824384	1.268288	
0.100000	0.069443	0.765455	97.498000	84.420000	22.104548	1.193767	
0.100000	0.068588	0.906702	97.540000	83.650000	22.130753	1.226966	
0.100000	0.068038	0.872842	97.506000	83.780000	21.270510	1.105288	
0.100000	0.070645	0.780186	97.498000	84.600000	21.300673	1.149092	
0.100000	0.067796	0.801371	97.592000	84.010000	21.570383	1.176989	
0.100000	0.068241	0.857095	97.524000	83.860000	21.721752	1.168570	
0.100000	0.064447	1.063594	97.654000	81.550000	21.913690	1.198934	
0.100000	0.067356	1.287765	97.652000	77.740000	21.943380	1.128508	
0.100000	0.070305	0.808739	97.528000	84.300000	22.094157	1.245402	
0.100000	0.064724	0.833825	97.674000	83.820000	21.963284	1.115459	
0.100000	0.062892	0.964083	97.732000	82.330000	22.099030	1.219438	
0.100000	0.064632	0.882405	97.616000	82.740000	22.598005	1.190204	
