LearningRate	TrainLoss	ValidLoss	TrainAcc.	ValidAcc.	TrainEpochTime(s)	TestEpochTime(s)	
0.111328	2.493147	1.531044	31.378000	42.930000	181.661645	3.565386	
0.111328	1.906680	1.378105	51.824000	53.890000	184.968664	3.475595	
0.111328	1.565089	1.014707	62.832000	64.040000	183.719713	3.506411	
0.111328	1.331274	0.998466	69.580001	65.580000	176.503145	3.439152	
0.111328	1.157611	0.889840	74.238001	70.060000	170.726607	3.134357	
0.115234	1.023711	1.196344	75.804001	63.300000	179.044727	3.695148	
0.115234	0.947275	1.020575	78.250002	67.290000	178.832690	3.450353	
0.115234	0.898995	0.735741	79.378002	75.330000	178.587120	3.382433	
0.115234	0.854154	0.835064	80.672002	72.200000	170.271075	3.378171	
0.115234	0.839048	0.769312	81.118002	73.730000	165.484820	3.123634	
0.118359	0.818890	1.402616	80.730000	62.160000	165.359769	3.602772	
0.118359	0.858413	0.936166	79.768000	69.760000	161.886111	3.273524	
0.118359	0.838186	1.568941	80.748000	56.640000	161.703162	3.241024	
0.118359	0.893439	1.016851	79.260000	66.090000	155.143248	3.274227	
0.118359	0.933811	1.258310	78.114000	59.910000	154.862493	3.226113	
0.118750	0.784185	0.654237	82.721999	78.440000	150.823407	3.736821	
0.118750	0.773665	0.820452	82.705999	73.490000	160.471079	3.299747	
0.118750	0.759776	0.956638	83.179999	69.900000	160.719452	3.234910	
0.118750	0.750743	0.848344	83.209999	72.240000	152.587077	3.213241	
0.118750	0.754984	0.788351	82.929999	73.780000	159.605943	3.102079	
0.119141	0.734437	0.819217	83.587999	74.470000	143.180858	3.717793	
0.119141	0.738060	0.926351	83.633999	71.700000	159.165412	3.219684	
0.119141	0.730792	0.651048	83.761999	78.570000	158.872578	3.223028	
0.119141	0.723316	0.655722	83.981999	77.960000	150.623649	3.216884	
0.119141	0.724203	1.237344	84.103999	68.030000	159.257814	3.236432	
0.119531	0.717828	0.882823	84.276003	70.830000	138.852575	3.371926	
0.119531	0.719179	0.733732	84.124003	76.630000	159.384864	3.248819	
0.119531	0.723817	0.811193	83.962003	74.570000	160.074684	3.230432	
0.119531	0.716057	0.976571	84.328003	69.900000	151.617632	3.370710	
0.119531	0.714243	0.730873	84.540003	76.930000	158.625573	3.350535	
0.119531	0.704038	0.874567	84.888003	73.550000	146.239971	3.337264	
0.119531	0.698232	0.920061	84.946003	70.390000	129.159376	2.951401	
0.119531	0.701701	1.122560	84.736003	66.050000	149.553921	2.972379	
0.119531	0.707137	0.777127	84.910003	73.510000	142.515882	2.820773	
0.119531	0.701024	0.675040	84.790003	77.860000	148.816681	3.015347	
0.119531	0.693545	0.770582	85.158003	76.220000	143.822873	3.549999	
0.119531	0.707769	0.607172	84.640003	79.790000	145.096578	2.797714	
0.119531	0.693350	0.803407	85.080003	74.530000	137.649173	2.941157	
0.119531	0.695955	0.557451	85.212003	81.480000	149.450021	2.966349	
0.119531	0.693965	0.647440	85.286003	78.880000	142.280946	3.055128	
0.119922	0.683166	0.569659	85.375997	81.020000	144.220241	3.401950	
0.119922	0.688887	0.627940	85.375997	79.680000	147.743933	3.158415	
0.119922	0.689755	1.358768	85.339997	62.300000	133.050264	2.882095	
0.119922	0.693153	0.694027	85.213997	78.380000	148.316247	3.057817	
0.119922	0.688904	0.818146	85.325996	73.000000	140.916635	3.014982	
0.119922	0.676083	0.978771	85.701997	71.100000	149.874309	3.379199	
0.119922	0.685737	0.594181	85.461997	80.010000	141.366123	2.996799	
0.119922	0.682797	0.955335	85.553997	70.880000	147.285000	3.199481	
0.119922	0.685291	0.727698	85.431997	77.600000	133.370820	2.971818	
0.119922	0.682439	0.879696	85.463997	74.120000	140.559150	3.334296	
0.119922	0.675185	0.684122	85.705997	78.130000	151.514256	3.510286	
0.119922	0.687781	0.847668	85.315997	73.920000	140.113542	3.145487	
0.119922	0.680471	0.664951	85.633997	79.100000	149.381083	3.057747	
0.119922	0.675663	0.588073	85.767997	81.070000	141.063313	2.939267	
0.119922	0.676545	0.617408	85.683997	78.890000	140.665523	2.970430	
0.119922	0.670522	0.687925	85.987997	77.250000	151.821798	3.547904	
0.119922	0.674042	0.827130	85.715997	74.760000	140.957783	3.006120	
0.119922	0.677284	0.823019	85.693997	74.240000	148.989224	3.309508	
0.119922	0.669678	0.819877	85.857997	74.050000	141.645432	2.924270	
0.119922	0.683703	0.492493	85.461997	83.200000	141.395951	3.143681	
0.119922	0.665515	0.628425	86.017997	79.100000	148.113323	3.446465	
0.119922	0.674460	0.645037	85.839997	78.610000	147.584731	2.812225	
0.119922	0.663830	0.844481	86.029997	75.510000	144.173675	3.009557	
0.119922	0.679539	0.782139	85.519997	74.920000	146.067679	2.804590	
0.119922	0.676990	0.577016	85.697997	81.230000	136.752323	3.295955	
0.120313	0.660985	0.624000	86.149999	80.120000	149.980209	3.501876	
0.120313	0.668213	1.164199	85.871999	68.670000	148.405752	2.954668	
0.120313	0.675278	0.688904	85.817999	78.210000	141.184746	3.039066	
0.120313	0.667624	0.727055	86.112000	77.020000	143.231686	2.789328	
0.120313	0.669592	1.008644	85.957999	70.140000	146.035180	2.853433	
0.120313	0.662404	0.628033	86.162000	79.600000	151.056926	3.778268	
0.120313	0.671804	0.871392	85.913999	74.320000	148.850337	3.175026	
0.120313	0.669891	0.660845	85.921999	77.170000	140.552637	3.262493	
0.120313	0.668591	0.740611	85.971999	77.110000	141.230714	2.999998	
0.120313	0.670565	0.876526	85.843999	72.220000	148.909276	2.954773	
0.120313	0.661276	0.936860	86.147999	71.530000	140.599787	3.371311	
0.120313	0.660968	0.884739	86.206000	74.090000	139.329221	2.875426	
0.120313	0.667080	0.719291	86.111999	76.240000	130.656896	2.955462	
0.120313	0.666421	0.886881	85.901999	73.110000	131.992682	2.859777	
0.120313	0.672579	0.889374	85.907999	74.620000	138.238943	2.892136	
0.120313	0.650621	0.682194	86.463999	78.580000	127.141156	3.215581	
0.120313	0.662876	0.779444	86.042000	74.670000	138.267133	2.880820	
0.120313	0.658943	0.723662	86.265999	76.820000	129.865083	2.920196	
0.120313	0.664419	1.007140	85.951999	70.630000	137.150050	2.683946	
0.120313	0.664254	0.820484	86.069999	74.930000	133.378943	2.808667	
0.120313	0.652761	0.718375	86.461999	77.860000	133.107087	3.229254	
0.120313	0.655534	0.723485	86.331999	76.630000	131.201406	3.011888	
0.120313	0.659442	0.592112	86.063999	80.380000	138.310600	3.008525	
0.120313	0.665687	0.811535	85.871999	72.630000	131.496363	2.874617	
0.120313	0.660359	0.641096	86.235999	78.930000	130.819468	2.925205	
0.120313	0.647880	0.956861	86.675999	70.990000	134.009660	3.295563	
0.120313	0.655063	0.660794	86.251999	78.890000	131.363192	3.187279	
0.012031	0.531659	0.296289	90.582000	90.280000	139.580769	2.814660	
0.012031	0.476537	0.283905	92.373999	90.770000	131.423890	2.833473	
0.012031	0.457443	0.275188	92.885999	90.930000	129.665095	2.964007	
0.120313	0.655584	1.005249	85.959999	71.230000	140.797839	3.147004	
0.120313	0.665633	0.663952	85.953999	78.030000	133.266847	2.836562	
0.120313	0.662494	0.626949	86.205999	80.140000	130.431202	2.861987	
0.120313	0.655788	0.806605	86.147999	74.320000	133.951087	2.749016	
0.120313	0.661617	0.616868	86.080000	79.900000	129.729984	2.840840	
0.120313	0.650604	0.755510	86.413999	75.910000	141.720865	3.309766	
0.120313	0.660852	1.075146	86.107999	70.700000	131.881573	2.779749	
0.120313	0.662874	0.591652	86.007999	80.300000	138.155861	2.746988	
0.120313	0.657555	0.879762	86.312000	73.300000	131.486560	2.902612	
0.120313	0.662585	1.556591	86.085999	63.710000	121.259439	2.855881	
0.120313	0.648699	0.627343	86.483999	79.920000	141.999182	3.517816	
0.120313	0.662581	0.527180	86.103999	82.590000	130.620267	2.790513	
0.120313	0.657114	1.298942	86.277999	65.440000	138.402418	2.974608	
0.120313	0.654010	0.944634	86.367999	72.050000	130.089743	2.905895	
0.120313	0.653266	0.724741	86.391999	76.200000	122.948730	2.937344	
0.120313	0.650518	0.608303	86.523999	80.150000	141.115080	3.341170	
0.120313	0.656236	0.634347	86.361999	79.250000	137.548146	2.772496	
0.120313	0.657051	0.910467	86.165999	72.370000	133.132710	2.947401	
0.120313	0.656236	0.605532	86.317999	80.280000	138.959846	3.007404	
0.120313	0.652862	0.646268	86.409999	79.650000	118.882883	2.805059	
0.120313	0.642380	0.732069	86.847999	75.810000	141.568370	3.267604	
0.120313	0.656315	0.566772	86.248000	81.500000	138.322705	2.875607	
0.120313	0.656146	0.714846	86.405999	76.970000	130.865541	2.959646	
0.120313	0.653478	0.674481	86.359999	79.110000	138.859189	2.845379	
0.120313	0.649292	0.784297	86.553999	75.990000	130.968135	2.724819	
0.120313	0.647851	1.259113	86.384000	64.600000	139.283648	3.322500	
0.120313	0.661899	0.631816	86.053999	78.860000	138.581208	2.809997	
0.120313	0.650366	0.521052	86.549999	81.440000	131.008898	2.948860	
0.120313	0.657590	0.802351	86.365999	76.510000	137.981720	2.707021	
0.120313	0.659020	0.791373	86.275999	75.490000	131.154753	2.883802	
0.120313	0.645951	0.708415	86.660000	77.690000	121.911661	3.312945	
0.120313	0.652930	0.891039	86.286000	74.330000	138.429483	2.909892	
0.120313	0.654655	1.111241	86.391999	68.810000	131.226663	2.774210	
0.120313	0.647906	0.607691	86.535999	80.080000	136.751736	2.755851	
0.120313	0.652838	0.629455	86.273999	80.030000	131.992729	2.769009	
0.120313	0.649009	0.561587	86.277999	80.070000	129.307882	3.196622	
0.120313	0.650884	0.657785	86.526000	78.360000	132.216509	2.888425	
0.120313	0.656594	0.541168	86.120000	81.960000	138.298708	2.734431	
0.120313	0.642284	0.647225	86.805999	79.840000	130.874762	2.682035	
0.120313	0.651938	0.627317	86.327999	79.050000	132.715710	2.866445	
0.120313	0.639621	0.599729	86.597999	80.120000	139.449821	3.155157	
0.120313	0.656716	0.736309	86.201999	76.420000	123.621692	2.991285	
0.120313	0.654430	0.502641	86.307999	82.930000	138.417261	2.956299	
0.120313	0.647745	0.809044	86.403999	74.810000	128.813087	2.713301	
0.120313	0.650187	0.560142	86.368000	81.440000	133.360113	2.953082	
0.120703	0.640781	0.565307	86.769996	80.840000	140.613731	3.349621	
0.120703	0.652551	0.916341	86.311996	73.450000	129.772897	2.826989	
0.120703	0.642603	0.737837	86.679996	75.060000	131.139651	2.804351	
0.120703	0.644772	0.777049	86.605996	76.210000	124.871823	2.597267	
0.120703	0.651649	0.622449	86.275996	79.890000	134.796699	2.980663	
0.120703	0.642598	0.547738	86.621996	81.690000	140.094400	3.296085	
0.120703	0.644128	0.876211	86.533996	73.940000	129.836666	2.864911	
0.120703	0.649200	0.559580	86.391996	82.120000	129.637817	2.868930	
0.120703	0.642081	1.302479	86.515996	65.540000	132.649614	2.493781	
0.012070	0.517262	0.293713	91.055996	90.110000	127.283931	2.809458	
0.120703	0.640226	0.635427	86.543996	78.670000	138.877477	3.392376	
0.120703	0.654195	0.642062	86.235996	79.440000	137.498542	2.705853	
0.120703	0.651581	0.668628	86.285996	78.390000	129.424901	2.718817	
0.120703	0.645684	0.731297	86.405996	77.070000	126.477578	2.727133	
0.120703	0.648283	0.836865	86.385996	75.990000	128.268842	2.852203	
0.120703	0.639484	0.611726	86.759996	79.960000	139.998165	3.236758	
0.120703	0.643333	0.783530	86.657996	75.380000	137.226352	2.977129	
0.120703	0.643076	0.682159	86.607996	77.930000	129.024185	2.869247	
0.120703	0.652446	0.675570	86.461996	78.220000	123.703238	2.786601	
0.120703	0.640291	0.564040	86.659996	81.500000	130.066640	2.799088	
0.120703	0.638778	0.793577	86.711996	75.370000	140.330153	3.514434	
0.120703	0.644539	0.639439	86.677996	79.610000	137.351152	3.123912	
0.120703	0.649150	0.644617	86.395996	79.830000	134.781345	2.655191	
0.120703	0.649264	0.669186	86.529996	78.040000	117.106040	2.897038	
0.120703	0.651741	0.791441	86.335996	75.910000	135.669703	2.766029	
0.120703	0.638776	0.721569	86.743996	77.930000	139.967700	3.401381	
0.120703	0.649440	0.778526	86.337996	75.310000	137.669257	2.946114	
0.120703	0.647764	0.760474	86.269996	76.030000	138.062972	2.860410	
0.120703	0.645223	0.737579	86.413996	76.930000	122.487988	2.711195	
0.120703	0.647646	0.574216	86.523996	81.460000	130.695804	3.211000	
0.120703	0.637251	0.791533	86.787996	75.260000	138.563972	3.811734	
0.120703	0.641788	1.048204	86.759996	69.040000	137.133402	3.048302	
0.120703	0.639942	0.602909	86.719996	78.740000	136.936557	2.974963	
0.120703	0.640665	0.676840	86.661996	77.530000	119.121852	3.016135	
0.120703	0.642235	0.536759	86.527996	82.650000	129.166569	3.112963	
0.120703	0.637802	0.716935	86.609996	76.490000	132.170862	3.343079	
0.120703	0.651011	0.641300	86.403996	79.810000	136.792104	2.836442	
0.120703	0.650620	0.692360	86.335996	77.890000	137.596354	2.915839	
0.120703	0.651830	0.621814	86.359996	79.620000	128.832948	2.711617	
0.120703	0.644899	0.966599	86.577996	70.840000	122.544421	2.961720	
