LearningRate	TrainLoss	ValidLoss	TrainAcc.	ValidAcc.	TrainEpochTime(s)	TestEpochTime(s)	
0.100000	2.544305	1.894028	32.986000	39.600000	195.397907	4.195761	
0.100000	1.933262	1.296655	53.974000	56.690000	202.532566	4.090552	
0.100000	1.533215	0.935724	66.364000	67.730000	204.392996	4.896412	
0.100000	1.304256	0.861618	72.644000	69.530000	198.367673	4.695964	
0.100000	1.158752	1.083219	75.824000	64.320000	183.587790	4.382694	
0.100000	1.055246	1.184217	78.260000	63.970000	201.470294	4.982753	
0.100000	0.999176	1.043300	79.000000	66.480000	203.955326	4.993770	
0.100000	0.944706	0.972200	80.006000	67.310000	203.475264	4.607422	
0.100000	0.916349	1.278344	80.596000	62.110000	208.392891	5.098136	
0.100000	0.892321	0.859494	81.242000	71.680000	186.796804	4.567773	
0.100000	0.865147	0.811241	81.870000	73.230000	203.547361	4.238042	
0.100000	0.869761	1.452201	81.658000	63.000000	203.727373	4.306392	
0.100000	0.850530	0.728920	82.268000	76.290000	203.910528	3.847352	
0.100000	0.834549	0.736860	82.558000	75.820000	201.358035	4.091393	
0.100000	0.838916	0.807895	82.446000	73.360000	185.215035	3.747114	
0.100000	0.822800	0.812515	83.000000	73.880000	201.647345	3.661510	
0.100000	0.821182	0.852223	83.048000	73.310000	201.026455	3.512028	
0.100000	0.811791	0.842558	83.500000	72.060000	199.125235	3.414229	
0.100000	0.818842	0.789466	83.368000	73.510000	199.013678	3.416765	
0.100000	0.803044	0.733656	83.622000	75.040000	184.226069	3.370775	
0.100000	0.789336	0.744013	84.008000	75.040000	201.408306	3.502222	
0.100000	0.798527	0.878230	83.744000	71.830000	202.062265	3.541546	
0.100000	0.797315	0.712701	83.824000	76.700000	202.277784	3.545762	
0.100000	0.801447	0.897358	84.022000	72.000000	199.747288	3.311465	
0.100000	0.782457	0.655485	84.352000	78.190000	183.327991	3.847565	
0.100000	0.770548	0.653768	84.722000	78.380000	199.407260	4.334374	
0.100000	0.783668	0.912590	84.266000	72.980000	193.964995	4.725035	
0.100000	0.779006	0.865086	84.534000	73.720000	196.470760	4.319404	
0.100000	0.775503	1.026770	84.770000	69.530000	191.535897	3.922731	
0.100000	0.777117	0.620091	84.578000	79.380000	186.101042	4.299630	
0.100000	0.762585	0.914883	85.006000	72.560000	192.656312	5.275782	
0.100000	0.775226	0.706206	84.534000	77.120000	197.340262	4.436558	
0.100000	0.768670	1.001313	84.700000	69.770000	202.498798	4.336602	
0.100000	0.758571	0.914341	85.078000	73.160000	182.437522	3.534717	
0.100000	0.757452	0.688462	85.042000	77.750000	189.136628	3.923720	
0.100000	0.760785	1.143640	85.064000	67.340000	184.845893	4.110938	
0.100000	0.756482	0.915482	85.074000	73.130000	185.033575	3.845290	
0.100000	0.761940	0.786192	84.884000	75.440000	186.282338	3.602998	
0.100000	0.753918	0.820697	85.172000	75.050000	173.541485	4.122277	
0.100000	0.748604	0.660406	85.208000	79.090000	176.742037	3.881071	
0.100000	0.741406	0.780343	85.398000	75.370000	179.364070	5.098536	
0.100000	0.749046	0.655337	85.122000	77.420000	187.380243	3.857466	
0.100000	0.741004	0.572745	85.366000	80.860000	184.489131	3.952623	
0.100000	0.745377	0.578126	85.364000	80.630000	177.919326	3.942654	
0.100000	0.738824	0.604401	85.554000	79.240000	171.104398	3.972880	
0.100000	0.731174	0.832545	85.718000	72.390000	168.777751	4.542218	
0.100000	0.740216	0.784897	85.432000	75.490000	172.093796	3.892455	
0.100000	0.743747	0.737032	85.344000	75.150000	171.430556	4.310172	
0.100000	0.730984	0.585582	85.760000	80.190000	169.692047	3.977490	
0.100000	0.739485	0.824418	85.592000	74.470000	152.286668	3.723356	
0.100000	0.726876	0.573894	85.878000	80.900000	158.811404	4.154278	
0.100000	0.733473	0.887895	85.426000	73.750000	171.761730	3.909357	
0.100000	0.735474	0.938384	85.472000	71.980000	174.462210	3.571922	
0.100000	0.731007	1.039508	85.700000	71.950000	172.748490	4.099506	
0.100000	0.732052	1.247709	85.510000	65.500000	168.200727	3.612710	
0.100000	0.718402	0.786305	86.028000	73.480000	164.643816	4.110328	
0.100000	0.727302	0.562261	85.624000	81.290000	166.448483	4.623722	
0.100000	0.728297	0.781710	85.566000	75.730000	174.947107	4.222680	
0.100000	0.725338	0.706149	85.918000	77.230000	171.486933	4.298410	
0.100000	0.727042	0.722419	85.772000	77.500000	168.095058	4.272537	
0.100000	0.713905	0.620307	86.154000	79.990000	142.042441	3.994851	
0.100000	0.724663	1.186108	85.900000	66.350000	163.411935	3.714960	
0.100000	0.729068	0.615845	85.680000	79.270000	168.484326	4.172376	
0.100000	0.725999	1.116677	85.784000	66.530000	170.313680	3.930636	
0.100000	0.726842	1.025800	85.684000	68.780000	170.789643	4.337762	
0.100000	0.713117	0.534745	86.288000	82.320000	149.492865	4.495599	
0.100000	0.721401	0.667710	85.782000	78.600000	170.055808	4.148587	
0.100000	0.716463	0.561392	85.952000	81.760000	168.055701	4.334567	
0.100000	0.718521	0.885117	85.808000	72.900000	167.214528	4.403925	
0.100000	0.720102	0.837693	85.902000	75.990000	168.967810	3.845828	
0.100000	0.706232	0.716234	86.320000	77.340000	160.960302	4.132953	
0.100000	0.723903	0.698215	85.648000	77.520000	161.335525	3.676906	
0.100000	0.712863	0.616283	86.128000	79.410000	166.327419	3.546134	
0.100000	0.718435	0.546512	85.806000	81.870000	172.504810	3.753978	
0.100000	0.714035	0.724480	85.972000	77.520000	169.700378	3.306139	
0.100000	0.704598	1.121969	86.272000	69.790000	212.538242	6.960333	
0.100000	0.711683	0.575291	85.922000	80.980000	168.267665	4.492478	
0.100000	0.707535	0.728649	86.156000	77.910000	167.649962	3.722692	
0.100000	0.720801	0.704567	85.722000	77.430000	171.626634	4.012767	
0.100000	0.708567	0.648857	86.098000	79.030000	213.577958	4.096530	
0.100000	0.705104	0.710736	86.278000	76.620000	223.953113	7.427789	
0.100000	0.712300	0.635387	86.116000	79.730000	246.792607	3.926361	
0.100000	0.706228	1.041699	86.314000	65.970000	168.950351	3.560550	
0.100000	0.707460	0.942308	86.148000	72.010000	165.618296	3.778102	
0.100000	0.714060	0.508595	85.976000	82.910000	162.485692	4.168985	
0.100000	0.703957	0.545060	86.168000	82.060000	175.563795	4.188234	
0.100000	0.701741	0.798106	86.260000	76.300000	162.501933	3.944167	
0.100000	0.699166	0.768358	86.402000	77.410000	162.410915	4.277233	
0.100000	0.708892	0.511157	86.038000	83.020000	162.443090	3.598787	
0.100000	0.702134	1.019993	86.326000	71.410000	159.665937	4.080982	
0.100000	0.693306	0.570114	86.472000	81.170000	174.342809	4.157929	
0.100000	0.708336	0.817833	86.146000	75.470000	165.079469	4.196246	
0.010000	0.567987	0.289519	90.786000	90.030000	161.452253	3.774631	
0.001000	0.516517	0.280235	92.582000	90.430000	153.122795	3.398786	
0.000100	0.510944	0.279290	92.820000	90.390000	172.634965	4.071746	
0.010000	0.508248	0.284760	92.662000	90.500000	172.974077	4.681031	
0.001000	0.486256	0.270376	93.308000	90.900000	163.287370	3.616463	
0.000100	0.480767	0.269349	93.570000	90.820000	166.268924	3.767479	
0.000010	0.479861	0.271659	93.492000	90.840000	154.226697	4.157945	
0.000001	0.477631	0.271016	93.610000	90.870000	171.761545	3.532830	
0.010000	0.483242	0.286547	93.300000	90.560000	175.952396	4.402767	
0.001000	0.461328	0.269458	94.048000	90.930000	161.746736	4.261501	
0.000100	0.461318	0.267218	93.910000	90.980000	164.068454	4.006779	
0.000010	0.457028	0.266531	94.190000	90.960000	149.443244	4.035655	
0.000001	0.458039	0.267100	94.120000	91.000000	171.358133	3.880858	
0.010000	0.465955	0.270031	93.688000	91.030000	175.212875	4.185984	
0.001000	0.442993	0.259158	94.452000	91.400000	162.615891	3.711067	
0.000100	0.438914	0.260766	94.508000	91.260000	166.578267	3.349830	
0.000010	0.436291	0.257058	94.608000	91.520000	146.683430	3.618272	
0.000001	0.435849	0.257497	94.656000	91.340000	170.488661	4.102160	
0.010000	0.450195	0.275923	94.004000	91.040000	172.896384	4.553679	
0.001000	0.429053	0.257618	94.608000	91.610000	167.318931	3.065409	
0.000100	0.421642	0.259061	94.872000	91.710000	159.599963	3.789968	
0.000010	0.421221	0.258914	94.936000	91.710000	156.227717	3.538394	
0.000001	0.421312	0.257660	94.944000	91.760000	167.877759	3.797314	
0.010000	0.437632	0.274314	94.232000	90.920000	167.218534	4.170019	
0.001000	0.412604	0.261134	95.034000	91.490000	167.828592	3.537414	
0.000100	0.406306	0.261190	95.334000	91.460000	158.739693	4.316987	
0.000010	0.408890	0.258842	95.156000	91.580000	152.645919	3.502555	
0.000001	0.404598	0.259693	95.388000	91.470000	173.566292	3.869480	
0.010000	0.420082	0.278574	94.622000	90.910000	170.775910	4.143427	
0.001000	0.398868	0.258200	95.276000	91.650000	165.581584	3.731740	
0.000100	0.392680	0.259908	95.494000	91.570000	162.303667	4.065788	
0.000010	0.392817	0.258142	95.510000	91.740000	164.112638	3.627134	
0.000001	0.391082	0.259287	95.584000	91.590000	159.020199	3.866873	
0.010000	0.409672	0.283605	94.828000	90.700000	179.705149	3.962383	
0.001000	0.386099	0.263061	95.602000	91.500000	157.436739	3.342922	
0.000100	0.380244	0.262325	95.838000	91.540000	166.096291	3.979742	
0.000010	0.377436	0.262762	95.886000	91.510000	162.855973	3.863256	
0.000001	0.378319	0.262622	95.834000	91.530000	159.134367	3.667551	
0.010000	0.399834	0.288017	94.956000	90.840000	171.628476	4.578346	
0.001000	0.377509	0.262846	95.646000	91.530000	160.006757	4.102857	
0.000100	0.367540	0.259182	96.096000	91.720000	172.018900	3.529108	
0.000010	0.367533	0.260072	96.088000	91.710000	157.515645	3.627666	
0.000001	0.366426	0.260387	96.074000	91.580000	161.893730	3.781252	
0.010000	0.388472	0.299706	95.056000	90.530000	173.061158	4.248071	
0.001000	0.365633	0.259371	95.898000	91.660000	156.799069	3.242737	
0.000100	0.357358	0.256978	96.236000	91.690000	166.885602	3.944458	
0.000010	0.357585	0.260382	96.130000	91.550000	160.704484	3.617634	
0.000001	0.356809	0.258764	96.220000	91.590000	165.542862	3.568391	
0.010000	0.378405	0.290435	95.278000	90.880000	171.019825	3.860203	
0.001000	0.353933	0.263641	96.150000	91.730000	165.674759	3.675410	
0.000100	0.346106	0.263598	96.438000	91.730000	171.541658	3.900620	
0.000010	0.345776	0.262646	96.452000	91.660000	164.381431	4.088983	
0.000001	0.344411	0.264938	96.494000	91.650000	168.603696	4.070461	
0.010000	0.372251	0.294630	95.288000	90.610000	162.238501	4.334789	
0.001000	0.348814	0.261523	96.276000	91.590000	165.044627	3.318073	
0.000100	0.336752	0.263868	96.602000	91.620000	174.780167	3.215158	
0.000010	0.337586	0.263672	96.526000	91.610000	164.972657	3.861846	
0.000000	0.337627	0.266017	96.580000	91.550000	168.914891	4.205451	
0.001000	0.335711	0.262105	96.630000	91.820000	152.325967	4.408897	
0.000010	0.330860	0.261766	96.876000	91.660000	164.298650	3.902705	
0.000000	0.333635	0.260349	96.720000	91.820000	171.152798	4.463604	
0.000000	0.332353	0.263016	96.832000	91.670000	168.777737	3.832792	
0.000000	0.331282	0.262624	96.792000	91.830000	170.354410	3.779732	
0.001000	0.331932	0.261411	96.774000	91.720000	168.178947	4.295282	
0.000010	0.328585	0.263337	96.808000	91.700000	162.356411	3.663375	
0.000000	0.330203	0.263717	96.810000	91.720000	175.473576	3.926330	
0.000000	0.328169	0.261647	96.942000	91.760000	164.930250	3.610669	
0.000000	0.327547	0.264212	96.964000	91.620000	159.591953	3.589741	
0.001000	0.330300	0.264343	96.740000	91.780000	161.350115	4.869672	
0.000010	0.326749	0.263389	96.982000	91.900000	165.149459	3.779927	
0.000000	0.326100	0.263195	97.008000	91.770000	169.558478	3.757628	
0.000000	0.325301	0.264308	96.954000	91.740000	162.270817	4.126562	
0.000000	0.324897	0.264254	97.012000	91.780000	162.367323	4.280601	
0.001000	0.326464	0.264072	96.912000	91.810000	171.504453	3.937738	
0.000010	0.323565	0.263159	97.046000	91.790000	160.420391	3.756967	
0.000000	0.323281	0.262766	97.094000	91.820000	169.568852	3.624336	
0.000000	0.322957	0.262527	96.986000	91.790000	158.421989	3.766745	
0.000000	0.322850	0.265685	97.020000	91.850000	163.518162	4.078218	
0.001000	0.325051	0.261584	96.936000	91.860000	172.857903	4.436484	
0.000010	0.320440	0.261797	97.126000	91.870000	155.348073	4.093622	
0.000000	0.321074	0.263492	97.102000	91.900000	170.214887	3.988753	
0.000000	0.320564	0.261300	97.134000	91.950000	156.184851	3.071573	
0.000000	0.321560	0.260216	97.074000	91.860000	133.994228	3.230404	
0.001000	0.322301	0.264212	97.006000	91.890000	135.607086	3.768704	
0.000010	0.318961	0.264259	97.134000	91.800000	101.099848	2.523800	
0.000000	0.321406	0.267158	96.968000	91.840000	101.846009	2.458462	
0.000000	0.320576	0.265211	97.050000	91.880000	90.162275	2.816847	
0.000000	0.319766	0.266829	97.096000	91.830000	104.980510	2.498344	
