487386 5.0 285 102.54
390160 4.0 337 101.62
260160 2.66 449 125.53
239932 2.45 473 128.72
233858 2.39 481 127.81
233280 2.39 481 127.77
231258 2.37 484 128.29
228800 2.34 487 128.25 
227068 2.32 490 129.02
225042 2.30 492 128.2
223162 2.28 495 128.1
218250 2.23 502 128.69
207580 2.12 518 130.58
202378 2.07 526 131.09
200356 2.05 529 131.36
196928 2.01 534 119.31
195852 2.00 536 124.82
195852 2.00 536 123.62
195852 2.00 536 128.12
195852 2.00 536 131.46
195274 2.0 537 131.69
195274 2.0 537 131.69
195274 2.0 537 128.29
194118 1.98 539 128.54
192404 1.97 542 129.0
192404 1.97 542 132.95
192404 1.97 542 132.95
192404 1.97 542 132.95
192404 1.97 542 129.0
192404 1.97 542 129.0
192404 1.97 542 132.96
192404 1.97 542 132.95
192114 1.96 542 132.51
192114 1.96 542 132.51
192114 1.96 542 132.51
192114 1.96 542 132.51
