LearningRate	TrainLoss	ValidLoss	TrainAcc.	ValidAcc.	TrainEpochTime(s)	TestEpochTime(s)	
0.100000	1.835802	2.089630	37.062000	40.880000	25.328301	1.152949	
0.100000	1.296087	1.299114	57.936000	56.530000	25.331907	1.176530	
0.100000	1.032838	0.853430	67.464000	70.220000	25.518111	1.159519	
0.100000	0.882855	0.990089	73.066000	66.480000	25.585984	1.149759	
0.100000	0.793404	1.012869	76.170000	67.670000	25.261659	1.165052	
0.100000	0.718538	0.790234	78.534000	73.370000	24.849320	1.111158	
0.100000	0.686369	1.004480	79.640000	68.810000	24.863372	1.111636	
0.100000	0.654758	0.944107	80.788000	71.160000	24.981743	1.114787	
0.100000	0.624487	0.970143	81.616000	70.170000	24.940271	1.127793	
0.100000	0.603163	0.860269	82.232000	73.300000	24.931808	1.145764	
0.100000	0.582247	0.736268	82.992000	76.890000	25.594354	1.111279	
0.100000	0.568646	0.693599	83.448000	77.540000	25.610813	1.125902	
0.100000	0.558825	0.631576	83.594000	79.580000	25.521283	1.165509	
0.100000	0.547196	0.746860	84.056000	75.940000	25.570615	1.139081	
0.100000	0.537271	0.979154	84.332000	71.380000	25.572689	1.131742	
0.100000	0.528592	0.681210	84.810000	78.580000	25.520101	1.117093	
0.100000	0.516064	0.581563	85.078000	81.070000	25.283327	1.124034	
0.100000	0.513391	0.631625	85.040000	78.820000	25.551007	1.131603	
0.100000	0.502353	0.634749	85.354000	79.690000	25.459201	1.103076	
0.100000	0.501864	0.577555	85.490000	81.330000	25.498978	1.096709	
0.100000	0.485957	0.678681	86.002000	78.470000	25.361837	1.205716	
0.100000	0.489278	0.607944	86.030000	79.470000	25.452360	1.128367	
0.100000	0.489553	0.685747	85.888000	77.700000	25.126616	1.130392	
0.100000	0.479053	0.608635	86.306000	79.780000	25.276287	1.100492	
0.100000	0.478729	0.838424	86.440000	74.580000	25.453304	1.148683	
0.100000	0.470161	0.735371	86.590000	77.460000	25.243447	1.118020	
0.100000	0.470198	0.599353	86.518000	80.620000	25.085433	1.133361	
0.100000	0.471800	0.540383	86.600000	82.260000	25.129087	1.130549	
0.100000	0.471133	0.611581	86.594000	80.320000	25.219042	1.109393	
0.100000	0.460545	0.524172	86.988000	82.880000	25.147535	1.139261	
0.100000	0.456020	0.685678	87.204000	79.120000	25.723218	1.129185	
0.100000	0.455492	0.637093	87.148000	79.150000	25.704494	1.111887	
0.100000	0.455418	1.142655	87.362000	69.150000	25.607862	1.097977	
0.100000	0.450803	0.627100	87.258000	80.240000	25.676104	1.131111	
0.100000	0.450556	0.652385	87.314000	80.620000	25.654084	1.178554	
0.100000	0.440221	0.604299	87.614000	80.310000	25.464505	1.186124	
0.100000	0.441576	0.521605	87.584000	83.010000	25.376755	1.119900	
0.100000	0.441053	0.598713	87.642000	81.110000	25.395287	1.154963	
0.100000	0.445238	0.599432	87.580000	80.070000	25.462716	1.113490	
0.100000	0.438565	0.609410	87.770000	80.750000	25.666125	1.130788	
0.100000	0.434659	0.498813	87.844000	83.180000	25.867795	1.175383	
0.100000	0.438011	0.559537	87.884000	82.550000	25.818546	1.126774	
0.100000	0.436475	0.540365	87.802000	82.280000	25.840622	1.102466	
0.100000	0.429313	0.506029	88.090000	83.030000	25.920057	1.111483	
0.100000	0.431657	0.635199	88.012000	79.080000	25.976619	1.139984	
0.100000	0.418663	0.920595	88.354000	73.040000	25.638378	1.104918	
0.100000	0.432633	0.559734	88.050000	81.170000	25.566915	1.139972	
0.100000	0.426203	0.602158	88.246000	80.370000	25.619159	1.162969	
0.100000	0.425925	0.947869	88.234000	72.110000	25.483760	1.120435	
0.100000	0.421832	0.688854	88.408000	78.470000	25.581867	1.145155	
0.100000	0.414093	0.453533	88.590000	84.490000	25.143966	1.174820	
0.100000	0.421692	0.521253	88.346000	82.790000	25.114839	1.112533	
0.100000	0.417429	0.493457	88.484000	84.140000	25.124231	1.132218	
0.100000	0.422843	0.951638	88.258000	71.950000	25.300037	1.157223	
0.100000	0.416639	0.609437	88.580000	80.560000	25.386968	1.161283	
0.100000	0.406734	0.500270	88.906000	83.550000	25.081388	1.143315	
0.100000	0.417053	0.563531	88.602000	81.860000	25.217874	1.129839	
0.100000	0.416191	0.512775	88.470000	82.800000	25.195360	1.137988	
0.100000	0.416892	0.570295	88.548000	82.710000	25.441791	1.119237	
0.100000	0.416010	0.571597	88.466000	81.890000	25.486073	1.172460	
0.100000	0.407662	0.522696	88.808000	83.160000	25.000577	1.104903	
0.100000	0.414625	0.546095	88.582000	82.380000	25.138485	1.108229	
0.100000	0.413142	0.524351	88.706000	83.310000	25.094020	1.117581	
0.100000	0.405940	0.464789	88.978000	84.410000	25.115577	1.126276	
0.100000	0.408092	0.584896	88.898000	80.180000	25.106768	1.130962	
0.100000	0.402564	0.597743	88.958000	80.730000	25.306238	1.131921	
0.100000	0.410498	0.457102	88.848000	85.180000	25.194469	1.164503	
0.100000	0.411881	0.517285	88.796000	82.620000	25.286669	1.144047	
0.100000	0.406790	0.638759	88.996000	79.610000	25.254822	1.134985	
0.100000	0.407733	0.602758	88.970000	80.770000	25.244878	1.143638	
0.100000	0.398173	0.478221	89.132000	84.980000	25.545750	1.134911	
0.100000	0.410211	0.561381	88.732000	81.550000	25.555528	1.161532	
0.100000	0.407194	0.684086	88.930000	78.890000	25.552565	1.147094	
0.100000	0.404284	0.624936	89.058000	81.060000	25.662336	1.122859	
0.100000	0.404886	0.498440	88.964000	83.990000	25.684116	1.146340	
0.100000	0.402530	0.591729	89.074000	81.260000	25.241210	1.173040	
0.100000	0.410508	0.639061	88.714000	80.180000	25.121489	1.093113	
0.100000	0.398157	0.776040	89.412000	75.940000	25.284203	1.132738	
0.100000	0.404061	0.488525	88.914000	84.030000	25.300664	1.135269	
0.100000	0.405925	0.720291	88.790000	77.820000	25.153619	1.112720	
0.100000	0.395194	0.454529	89.422000	85.160000	25.761854	1.177447	
0.100000	0.408829	0.645029	88.780000	77.980000	25.776809	1.110849	
0.100000	0.399010	0.946569	89.142000	75.700000	25.821634	1.134641	
0.100000	0.400557	0.614220	89.084000	80.680000	25.854373	1.128801	
0.100000	0.398633	0.548035	89.158000	82.110000	25.784618	1.114383	
0.100000	0.396197	0.739346	89.164000	77.660000	25.419138	1.132087	
0.100000	0.401082	0.484442	89.056000	83.960000	25.504328	1.185647	
0.100000	0.394216	0.499205	89.312000	84.110000	25.365369	1.130791	
0.100000	0.398495	0.560374	89.242000	82.860000	25.352761	1.124052	
0.100000	0.395022	0.725382	89.360000	78.060000	25.437891	1.150413	
0.100000	0.389227	0.469949	89.364000	84.980000	25.507682	1.102026	
0.100000	0.398536	0.436247	89.228000	85.360000	25.482546	1.116452	
0.010000	0.282914	0.251812	93.266000	91.490000	25.421257	1.125864	
0.010000	0.234789	0.250960	95.036000	91.800000	25.407724	1.122863	
0.010000	0.219601	0.239706	95.340000	92.110000	25.438495	1.115714	
0.010000	0.205781	0.244362	95.804000	92.230000	25.887879	1.103315	
0.010000	0.197781	0.234926	95.984000	92.500000	25.857121	1.152846	
0.010000	0.191015	0.244499	96.186000	92.490000	25.850555	1.147012	
0.010000	0.181051	0.248364	96.528000	92.370000	25.862190	1.124791	
0.010000	0.176469	0.242987	96.702000	92.240000	25.803329	1.163448	
0.010000	0.170843	0.246927	96.808000	92.180000	25.111317	1.099005	
0.010000	0.166836	0.247924	96.872000	92.410000	25.126116	1.080909	
0.010000	0.160928	0.255554	97.144000	92.100000	25.045973	1.081083	
0.010000	0.158755	0.257713	97.216000	92.080000	25.175113	1.149514	
0.010000	0.154121	0.259850	97.254000	92.260000	25.141161	1.113777	
0.010000	0.151050	0.257731	97.328000	92.400000	25.263622	1.150911	
0.010000	0.145956	0.264743	97.552000	92.500000	25.400172	1.109942	
0.010000	0.143612	0.255653	97.574000	92.390000	25.366717	1.133035	
0.010000	0.139831	0.275143	97.700000	92.190000	25.377635	1.142640	
0.010000	0.137232	0.289982	97.714000	91.600000	25.298916	1.148829	
0.010000	0.135445	0.280950	97.790000	92.160000	25.500810	1.112159	
0.010000	0.132309	0.287534	97.944000	92.220000	25.396021	1.119509	
0.010000	0.130612	0.277222	97.922000	92.280000	25.596733	1.139613	
0.010000	0.130172	0.280872	97.848000	92.230000	25.670892	1.195340	
0.010000	0.125609	0.279832	98.040000	92.100000	25.516124	1.111915	
0.010000	0.122852	0.286032	98.144000	92.210000	25.222806	1.115678	
0.010000	0.124307	0.293097	98.074000	92.130000	25.116159	1.102489	
0.010000	0.119667	0.288198	98.162000	92.170000	25.127012	1.119022	
0.010000	0.121524	0.299989	98.106000	92.060000	25.393937	1.135086	
0.010000	0.121464	0.330198	98.082000	91.070000	25.271687	1.132119	
0.010000	0.118892	0.323944	98.110000	91.270000	25.083874	1.118189	
0.010000	0.123914	0.303176	97.878000	91.730000	25.022543	1.107528	
0.010000	0.118733	0.300786	98.148000	91.860000	25.123895	1.143933	
0.010000	0.118293	0.284520	98.098000	92.800000	25.208918	1.201051	
0.010000	0.116125	0.299987	98.156000	91.930000	25.136288	1.115567	
0.010000	0.114948	0.306593	98.174000	91.970000	25.034477	1.100808	
0.010000	0.119166	0.296873	97.978000	91.920000	25.093465	1.103335	
0.010000	0.114279	0.288886	98.176000	92.210000	25.131601	1.121969	
0.010000	0.115810	0.296092	98.148000	92.260000	25.137170	1.149321	
0.010000	0.119293	0.327493	98.046000	91.650000	25.001461	1.114792	
0.010000	0.117060	0.310416	98.084000	92.180000	25.181185	1.193056	
0.010000	0.118442	0.312522	97.948000	91.900000	24.991155	1.111404	
0.010000	0.115945	0.326258	98.082000	91.370000	25.056042	1.102784	
0.010000	0.116966	0.347186	97.942000	91.250000	25.344633	1.092731	
0.010000	0.121252	0.322629	97.800000	91.580000	25.389153	1.154372	
0.010000	0.112542	0.297480	98.178000	91.710000	25.570469	1.150098	
0.010000	0.119433	0.318383	97.960000	91.460000	25.402054	1.094413	
0.010000	0.121727	0.333560	97.796000	91.150000	25.557602	1.133899	
0.010000	0.113263	0.311196	98.106000	91.860000	25.584783	1.134827	
0.010000	0.114754	0.341683	98.026000	91.130000	25.583693	1.169824	
0.010000	0.112225	0.300923	98.156000	91.980000	25.204389	1.111125	
0.010000	0.115031	0.334446	98.016000	91.410000	25.184735	1.130393	
0.010000	0.118319	0.319683	97.846000	91.230000	25.385555	1.125149	
0.010000	0.118260	0.314810	97.828000	91.620000	25.193409	1.154699	
0.010000	0.119939	0.311787	97.750000	91.630000	25.195991	1.138377	
0.010000	0.113902	0.329953	98.046000	90.980000	25.603569	1.128291	
0.010000	0.123557	0.395418	97.620000	89.310000	25.542368	1.109751	
0.010000	0.119970	0.368121	97.714000	90.430000	25.548479	1.154723	
0.010000	0.117803	0.383520	97.854000	89.900000	25.674277	1.127280	
0.001000	0.095031	0.262395	98.772000	92.870000	25.703789	1.124071	
0.001000	0.081705	0.262036	99.236000	93.010000	25.201577	1.156776	
0.001000	0.077954	0.257911	99.358000	92.930000	25.116274	1.112759	
0.001000	0.075529	0.259391	99.492000	93.110000	25.380301	1.092481	
0.001000	0.074379	0.259464	99.512000	93.130000	25.281944	1.100234	
0.001000	0.072373	0.257492	99.556000	93.260000	25.216291	1.127026	
0.001000	0.071740	0.260745	99.550000	93.160000	25.430439	1.119880	
0.001000	0.069823	0.259940	99.672000	93.320000	25.392372	1.115142	
0.001000	0.070119	0.260116	99.626000	93.190000	25.520808	1.121623	
0.001000	0.069396	0.260175	99.668000	93.380000	25.458568	1.111886	
0.001000	0.069324	0.265463	99.612000	93.330000	25.319618	1.132042	
0.001000	0.069148	0.259383	99.638000	93.310000	25.484650	1.161591	
0.001000	0.067585	0.259988	99.688000	93.390000	25.430730	1.140246	
0.001000	0.066998	0.264518	99.696000	93.400000	25.319496	1.124115	
0.001000	0.066498	0.260513	99.724000	93.350000	25.529713	1.118542	
0.001000	0.066677	0.266379	99.698000	93.480000	25.437082	1.140623	
0.001000	0.065796	0.265458	99.744000	93.380000	25.427622	1.133347	
0.001000	0.064431	0.263613	99.812000	93.530000	25.557270	1.120338	
0.001000	0.065635	0.264056	99.724000	93.370000	25.461888	1.122513	
0.001000	0.064912	0.263314	99.752000	93.480000	25.494559	1.124145	
0.001000	0.065085	0.267840	99.722000	93.380000	25.602870	1.102694	
0.001000	0.063698	0.267961	99.788000	93.410000	25.398310	1.101338	
0.001000	0.063639	0.266496	99.798000	93.460000	25.112166	1.126704	
0.001000	0.063120	0.266224	99.800000	93.490000	25.176570	1.086833	
0.001000	0.064178	0.270804	99.740000	93.280000	25.143198	1.112636	
0.001000	0.063986	0.265750	99.764000	93.460000	25.105897	1.089278	
0.001000	0.063086	0.269047	99.782000	93.480000	25.282713	1.141987	
0.001000	0.062294	0.270583	99.800000	93.390000	25.284637	1.170159	
0.001000	0.062854	0.270963	99.786000	93.350000	25.388043	1.122204	
0.001000	0.062162	0.270322	99.820000	93.270000	25.517837	1.124187	
0.001000	0.061937	0.269799	99.808000	93.330000	25.447079	1.187052	
