Regularisierer	Zielgroesse	Top1	Trainingszeit	
1.313381	17326400.000000	35.260000	30.088048	
0.294687	17326400.000000	17.570000	29.269320	
0.216524	17326400.000000	38.750000	30.550496	
0.210151	17326400.000000	11.340000	29.602531	
0.213429	17326400.000000	44.400000	29.379392	
0.211036	17326400.000000	42.650000	30.222298	
0.214813	17326400.000000	41.060000	29.323061	
0.227382	17326400.000000	36.530000	30.096040	
0.251539	17326400.000000	31.840000	29.121599	
0.222434	17326400.000000	47.780000	29.746279	
0.221250	17326400.000000	48.520000	30.012681	
0.218696	17326400.000000	59.960000	28.998771	
0.217263	17326400.000000	57.220000	29.286772	
0.217552	17326400.000000	42.540000	30.094902	
0.212850	17326400.000000	50.540000	30.128883	
0.222509	17326400.000000	36.020000	29.211691	
0.222991	17326400.000000	53.900000	29.489258	
0.218817	17326400.000000	44.240000	29.282372	
0.219008	17326400.000000	56.690000	30.008838	
0.218473	17326400.000000	53.920000	29.383203	
0.216785	17326400.000000	49.350000	29.154186	
0.218826	17326400.000000	61.100000	29.438649	
0.214099	17326400.000000	60.840000	29.655459	
0.212758	17326400.000000	41.960000	29.766461	
0.212949	17326400.000000	58.960000	30.617464	
0.215375	17326400.000000	60.460000	30.232154	
0.214981	17326400.000000	48.170000	29.538500	
0.216042	17326400.000000	64.290000	29.804169	
0.215884	17326400.000000	57.680000	28.783371	
0.212703	17326400.000000	57.440000	29.966636	
0.156266	5050688.000000	35.330000	27.760056	
0.173327	5050688.000000	58.580000	28.542455	
0.155570	5050688.000000	50.750000	29.280364	
0.152322	5050688.000000	60.360000	28.320132	
0.154311	5050688.000000	48.600000	29.446122	
0.152534	5050688.000000	64.870000	28.550694	
0.153692	5050688.000000	35.120000	28.641737	
0.152753	5050688.000000	57.820000	29.526340	
0.173698	5050688.000000	33.370000	29.590518	
0.158041	5050688.000000	62.270000	29.159501	
0.154749	5050688.000000	59.860000	28.604383	
0.155121	5050688.000000	49.450000	28.066926	
0.159371	5050688.000000	53.370000	29.039170	
0.159562	5050688.000000	42.950000	28.954769	
0.152841	5050688.000000	64.430000	28.001182	
0.163353	5050688.000000	62.340000	28.807768	
0.169183	5050688.000000	57.980000	29.771274	
0.172493	5050688.000000	49.550000	29.208301	
0.155875	5050688.000000	63.250000	28.613238	
0.154403	5050688.000000	56.200000	28.358688	
0.154884	5050688.000000	54.040000	28.736158	
0.154399	5050688.000000	51.950000	28.737356	
0.151890	5050688.000000	57.840000	28.666398	
0.152145	5050688.000000	48.840000	29.415103	
0.155169	5050688.000000	56.680000	29.604526	
0.155291	5050688.000000	58.010000	29.252888	
0.152862	5050688.000000	68.870000	29.340608	
0.153582	5050688.000000	57.350000	28.579471	
0.152113	5050688.000000	57.500000	29.893819	
0.152461	5050688.000000	61.370000	29.614405	
0.147820	4645184.000000	56.580000	29.201686	
0.156756	4645184.000000	62.210000	29.366902	
0.148977	4645184.000000	67.210000	28.795763	
0.149462	4645184.000000	56.730000	28.833443	
0.148009	4645184.000000	59.880000	29.023434	
0.151095	4645184.000000	55.140000	29.142942	
0.147881	4645184.000000	62.600000	29.494110	
0.148321	4645184.000000	65.670000	29.870434	
0.152609	4645184.000000	60.000000	28.676484	
0.148475	4645184.000000	62.820000	29.161674	
0.147030	4645184.000000	46.670000	29.081636	
0.146940	4645184.000000	48.790000	28.915202	
0.149284	4645184.000000	40.430000	28.854150	
0.147469	4645184.000000	67.890000	29.042954	
0.146030	4645184.000000	59.870000	29.335274	
0.145538	4645184.000000	61.990000	30.150509	
0.148629	4645184.000000	54.590000	28.756769	
0.147640	4645184.000000	35.240000	29.370332	
0.148439	4645184.000000	61.500000	29.283896	
0.147819	4645184.000000	49.390000	28.752326	
0.147167	4645184.000000	62.830000	28.199787	
0.150889	4645184.000000	68.730000	29.193722	
0.148959	4645184.000000	58.580000	29.377067	
0.147487	4645184.000000	60.830000	29.327049	
0.148896	4645184.000000	61.980000	29.317250	
0.149403	4645184.000000	69.280000	29.318782	
0.147376	4645184.000000	56.210000	28.136724	
0.148424	4645184.000000	61.110000	29.613579	
0.147431	4645184.000000	43.020000	28.488991	
0.149040	4645184.000000	56.880000	29.691977	
0.147827	4645184.000000	60.430000	27.746716	
0.148200	4645184.000000	57.700000	30.014710	
0.148081	4645184.000000	41.210000	29.531035	
0.148847	4645184.000000	50.940000	29.548716	
0.146986	4645184.000000	48.670000	28.082928	
0.147040	4645184.000000	59.480000	28.666551	
0.145548	4645184.000000	71.300000	29.046910	
0.147238	4645184.000000	61.420000	28.865180	
0.146374	4645184.000000	51.140000	29.768722	
0.149834	4645184.000000	61.170000	29.128527	
0.147806	4645184.000000	57.380000	28.741708	
0.146831	4645184.000000	53.590000	30.009294	
0.144967	4645184.000000	59.920000	28.802989	
0.148109	4645184.000000	75.080000	30.177199	
0.146804	4645184.000000	48.390000	29.582997	
0.145487	4645184.000000	60.040000	29.153002	
0.147310	4645184.000000	58.140000	28.633431	
0.146599	4645184.000000	62.290000	29.518785	
0.148406	4645184.000000	41.560000	29.253800	
0.146710	4645184.000000	66.500000	28.027561	
0.146319	4645184.000000	69.800000	29.611840	
0.147611	4645184.000000	60.540000	29.565899	
0.145955	4645184.000000	55.060000	29.452614	
0.146062	4645184.000000	61.860000	29.339735	
0.147103	4645184.000000	59.420000	29.518789	
0.151195	4645184.000000	53.510000	28.613775	
0.152966	4645184.000000	61.260000	30.088137	
0.147682	4645184.000000	66.800000	29.628480	
0.148447	4645184.000000	50.590000	29.569538	
0.146776	4645184.000000	56.150000	29.007612	
0.145783	4645184.000000	48.490000	29.089708	
0.149275	4645184.000000	60.310000	29.547933	
0.148131	4645184.000000	63.600000	28.495527	
0.143965	4645184.000000	65.120000	28.861712	
0.145658	4645184.000000	63.090000	29.704391	
0.146873	4645184.000000	68.860000	29.296005	
0.146627	4645184.000000	61.330000	28.492241	
0.147020	4645184.000000	57.170000	29.762564	
0.146850	4645184.000000	47.040000	29.064784	
0.145699	4645184.000000	65.390000	29.747334	
0.144740	4645184.000000	66.140000	28.461716	
0.145666	4645184.000000	52.770000	29.125175	
0.146451	4645184.000000	59.200000	28.820531	
0.147057	4645184.000000	69.160000	29.217819	
0.146773	4645184.000000	52.840000	29.776937	
0.145321	4645184.000000	67.090000	29.436548	
0.148662	4645184.000000	53.120000	29.785675	
0.145675	4645184.000000	67.160000	29.070704	
0.145955	4645184.000000	40.870000	28.821085	
0.147391	4645184.000000	53.430000	29.187459	
0.145528	4645184.000000	61.600000	28.815229	
0.145900	4645184.000000	58.510000	29.217237	
0.146189	4645184.000000	60.620000	27.798497	
0.149897	4645184.000000	64.120000	30.073962	
0.147396	4645184.000000	69.320000	29.604885	
0.144610	4645184.000000	61.420000	29.494827	
0.144659	4645184.000000	53.640000	29.747938	
0.146428	4645184.000000	50.150000	29.419563	
0.145001	4645184.000000	59.200000	30.123368	
0.144555	4645184.000000	66.610000	29.031813	
0.143322	4645184.000000	61.380000	30.055638	
0.144910	4645184.000000	50.130000	29.386631	
0.145659	4645184.000000	61.010000	29.202692	
0.145992	4645184.000000	63.670000	29.965755	
0.144836	4645184.000000	58.190000	29.534684	
0.145892	4645184.000000	54.110000	30.116205	
0.143282	4645184.000000	67.140000	29.653667	
0.145372	4645184.000000	65.810000	29.425848	
0.147578	4645184.000000	42.520000	29.544725	
0.156101	4645184.000000	49.800000	29.550202	
0.149931	4645184.000000	72.860000	29.700712	
0.145001	4645184.000000	38.390000	28.861301	
0.144948	4645184.000000	62.850000	30.253743	
0.144016	4645184.000000	61.740000	29.882087	
0.144259	4645184.000000	66.010000	28.094667	
0.145042	4645184.000000	62.710000	28.301178	
0.146773	4645184.000000	55.430000	24.556577	
0.144623	4645184.000000	60.750000	25.325866	
0.145511	4645184.000000	59.070000	24.423574	
0.145997	4645184.000000	66.110000	25.264525	
0.145599	4645184.000000	74.790000	24.741850	
0.145276	4645184.000000	42.870000	24.992685	
0.145452	4645184.000000	53.220000	24.650172	
0.145688	4645184.000000	64.040000	24.666290	
0.144704	4645184.000000	66.610000	25.633275	
0.145185	4645184.000000	41.920000	25.167938	
0.145455	4645184.000000	43.320000	25.890962	
0.145139	4645184.000000	69.790000	25.594009	
0.145791	4645184.000000	54.180000	25.470144	
0.144032	4645184.000000	59.710000	25.639300	
nan	4645184.000000	72.560000	19.281940	
nan	4645184.000000	73.030000	17.687365	
nan	4645184.000000	69.830000	17.666089	
nan	4645184.000000	72.970000	17.950232	
nan	4645184.000000	78.650000	17.595733	
nan	4645184.000000	70.700000	17.854471	
nan	4645184.000000	74.390000	18.366514	
nan	4645184.000000	72.020000	17.703500	
nan	4645184.000000	72.250000	17.960691	
nan	4645184.000000	75.430000	19.144652	
nan	4645184.000000	74.380000	18.268171	
nan	4645184.000000	70.170000	18.598897	
nan	4645184.000000	72.820000	18.015410	
nan	4645184.000000	70.710000	18.169047	
nan	4645184.000000	75.170000	18.175667	
nan	4645184.000000	62.460000	17.862185	
nan	4645184.000000	71.240000	17.883135	
nan	4645184.000000	67.850000	18.424600	
nan	4645184.000000	71.150000	18.128265	
nan	4645184.000000	75.900000	18.249148	
nan	4645184.000000	75.430000	18.117873	
nan	4645184.000000	67.870000	15.861474	
nan	4645184.000000	68.210000	14.417126	
nan	4645184.000000	62.590000	15.320413	
nan	4645184.000000	66.400000	14.323201	
nan	4645184.000000	75.790000	14.692250	
nan	4645184.000000	77.570000	14.490285	
nan	4645184.000000	76.410000	15.184355	
nan	4645184.000000	76.250000	14.640628	
nan	4645184.000000	70.320000	14.936185	
