Regularisierer	Zielgroesse	Top1	Trainingszeit	
0.908320	17326400.000000	27.070000	21.151135	
0.353059	17326400.000000	45.180000	54.273729	
0.210162	17326400.000000	40.720000	60.077271	
0.182362	17326400.000000	49.460000	57.511849	
0.180822	17326400.000000	48.370000	58.029956	
0.179165	17326400.000000	54.010000	57.675659	
0.175594	17326400.000000	50.460000	55.059894	
0.177196	17326400.000000	45.710000	53.403265	
0.175917	17326400.000000	63.730000	52.376816	
0.176207	17326400.000000	48.150000	52.894844	
0.172285	17326400.000000	56.180000	53.377898	
0.172611	17326400.000000	39.540000	54.440947	
0.171375	17326400.000000	52.910000	55.216294	
0.174119	17326400.000000	63.900000	54.691144	
0.172666	17326400.000000	46.170000	54.364690	
0.171907	17326400.000000	62.730000	54.322306	
0.172015	17326400.000000	59.260000	54.080938	
0.173320	17326400.000000	63.060000	54.087883	
0.169225	17326400.000000	47.370000	55.099408	
0.171665	17326400.000000	51.790000	53.689497	
0.170629	17326400.000000	61.610000	55.230877	
0.172488	17326400.000000	35.630000	55.538671	
0.171959	17326400.000000	39.780000	54.993070	
0.170172	17326400.000000	64.230000	55.451867	
0.168580	17326400.000000	27.040000	54.330579	
0.169779	17326400.000000	38.870000	54.819476	
0.171141	17326400.000000	62.560000	53.603942	
0.170920	17326400.000000	65.320000	55.217221	
0.171321	17326400.000000	59.360000	54.795022	
0.169402	17326400.000000	23.940000	53.617834	
0.142021	7926080.000000	45.880000	50.352138	
0.143698	7926080.000000	49.600000	51.753393	
0.143636	7926080.000000	64.000000	52.039476	
0.145109	7926080.000000	54.710000	50.132514	
0.145538	7926080.000000	58.720000	49.910953	
0.144136	7926080.000000	69.070000	51.145547	
0.144220	7926080.000000	61.800000	50.354083	
0.143842	7926080.000000	67.200000	51.182641	
0.145106	7926080.000000	57.310000	51.157475	
0.143901	7926080.000000	63.100000	49.978994	
0.142503	7926080.000000	59.220000	51.036189	
0.143762	7926080.000000	70.490000	49.997264	
0.143546	7926080.000000	62.650000	51.828913	
0.142218	7926080.000000	50.140000	50.524929	
0.143224	7926080.000000	57.680000	49.633814	
0.142852	7926080.000000	66.540000	50.184660	
0.144195	7926080.000000	69.630000	49.371074	
0.142368	7926080.000000	55.000000	51.503538	
0.144351	7926080.000000	65.790000	50.225351	
0.144384	7926080.000000	59.740000	53.806386	
0.143162	7926080.000000	69.880000	51.972113	
0.143968	7926080.000000	64.140000	53.319472	
0.143982	7926080.000000	69.800000	51.466393	
0.142991	7926080.000000	56.570000	52.063554	
0.142647	7926080.000000	72.750000	52.110664	
0.144249	7926080.000000	74.850000	51.040509	
0.144816	7926080.000000	71.240000	52.111480	
0.144032	7926080.000000	47.480000	50.979548	
0.144663	7926080.000000	32.440000	51.546139	
0.144387	7926080.000000	69.150000	51.739981	
0.144210	7409984.000000	53.260000	51.241635	
0.142483	7409984.000000	68.540000	51.363642	
0.141749	7409984.000000	57.110000	51.490918	
0.141111	7409984.000000	53.010000	50.450280	
0.140677	7409984.000000	50.050000	51.372187	
0.140333	7409984.000000	63.970000	51.117486	
0.139434	7409984.000000	64.390000	49.272263	
0.139666	7409984.000000	67.300000	50.604734	
0.140048	7409984.000000	70.180000	51.379132	
0.141289	7409984.000000	55.700000	51.442303	
0.139891	7409984.000000	57.640000	50.219714	
0.139881	7409984.000000	68.390000	52.387906	
0.139223	7409984.000000	47.400000	52.919738	
0.141355	7409984.000000	70.250000	52.555399	
0.140847	7409984.000000	66.150000	52.169854	
0.140435	7409984.000000	58.390000	52.400237	
0.139819	7409984.000000	58.480000	51.389103	
0.139540	7409984.000000	61.900000	51.230925	
0.139957	7409984.000000	70.590000	50.572523	
0.139479	7409984.000000	47.380000	52.030560	
0.137927	7409984.000000	60.300000	52.510373	
0.139534	7409984.000000	50.460000	51.452545	
0.139311	7409984.000000	70.580000	50.666750	
0.139861	7409984.000000	55.010000	51.943754	
0.140362	7409984.000000	60.710000	50.843029	
0.138060	7409984.000000	37.200000	50.124671	
0.139428	7409984.000000	73.600000	53.398156	
0.139011	7409984.000000	62.300000	52.762726	
0.140103	7409984.000000	70.800000	51.417585	
0.140096	7409984.000000	65.590000	51.648376	
0.138002	7373120.000000	70.610000	51.417658	
0.137571	7373120.000000	58.250000	51.597800	
0.137569	7373120.000000	50.820000	52.394358	
0.138425	7373120.000000	68.860000	51.355545	
0.137619	7373120.000000	63.950000	52.229329	
0.136918	7373120.000000	61.410000	51.613258	
0.138918	7373120.000000	67.970000	51.350355	
0.138248	7373120.000000	67.690000	50.970453	
0.138404	7373120.000000	74.780000	49.991618	
0.138314	7373120.000000	62.200000	49.651761	
0.139224	7373120.000000	73.960000	54.060063	
0.136561	7373120.000000	68.110000	54.481606	
0.138673	7373120.000000	68.950000	53.982047	
0.137487	7373120.000000	59.900000	54.824059	
0.137654	7373120.000000	64.300000	54.230144	
0.136596	7373120.000000	55.800000	53.873063	
0.136980	7373120.000000	68.370000	53.184569	
0.137539	7373120.000000	68.750000	53.391355	
0.137799	7373120.000000	71.880000	53.802236	
0.137306	7373120.000000	53.840000	54.309066	
0.138315	7373120.000000	48.750000	54.456918	
0.137271	7373120.000000	48.230000	53.833956	
0.136458	7373120.000000	46.820000	52.631106	
0.137732	7373120.000000	70.450000	52.804712	
0.137807	7373120.000000	47.740000	56.576332	
0.137818	7373120.000000	70.220000	57.165596	
0.138799	7373120.000000	66.730000	58.309022	
0.136313	7373120.000000	62.920000	59.261889	
0.137927	7373120.000000	67.920000	58.876732	
0.139351	7373120.000000	60.150000	57.443658	
0.136909	7373120.000000	55.600000	57.252268	
0.139863	7373120.000000	72.120000	58.647779	
0.138412	7373120.000000	57.450000	57.955004	
0.138061	7373120.000000	51.130000	58.783364	
0.139794	7373120.000000	61.210000	58.475694	
0.137389	7373120.000000	70.970000	58.370612	
0.142803	7373120.000000	72.890000	58.535867	
0.140607	7373120.000000	68.450000	59.937288	
0.138908	7373120.000000	71.840000	59.569514	
0.139633	7373120.000000	48.020000	60.732857	
0.139031	7373120.000000	58.090000	60.412344	
0.138242	7373120.000000	51.200000	60.040929	
0.137478	7373120.000000	69.470000	60.250516	
0.136796	7373120.000000	58.480000	60.781498	
0.137053	7373120.000000	72.860000	60.065047	
0.137003	7373120.000000	72.460000	60.171329	
0.136938	7373120.000000	57.620000	59.742264	
0.137388	7373120.000000	59.350000	59.653047	
0.138349	7373120.000000	61.460000	59.982862	
0.138637	7373120.000000	65.490000	59.377079	
0.136978	7373120.000000	52.670000	59.127157	
0.137871	7373120.000000	68.720000	59.785355	
0.138867	7373120.000000	60.860000	60.043864	
0.137834	7373120.000000	71.460000	59.398292	
0.137817	7373120.000000	64.510000	60.413481	
0.136574	7373120.000000	56.750000	59.615484	
0.137112	7373120.000000	69.630000	59.424728	
0.136874	7373120.000000	57.820000	59.689927	
0.137617	7373120.000000	74.090000	59.691388	
0.137463	7373120.000000	63.600000	59.831309	
0.136219	7262528.000000	74.320000	58.716823	
0.136086	7262528.000000	59.430000	60.131739	
0.136209	7262528.000000	52.380000	59.575099	
0.136477	7262528.000000	74.250000	60.040159	
0.136813	7262528.000000	60.730000	59.798489	
0.139395	7262528.000000	67.080000	59.276078	
0.140815	7262528.000000	64.080000	59.334171	
0.135270	7262528.000000	67.470000	59.263201	
0.135800	7262528.000000	46.660000	59.337847	
0.136038	7262528.000000	39.140000	58.533861	
0.136222	7262528.000000	58.910000	57.610387	
0.136099	7262528.000000	65.680000	58.058769	
0.137208	7262528.000000	63.480000	58.899909	
0.136704	7262528.000000	56.560000	57.981474	
0.137239	7262528.000000	63.540000	58.519504	
0.135763	7262528.000000	54.330000	57.997577	
0.135997	7262528.000000	60.710000	59.277393	
0.134147	7262528.000000	59.610000	58.321482	
0.135355	7262528.000000	70.170000	57.472101	
0.135319	7262528.000000	72.970000	58.875571	
0.133828	7262528.000000	70.700000	59.040952	
0.134185	7262528.000000	67.160000	59.368687	
0.134349	7262528.000000	69.580000	58.683640	
0.135855	7262528.000000	59.550000	58.647118	
0.137952	7262528.000000	38.310000	58.010303	
0.135771	7262528.000000	70.440000	58.809229	
0.135083	7262528.000000	76.100000	58.419577	
0.135689	7262528.000000	65.040000	58.828439	
0.135734	7262528.000000	71.180000	57.954372	
0.134381	7262528.000000	50.530000	58.382973	
nan	7041344.000000	69.630000	37.631127	
nan	7041344.000000	68.210000	37.651460	
nan	7041344.000000	69.380000	37.832253	
nan	7041344.000000	72.210000	37.892261	
nan	7041344.000000	70.210000	37.690954	
nan	7041344.000000	72.590000	37.625389	
nan	7041344.000000	77.110000	37.683822	
nan	7041344.000000	76.030000	37.801546	
nan	7041344.000000	72.890000	38.200005	
nan	7041344.000000	77.780000	37.712182	
nan	7041344.000000	72.900000	37.656421	
nan	7041344.000000	76.260000	38.190564	
nan	7041344.000000	78.000000	37.999333	
nan	7041344.000000	73.140000	38.225833	
nan	7041344.000000	73.630000	38.518244	
nan	7041344.000000	75.960000	38.721400	
nan	7041344.000000	73.740000	38.954408	
nan	7041344.000000	78.050000	38.502464	
nan	7041344.000000	72.080000	38.616104	
nan	7041344.000000	74.290000	38.396047	
nan	7041344.000000	67.640000	38.217191	
nan	7041344.000000	73.490000	38.438996	
nan	7041344.000000	78.730000	38.134955	
nan	7041344.000000	79.410000	38.193900	
nan	7041344.000000	71.360000	37.359593	
nan	7041344.000000	57.410000	38.186703	
nan	7041344.000000	77.190000	38.097960	
nan	7041344.000000	76.930000	38.140875	
nan	7041344.000000	66.890000	37.946485	
nan	7041344.000000	77.910000	37.908315	
