Regularisierer	Zielgroesse	Top1	Trainingszeit	
0.544260	17326400.000000	39.680000	20.207638	
0.304122	17326400.000000	45.910000	20.535408	
0.188970	17326400.000000	39.270000	20.294494	
0.145793	17326400.000000	50.790000	19.685242	
0.129166	17326400.000000	53.700000	24.524652	
0.122800	17326400.000000	58.330000	19.560209	
0.121064	17326400.000000	64.980000	19.518198	
0.120057	17326400.000000	61.600000	24.678417	
0.118629	17326400.000000	58.140000	19.091038	
0.119074	17326400.000000	61.370000	20.804574	
0.118957	17326400.000000	48.050000	23.016740	
0.119466	17326400.000000	56.620000	19.194989	
0.119061	17326400.000000	52.310000	20.424426	
0.119305	17326400.000000	55.760000	21.518015	
0.119496	17326400.000000	66.610000	22.397635	
0.119438	17326400.000000	61.870000	21.048390	
0.120094	17326400.000000	66.550000	21.506675	
0.120648	17326400.000000	60.390000	21.744929	
0.119745	17326400.000000	68.060000	21.333581	
0.119734	17326400.000000	71.220000	22.505601	
0.119068	17326400.000000	58.250000	21.797846	
0.118880	17326400.000000	67.210000	20.888047	
0.119621	17326400.000000	56.530000	21.990142	
0.119179	17326400.000000	59.930000	24.612365	
0.119695	17326400.000000	70.000000	24.936430	
0.118124	17326400.000000	69.460000	24.459510	
0.119971	17326400.000000	74.730000	24.243733	
0.118874	17326400.000000	64.670000	23.998235	
0.120159	17326400.000000	69.860000	25.691204	
0.119332	17326400.000000	69.750000	28.998761	
0.106784	10248512.000000	68.450000	27.723359	
0.107904	10248512.000000	62.300000	26.999448	
0.108722	10248512.000000	59.570000	27.154866	
0.109689	10248512.000000	63.880000	27.166666	
0.109175	10248512.000000	67.990000	27.665842	
0.108275	10248512.000000	72.760000	26.580181	
0.108629	10248512.000000	74.160000	27.064152	
0.109188	10248512.000000	62.900000	27.203961	
0.109706	10248512.000000	34.220000	27.139590	
0.109479	10248512.000000	69.050000	27.584322	
0.108110	10248512.000000	63.260000	27.943088	
0.107994	10248512.000000	65.640000	26.847439	
0.107823	10248512.000000	60.960000	27.563108	
0.108439	10248512.000000	73.810000	27.889605	
0.109410	10248512.000000	61.450000	26.694439	
0.109109	10248512.000000	72.600000	27.391272	
0.108261	10248512.000000	62.460000	27.087256	
0.107984	10248512.000000	63.880000	26.333140	
0.108641	10248512.000000	69.180000	27.637380	
0.109117	10248512.000000	55.380000	27.295930	
0.117512	10248512.000000	71.130000	27.371057	
0.117067	10248512.000000	54.580000	27.526888	
0.113023	10248512.000000	69.160000	27.566713	
0.111373	10248512.000000	57.600000	27.094376	
0.109619	10248512.000000	79.200000	27.376557	
0.108627	10248512.000000	67.910000	27.117435	
0.109662	10248512.000000	71.200000	27.947171	
0.109478	10248512.000000	73.780000	28.007781	
0.109608	10248512.000000	63.380000	27.295127	
0.111077	10248512.000000	46.380000	27.047111	
0.107121	9732416.000000	61.190000	27.881039	
0.107842	9732416.000000	66.380000	27.822363	
0.108073	9732416.000000	63.930000	27.492210	
0.107685	9732416.000000	64.330000	27.957402	
0.108181	9732416.000000	71.940000	26.827785	
0.108164	9732416.000000	46.720000	27.271940	
0.108807	9732416.000000	70.090000	26.796625	
0.109149	9732416.000000	65.720000	27.854120	
0.108182	9732416.000000	70.620000	27.503965	
0.108373	9732416.000000	75.740000	28.329505	
0.108798	9732416.000000	71.300000	26.982645	
0.109027	9732416.000000	74.860000	28.699699	
0.108865	9732416.000000	56.070000	26.956977	
0.108597	9732416.000000	68.760000	28.015136	
0.107502	9732416.000000	75.020000	27.080450	
0.107771	9732416.000000	71.650000	27.479262	
0.107119	9732416.000000	70.600000	26.802155	
0.107212	9732416.000000	69.270000	27.425022	
0.107274	9732416.000000	44.330000	27.724874	
0.107648	9732416.000000	72.470000	27.931518	
0.107345	9732416.000000	61.860000	27.056544	
0.106642	9732416.000000	74.670000	27.478787	
0.106825	9732416.000000	66.190000	28.251749	
0.107705	9732416.000000	66.080000	27.626480	
0.108306	9732416.000000	74.190000	28.075449	
0.108004	9732416.000000	48.730000	27.357949	
0.107086	9732416.000000	71.710000	27.825178	
0.108028	9732416.000000	62.720000	27.574253	
0.107348	9732416.000000	71.770000	27.228854	
0.107585	9732416.000000	76.470000	27.456853	
0.107297	9732416.000000	69.330000	27.112001	
0.107596	9732416.000000	74.610000	27.806619	
0.106866	9732416.000000	71.790000	27.826884	
0.107657	9732416.000000	62.980000	27.018973	
0.107977	9732416.000000	62.040000	27.970343	
0.106721	9732416.000000	72.100000	27.842454	
0.107453	9732416.000000	70.470000	26.995682	
0.107236	9732416.000000	67.570000	27.522899	
0.106858	9732416.000000	66.770000	27.716192	
0.106047	9732416.000000	53.080000	27.176044	
0.106531	9732416.000000	61.540000	27.583625	
0.106910	9732416.000000	71.260000	26.299911	
0.106603	9732416.000000	67.680000	27.818036	
0.107815	9732416.000000	74.950000	26.843931	
0.107709	9732416.000000	70.760000	26.690427	
0.107332	9732416.000000	72.150000	27.330022	
0.107021	9732416.000000	57.220000	27.908223	
0.106350	9732416.000000	69.740000	28.017698	
0.106306	9732416.000000	67.800000	28.200117	
0.106965	9732416.000000	75.800000	26.700458	
0.106680	9732416.000000	50.410000	27.570975	
0.108146	9732416.000000	76.240000	27.868845	
0.108014	9732416.000000	70.030000	28.009547	
0.106302	9732416.000000	74.700000	27.530628	
0.106289	9732416.000000	66.200000	28.468636	
0.106853	9732416.000000	58.590000	27.409548	
0.107196	9732416.000000	74.200000	27.439262	
0.107196	9732416.000000	55.740000	27.762910	
0.107573	9732416.000000	62.940000	27.336861	
0.107166	9732416.000000	74.120000	28.218283	
0.106249	9732416.000000	74.920000	27.974334	
0.107271	9732416.000000	77.370000	27.933568	
0.107086	9732416.000000	66.270000	28.755957	
0.106640	9732416.000000	58.820000	27.264417	
0.106526	9732416.000000	75.190000	26.761538	
0.106672	9732416.000000	77.020000	26.867465	
0.106778	9732416.000000	71.640000	28.099389	
0.106424	9732416.000000	70.890000	27.483158	
0.107335	9732416.000000	61.750000	27.241564	
0.106415	9732416.000000	74.290000	27.702641	
0.106935	9732416.000000	70.050000	27.195650	
0.106364	9732416.000000	76.240000	27.519848	
0.107174	9732416.000000	73.170000	27.307134	
0.106741	9732416.000000	58.970000	32.548700	
0.106937	9732416.000000	72.010000	27.437397	
0.106713	9732416.000000	75.870000	27.667742	
0.106903	9732416.000000	58.390000	27.260087	
0.106565	9732416.000000	60.830000	27.720300	
0.108097	9732416.000000	55.210000	27.093185	
0.107001	9732416.000000	72.090000	28.712416	
0.106248	9732416.000000	71.090000	27.749462	
0.107446	9732416.000000	67.920000	28.121491	
0.106485	9732416.000000	75.290000	27.927117	
0.106781	9732416.000000	77.950000	27.246557	
0.106269	9732416.000000	57.650000	27.414395	
0.106689	9732416.000000	69.510000	27.423832	
0.106582	9732416.000000	75.270000	27.590502	
0.106121	9732416.000000	68.130000	27.837388	
0.106537	9732416.000000	67.430000	27.539019	
0.106013	9732416.000000	53.610000	27.487449	
0.105327	9732416.000000	73.340000	28.610116	
0.106806	9732416.000000	54.020000	27.783689	
0.106312	9732416.000000	73.650000	27.272811	
0.106743	9732416.000000	71.820000	27.988780	
0.106364	9732416.000000	66.600000	27.181395	
0.106616	9732416.000000	66.090000	27.285209	
0.105990	9732416.000000	73.300000	27.409643	
0.106341	9732416.000000	73.710000	27.666910	
0.106283	9732416.000000	76.710000	27.326431	
0.106780	9732416.000000	64.290000	27.386421	
0.106338	9732416.000000	72.630000	27.847405	
0.107024	9732416.000000	73.970000	26.292213	
0.106090	9732416.000000	74.290000	27.231534	
0.106736	9732416.000000	59.940000	27.784635	
0.107117	9732416.000000	62.800000	27.696616	
0.106282	9732416.000000	61.470000	27.545880	
0.106674	9732416.000000	74.820000	28.169711	
0.106526	9732416.000000	71.790000	27.245535	
0.106456	9732416.000000	71.430000	27.907872	
0.106634	9732416.000000	43.290000	26.769158	
0.106735	9732416.000000	73.350000	26.802857	
0.106908	9732416.000000	72.770000	28.037845	
0.106440	9732416.000000	64.520000	27.198988	
0.106459	9732416.000000	57.890000	28.002563	
0.106544	9732416.000000	66.630000	27.486237	
0.106637	9732416.000000	61.770000	27.597068	
0.105635	9732416.000000	77.160000	27.147876	
0.105680	9732416.000000	62.870000	27.565803	
0.106464	9732416.000000	44.900000	28.180932	
0.105796	9732416.000000	77.180000	27.454264	
nan	9732416.000000	72.690000	19.544838	
nan	9732416.000000	77.440000	20.174335	
nan	9732416.000000	72.810000	20.380823	
nan	9732416.000000	79.980000	20.187568	
nan	9732416.000000	77.450000	20.065044	
nan	9732416.000000	70.520000	19.017622	
nan	9732416.000000	76.770000	20.105740	
nan	9732416.000000	76.950000	19.927903	
nan	9732416.000000	72.760000	20.258506	
nan	9732416.000000	76.080000	20.412194	
nan	9732416.000000	79.510000	20.129802	
nan	9732416.000000	78.520000	19.537778	
nan	9732416.000000	73.470000	19.658204	
nan	9732416.000000	76.140000	20.324253	
nan	9732416.000000	68.710000	19.949947	
nan	9732416.000000	77.100000	19.769609	
nan	9732416.000000	77.310000	20.545995	
nan	9732416.000000	74.800000	19.758994	
nan	9732416.000000	77.580000	19.946595	
nan	9732416.000000	76.770000	19.919402	
nan	9732416.000000	79.930000	20.352933	
nan	9732416.000000	75.830000	20.219716	
nan	9732416.000000	82.020000	20.814126	
nan	9732416.000000	77.420000	20.319514	
nan	9732416.000000	79.620000	20.317327	
nan	9732416.000000	72.310000	20.698059	
nan	9732416.000000	72.780000	19.783672	
nan	9732416.000000	73.660000	19.314266	
nan	9732416.000000	79.220000	19.621692	
nan	9732416.000000	73.870000	20.214934	
