Regularisierer	Zielgroesse	Top1	Trainingszeit	
1.144734	17326400.000000	23.610000	59.513243	
0.315473	17326400.000000	40.120000	60.219379	
0.198833	17326400.000000	10.390000	56.997994	
0.198515	17326400.000000	33.140000	57.781540	
0.195644	17326400.000000	45.300000	55.291246	
0.196720	17326400.000000	27.390000	53.866152	
0.198125	17326400.000000	49.100000	54.342858	
0.198764	17326400.000000	43.020000	55.119671	
0.201561	17326400.000000	18.600000	54.967134	
0.199450	17326400.000000	28.520000	55.714183	
0.192142	17326400.000000	48.150000	54.073416	
0.194839	17326400.000000	35.520000	53.811682	
0.192925	17326400.000000	41.580000	53.369887	
0.193301	17326400.000000	44.810000	56.189821	
0.194709	17326400.000000	39.340000	53.892764	
0.193129	17326400.000000	47.450000	54.777775	
0.191583	17326400.000000	50.410000	55.104200	
0.190009	17326400.000000	62.000000	52.892997	
0.188930	17326400.000000	45.500000	53.660636	
0.187394	17326400.000000	48.860000	54.695577	
0.190837	17326400.000000	55.020000	51.663630	
0.188274	17326400.000000	62.800000	54.890827	
0.189045	17326400.000000	43.000000	53.511485	
0.189744	17326400.000000	31.000000	53.696909	
0.188553	17326400.000000	57.720000	54.215244	
0.184217	17326400.000000	45.110000	55.029891	
0.188391	17326400.000000	61.060000	53.674608	
0.190957	17326400.000000	56.710000	55.093092	
0.186778	17326400.000000	58.700000	55.086746	
0.190463	17326400.000000	57.150000	54.016390	
0.147424	6175040.000000	58.810000	50.016757	
0.148336	6175040.000000	45.410000	50.242437	
0.150286	6175040.000000	59.280000	51.060228	
0.151866	6175040.000000	59.400000	51.796143	
0.151380	6175040.000000	60.240000	50.587045	
0.149588	6175040.000000	70.090000	50.148305	
0.147952	6175040.000000	63.910000	49.502223	
0.147310	6175040.000000	64.280000	50.004236	
0.146668	6175040.000000	56.910000	51.119213	
0.148140	6175040.000000	65.470000	50.088478	
0.148244	6175040.000000	56.940000	51.488580	
0.147130	6175040.000000	62.450000	50.138087	
0.146946	6175040.000000	64.190000	51.790228	
0.150099	6175040.000000	55.220000	51.991026	
0.154493	6175040.000000	67.250000	51.562928	
0.170787	6175040.000000	54.310000	50.390776	
0.154703	6175040.000000	56.030000	50.214651	
0.152092	6175040.000000	44.010000	50.139252	
0.151250	6175040.000000	48.450000	48.919299	
0.150484	6175040.000000	52.500000	51.280850	
0.152485	6175040.000000	59.450000	49.084108	
0.154731	6175040.000000	57.200000	52.642457	
0.149891	6175040.000000	54.830000	52.479859	
0.150736	6175040.000000	43.660000	52.228492	
0.152077	6175040.000000	67.410000	52.882344	
0.150250	6175040.000000	58.940000	51.179703	
0.150041	6175040.000000	65.650000	51.476829	
0.150557	6175040.000000	63.330000	51.134501	
0.150178	6175040.000000	39.530000	52.077465	
0.150150	6175040.000000	47.040000	52.641186	
0.145580	5732672.000000	57.640000	49.920646	
0.144410	5732672.000000	62.700000	51.449286	
0.146280	5732672.000000	58.470000	51.788434	
0.143808	5732672.000000	61.480000	50.436167	
0.150509	5732672.000000	62.330000	51.832312	
0.157934	5732672.000000	58.330000	52.249105	
0.145638	5732672.000000	59.010000	50.376952	
0.145392	5732672.000000	57.210000	51.250043	
0.144820	5732672.000000	63.050000	50.457291	
0.145848	5732672.000000	56.850000	51.336884	
0.147249	5732672.000000	46.270000	50.177162	
0.146039	5732672.000000	57.200000	51.015215	
0.145032	5732672.000000	61.880000	51.535680	
0.145767	5732672.000000	58.740000	52.331487	
0.145502	5732672.000000	57.470000	52.301632	
0.145717	5732672.000000	34.460000	52.077933	
0.147771	5732672.000000	49.630000	52.656583	
0.147372	5732672.000000	44.900000	52.074271	
0.146363	5732672.000000	59.310000	51.000909	
0.146789	5732672.000000	56.040000	50.483451	
0.146665	5732672.000000	68.320000	51.882280	
0.145834	5732672.000000	57.390000	51.818022	
0.146716	5732672.000000	59.010000	51.413193	
0.146031	5732672.000000	68.480000	53.145562	
0.146520	5732672.000000	54.330000	52.052888	
0.145089	5732672.000000	64.570000	49.111354	
0.146708	5732672.000000	33.830000	52.127201	
0.146360	5732672.000000	60.700000	51.569360	
0.146140	5732672.000000	56.780000	51.161668	
0.144912	5732672.000000	68.190000	51.819760	
0.144715	5695808.000000	59.870000	51.250531	
0.144692	5695808.000000	63.560000	51.336163	
0.145114	5695808.000000	64.350000	51.984473	
0.146181	5695808.000000	69.940000	52.180088	
0.145312	5695808.000000	58.140000	51.899095	
0.144144	5695808.000000	55.570000	51.496685	
0.144959	5695808.000000	42.050000	51.896474	
0.154610	5695808.000000	62.750000	52.392157	
0.150726	5695808.000000	59.140000	52.013789	
0.145451	5695808.000000	59.580000	52.627696	
0.145845	5695808.000000	59.650000	54.257297	
0.145136	5695808.000000	67.960000	54.421037	
0.145517	5695808.000000	64.550000	54.783641	
0.146097	5695808.000000	64.410000	54.117108	
0.144503	5695808.000000	55.680000	54.198662	
0.145554	5695808.000000	40.230000	53.606965	
0.145013	5695808.000000	65.850000	52.772896	
0.144500	5695808.000000	43.040000	51.690013	
0.146543	5695808.000000	57.770000	53.976852	
0.144209	5695808.000000	73.050000	53.196756	
0.145614	5695808.000000	54.060000	51.906453	
0.145411	5695808.000000	68.680000	52.893758	
0.145442	5695808.000000	59.120000	53.381296	
0.145329	5695808.000000	44.350000	55.985414	
0.144449	5695808.000000	58.290000	57.642821	
0.146987	5695808.000000	56.660000	58.255460	
0.146157	5695808.000000	66.940000	58.222832	
0.146270	5695808.000000	57.120000	57.023177	
0.157126	5695808.000000	70.830000	57.803997	
0.150634	5695808.000000	65.260000	58.505753	
0.145031	5658944.000000	66.930000	58.581019	
0.143681	5658944.000000	59.420000	58.673651	
0.144210	5658944.000000	63.910000	58.389822	
0.143777	5658944.000000	58.840000	59.115983	
0.146752	5658944.000000	64.250000	58.659841	
0.144663	5658944.000000	64.230000	60.040230	
0.144539	5658944.000000	69.410000	60.036506	
0.143593	5658944.000000	64.310000	60.753763	
0.146282	5658944.000000	59.890000	60.941246	
0.144624	5658944.000000	58.890000	60.126739	
0.144532	5658944.000000	36.260000	59.791671	
0.143575	5658944.000000	70.420000	60.653472	
0.144696	5658944.000000	44.160000	60.708422	
0.143566	5658944.000000	60.990000	59.721370	
0.143243	5658944.000000	63.600000	59.846422	
0.143193	5658944.000000	50.120000	60.188921	
0.143451	5658944.000000	58.330000	59.452518	
0.145235	5658944.000000	53.960000	59.299546	
0.143597	5658944.000000	58.040000	59.529011	
0.146065	5658944.000000	56.300000	59.592450	
0.144569	5658944.000000	73.540000	59.466466	
0.144693	5658944.000000	55.590000	59.222286	
0.144496	5658944.000000	65.710000	59.995097	
0.144519	5658944.000000	59.770000	59.834937	
0.143593	5658944.000000	70.630000	59.443719	
0.144065	5658944.000000	70.140000	60.584846	
0.143522	5658944.000000	69.930000	59.983471	
0.145211	5658944.000000	66.080000	59.840911	
0.144998	5658944.000000	60.660000	59.098555	
0.143557	5658944.000000	55.710000	59.381185	
0.142857	5622080.000000	55.160000	59.913726	
0.146555	5622080.000000	64.880000	59.362036	
0.145113	5622080.000000	60.540000	58.780482	
0.143891	5622080.000000	65.550000	59.096689	
0.142424	5622080.000000	62.670000	59.022222	
0.143352	5622080.000000	61.130000	59.454452	
0.144921	5622080.000000	65.730000	59.564480	
0.144147	5622080.000000	69.110000	59.213475	
0.144200	5622080.000000	64.820000	57.908600	
0.148583	5622080.000000	68.790000	58.134598	
0.148611	5622080.000000	39.120000	58.154631	
0.144695	5622080.000000	53.780000	58.128200	
0.145406	5622080.000000	44.720000	58.160573	
0.145204	5622080.000000	44.970000	58.976682	
0.144918	5622080.000000	62.580000	57.880185	
0.142989	5622080.000000	60.390000	57.700331	
0.144179	5622080.000000	69.880000	57.922817	
0.143815	5622080.000000	37.180000	58.200199	
0.144070	5622080.000000	50.910000	58.472486	
0.144365	5622080.000000	55.110000	57.393628	
0.162979	5622080.000000	62.310000	57.826998	
0.146788	5622080.000000	71.280000	57.562900	
0.145708	5622080.000000	58.830000	57.725218	
0.150018	5622080.000000	50.910000	57.875752	
0.144222	5622080.000000	59.310000	57.443138	
0.143138	5622080.000000	64.470000	57.518273	
0.143307	5622080.000000	54.570000	58.236380	
0.144120	5622080.000000	63.250000	58.258165	
0.143547	5622080.000000	61.580000	57.996403	
0.144323	5622080.000000	25.050000	57.176867	
nan	5548352.000000	68.390000	37.487074	
nan	5548352.000000	74.520000	37.561426	
nan	5548352.000000	69.980000	37.356643	
nan	5548352.000000	73.130000	37.823864	
nan	5548352.000000	68.410000	37.723933	
nan	5548352.000000	77.530000	37.813003	
nan	5548352.000000	74.040000	37.517552	
nan	5548352.000000	75.950000	37.967103	
nan	5548352.000000	71.390000	37.767555	
nan	5548352.000000	77.530000	37.782200	
nan	5548352.000000	74.000000	37.634838	
nan	5548352.000000	74.250000	37.918061	
nan	5548352.000000	76.120000	37.996857	
nan	5548352.000000	70.510000	38.528390	
nan	5548352.000000	76.630000	38.730730	
nan	5548352.000000	70.320000	38.881726	
nan	5548352.000000	74.230000	38.393086	
nan	5548352.000000	66.610000	38.662472	
nan	5548352.000000	77.630000	38.308387	
nan	5548352.000000	78.620000	38.201143	
nan	5548352.000000	61.150000	37.529279	
nan	5548352.000000	68.890000	37.548983	
nan	5548352.000000	72.910000	38.148302	
nan	5548352.000000	76.340000	37.576962	
nan	5548352.000000	71.500000	38.450890	
nan	5548352.000000	77.050000	38.398733	
nan	5548352.000000	72.690000	37.905489	
nan	5548352.000000	75.900000	38.132830	
nan	5548352.000000	65.880000	38.058048	
nan	5548352.000000	76.430000	15.294067	
