LearningRate	TrainLoss	ValidLoss	TrainAcc.	ValidAcc.	TrainEpochTime(s)	TestEpochTime(s)	
0.100000	1.755354	1.644096	34.384000	41.690000	18.454528	1.278095	
0.100000	1.284005	1.424329	53.350000	51.360000	18.428746	1.183734	
0.100000	1.049036	1.202334	62.380000	57.460000	18.435627	1.210813	
0.100000	0.912961	0.908585	67.610000	68.400000	18.000441	1.157552	
0.100000	0.801136	1.029061	71.806000	64.450000	18.398195	1.269862	
0.100000	0.739777	0.899485	74.002000	69.150000	18.300799	1.214494	
0.100000	0.686545	0.943279	75.918000	68.380000	18.607524	1.217802	
0.100000	0.658997	1.012279	77.044000	68.000000	19.051803	1.305320	
0.100000	0.633409	0.905032	77.968000	71.910000	18.479568	1.181483	
0.100000	0.620471	1.089686	78.446000	66.540000	18.625764	1.215366	
0.100000	0.597162	1.031290	79.386000	68.300000	18.374792	1.231256	
0.100000	0.587351	0.939446	79.662000	69.630000	18.741314	1.280171	
0.100000	0.568475	0.670700	80.386000	76.840000	18.681447	1.121964	
0.100000	0.558536	0.802541	80.756000	74.340000	18.377690	1.226547	
0.100000	0.550658	0.696187	80.986000	76.910000	18.294960	1.194698	
0.100000	0.535452	1.141877	81.682000	63.840000	18.469560	1.229319	
0.100000	0.534729	0.909405	81.672000	69.820000	18.545155	1.250866	
0.100000	0.528828	0.815577	81.742000	73.080000	18.568716	1.219219	
0.100000	0.523034	0.785066	81.860000	74.320000	18.906875	1.215029	
0.100000	0.515366	0.737588	82.204000	75.230000	18.802856	1.191779	
0.100000	0.502764	0.613304	82.822000	79.310000	18.450492	1.202372	
0.100000	0.496458	1.090198	82.930000	67.880000	18.359684	1.196022	
0.100000	0.493706	0.821152	83.062000	73.920000	18.889188	1.177930	
0.100000	0.494935	0.611676	82.972000	79.320000	18.699445	1.092260	
0.100000	0.488022	0.868450	83.142000	73.030000	18.473570	1.196002	
0.100000	0.476894	0.640988	83.556000	78.870000	18.322478	1.194767	
0.100000	0.479468	0.878693	83.576000	72.670000	18.310718	1.160315	
0.100000	0.477857	0.834944	83.616000	74.250000	18.038157	1.124789	
0.100000	0.472553	0.783855	83.714000	74.920000	18.561712	1.222167	
0.100000	0.468655	0.837551	83.982000	73.350000	18.597873	1.301777	
0.100000	0.457046	0.556166	84.218000	81.400000	18.783445	1.250129	
0.100000	0.462115	0.877555	84.176000	72.920000	18.440646	1.301735	
0.100000	0.458261	0.773297	84.260000	75.490000	18.479866	1.266513	
0.100000	0.458869	0.712807	84.338000	76.410000	18.823323	1.328917	
0.100000	0.457834	0.581434	84.312000	80.740000	18.860472	1.167492	
0.100000	0.446784	0.559118	84.616000	81.320000	18.302986	1.240081	
0.100000	0.445582	0.642723	84.702000	79.890000	18.410323	1.255264	
0.100000	0.449963	0.647583	84.466000	78.930000	18.623458	1.237198	
0.100000	0.445546	0.688423	84.748000	76.810000	18.337957	1.322015	
0.100000	0.441547	0.582209	84.762000	80.130000	19.337591	1.243395	
0.100000	0.437492	0.621832	84.896000	78.990000	18.578520	1.272931	
0.100000	0.446900	0.872286	84.622000	72.980000	18.745082	1.194205	
0.100000	0.435058	0.667926	84.954000	78.420000	19.116101	1.162896	
0.100000	0.440952	0.699701	84.848000	77.200000	18.615383	1.313462	
0.100000	0.441085	0.813794	84.830000	75.500000	18.833015	1.291460	
0.100000	0.426677	0.621545	85.204000	79.680000	18.532592	1.297607	
0.100000	0.433786	0.573686	85.132000	81.200000	19.044225	1.217653	
0.100000	0.424231	0.842621	85.306000	73.640000	18.570013	0.963734	
0.100000	0.432108	0.690719	85.078000	77.310000	18.789456	1.355854	
0.100000	0.430462	0.709157	85.286000	76.990000	18.825507	1.228439	
0.100000	0.420881	0.529515	85.426000	81.540000	18.449441	1.192821	
0.100000	0.423347	0.776707	85.490000	75.380000	18.573620	1.195971	
0.100000	0.425346	0.669561	85.282000	77.910000	18.720879	1.261101	
0.100000	0.425554	0.609369	85.394000	79.830000	18.817554	1.171276	
0.100000	0.425027	0.663799	85.222000	78.210000	18.485514	1.249977	
0.100000	0.415059	0.591693	85.850000	81.550000	18.135628	1.181469	
0.100000	0.418113	0.907611	85.682000	73.030000	18.333196	1.362316	
0.100000	0.411103	0.587385	85.928000	81.560000	18.826716	1.222284	
0.100000	0.416852	0.585114	85.550000	80.740000	18.553506	1.242790	
0.100000	0.418456	0.791540	85.684000	74.910000	18.383476	1.274876	
0.100000	0.407634	0.582140	85.868000	81.030000	18.493795	1.278107	
0.100000	0.417237	0.556804	85.724000	81.060000	18.665967	1.178204	
0.100000	0.418636	0.987268	85.576000	70.370000	18.628374	1.244374	
0.100000	0.411686	0.867890	85.850000	73.640000	18.758032	1.226643	
0.100000	0.410719	0.749689	85.894000	76.600000	18.270540	1.221448	
0.100000	0.409352	0.698407	85.798000	77.390000	18.599568	1.295433	
0.100000	0.412833	0.493868	85.918000	83.490000	18.862165	1.302422	
0.100000	0.407563	0.886833	86.068000	73.390000	18.849428	1.186366	
0.100000	0.408163	0.711355	86.068000	78.610000	18.352659	1.369221	
0.100000	0.411719	0.456303	85.938000	84.570000	18.972603	1.215405	
0.100000	0.398899	0.732708	86.158000	77.530000	18.695873	1.220146	
0.100000	0.409259	0.587404	85.872000	80.410000	18.539731	1.156671	
0.100000	0.410940	0.774109	85.906000	75.510000	19.066831	1.274379	
0.100000	0.401537	0.542642	86.104000	81.840000	18.854253	1.350873	
0.100000	0.406740	0.558822	85.978000	81.810000	18.804616	1.272158	
0.100000	0.392705	0.599778	86.586000	80.250000	18.224291	1.401995	
0.100000	0.411534	0.618509	85.754000	79.820000	18.522972	1.205663	
0.100000	0.408680	0.590478	85.836000	80.340000	18.759052	1.213386	
0.100000	0.401117	0.719130	86.248000	77.130000	18.354981	1.148906	
0.100000	0.401617	0.888176	86.282000	72.660000	18.394271	1.291842	
0.100000	0.395919	0.792923	86.460000	76.080000	18.377378	1.233079	
0.100000	0.402583	0.621880	86.258000	79.970000	18.352287	1.319173	
0.100000	0.401759	1.167299	86.156000	65.440000	18.326046	1.262774	
0.100000	0.404066	0.671993	86.100000	77.800000	18.622895	1.395295	
0.100000	0.395677	0.753219	86.410000	76.090000	18.694170	1.199607	
0.100000	0.396540	0.628229	86.384000	79.370000	19.485552	1.282420	
0.100000	0.399419	0.654309	86.282000	78.330000	18.944026	1.210973	
0.100000	0.402335	0.630743	86.146000	79.540000	18.608685	1.279439	
0.100000	0.398113	0.635773	86.244000	79.210000	18.511956	1.393266	
0.100000	0.394065	0.534113	86.432000	82.180000	19.409014	1.231202	
0.100000	0.390324	0.655033	86.652000	79.250000	19.024260	1.221654	
0.100000	0.399512	0.881662	86.286000	71.630000	19.340628	1.413060	
0.010000	0.279887	0.325528	90.542000	88.960000	19.808390	1.297157	
0.010000	0.239607	0.320144	92.026000	89.010000	19.380924	1.150030	
0.010000	0.228731	0.313655	92.232000	89.550000	19.087746	1.243063	
0.010000	0.217469	0.311873	92.514000	89.550000	18.240063	1.262376	
0.010000	0.211626	0.317333	92.822000	89.210000	18.469936	1.173105	
0.010000	0.202337	0.315196	93.110000	89.550000	18.774212	1.270505	
0.010000	0.198881	0.318284	93.286000	89.510000	18.458359	1.264658	
0.010000	0.193191	0.317322	93.450000	89.720000	18.791824	1.238007	
0.010000	0.190777	0.313149	93.486000	89.460000	18.705265	1.187428	
0.010000	0.188976	0.322771	93.592000	89.710000	18.778836	1.214565	
0.010000	0.185069	0.309990	93.702000	89.730000	18.891853	1.243149	
0.010000	0.180207	0.315972	93.894000	89.590000	18.742109	1.273767	
0.010000	0.180029	0.323348	93.882000	89.560000	18.331470	1.289717	
0.010000	0.176423	0.320113	93.954000	89.740000	18.790644	1.418941	
0.010000	0.176027	0.317909	93.922000	89.800000	18.573665	1.100219	
0.010000	0.171969	0.329869	94.068000	89.390000	18.617950	1.127822	
0.010000	0.168674	0.330493	94.208000	89.380000	18.575202	1.261634	
0.010000	0.166269	0.329568	94.282000	89.430000	18.704266	1.210347	
0.010000	0.163534	0.324637	94.390000	89.730000	18.845188	1.164008	
0.010000	0.165639	0.319091	94.422000	90.010000	18.237178	1.172793	
0.010000	0.164654	0.334105	94.306000	89.770000	19.395061	1.283928	
0.010000	0.160518	0.321796	94.532000	90.080000	18.923429	1.299793	
0.010000	0.162062	0.336421	94.464000	89.170000	18.578552	1.306275	
0.010000	0.155036	0.341856	94.644000	89.130000	18.105709	1.403379	
0.010000	0.157791	0.348824	94.630000	89.460000	18.416023	1.254591	
0.010000	0.158261	0.342045	94.582000	89.420000	18.713633	1.226597	
0.010000	0.154571	0.396424	94.728000	87.940000	18.329825	1.252014	
0.010000	0.156046	0.361597	94.666000	88.680000	18.494942	1.155571	
0.010000	0.154061	0.355384	94.664000	89.240000	18.627429	1.281987	
0.010000	0.157261	0.346281	94.578000	89.240000	18.619185	1.268889	
0.010000	0.153493	0.399080	94.734000	87.980000	18.718851	1.294934	
0.010000	0.153890	0.339436	94.734000	89.500000	18.361573	1.216357	
0.010000	0.150611	0.375530	94.702000	88.560000	18.293068	1.257280	
0.010000	0.152179	0.356215	94.782000	89.000000	18.487995	1.241775	
0.010000	0.153861	0.360350	94.610000	89.210000	18.457468	1.273066	
0.010000	0.149998	0.373046	94.822000	88.690000	18.630597	1.072745	
0.010000	0.152980	0.358794	94.734000	89.230000	19.062054	1.400253	
0.010000	0.151115	0.352497	94.704000	89.160000	18.621214	1.320983	
0.010000	0.149616	0.383264	94.838000	88.370000	18.165277	1.369347	
0.010000	0.147279	0.371568	94.900000	89.110000	18.119514	1.225533	
0.010000	0.149788	0.370244	94.768000	88.560000	18.447885	1.170981	
0.010000	0.153356	0.382166	94.688000	88.560000	18.608322	1.247056	
0.010000	0.147995	0.356077	94.896000	88.860000	18.690015	1.256773	
0.010000	0.148799	0.404379	94.802000	87.720000	18.401880	1.310360	
0.010000	0.150456	0.364576	94.796000	89.280000	18.478759	1.346559	
0.010000	0.151083	0.385331	94.772000	88.360000	18.936153	1.150039	
0.010000	0.149553	0.385019	94.696000	88.310000	18.802899	1.187017	
0.010000	0.150450	0.383032	94.742000	88.330000	18.919731	1.291834	
0.010000	0.146131	0.407471	94.886000	87.940000	18.461107	1.222459	
0.010000	0.147610	0.392955	94.878000	88.370000	18.439375	1.219327	
0.010000	0.151965	0.420176	94.600000	87.180000	18.603402	1.250851	
0.010000	0.151334	0.383860	94.786000	88.450000	18.397932	1.229946	
0.010000	0.152137	0.376914	94.680000	88.810000	18.444805	1.241903	
0.010000	0.147018	0.359311	94.888000	89.210000	18.625208	1.280058	
0.010000	0.146301	0.352799	94.906000	89.240000	18.629372	1.298365	
0.010000	0.150747	0.436808	94.758000	86.800000	18.659820	1.363432	
0.010000	0.154832	0.393456	94.502000	88.150000	18.310459	1.340193	
0.001000	0.117847	0.316114	96.002000	90.340000	18.546594	1.230245	
0.001000	0.104740	0.317458	96.578000	90.230000	18.587917	1.225952	
0.001000	0.098057	0.316236	96.766000	90.500000	18.411384	1.051575	
0.001000	0.094840	0.314711	96.990000	90.320000	18.515140	1.340016	
0.001000	0.092407	0.319143	97.012000	90.300000	18.951324	1.238871	
0.001000	0.090608	0.316135	97.090000	90.360000	18.382620	1.158758	
0.001000	0.089813	0.316964	97.052000	90.500000	18.712697	1.244955	
0.001000	0.089295	0.317474	97.074000	90.440000	18.545246	1.244506	
0.001000	0.085732	0.319253	97.268000	90.330000	18.789660	1.180673	
0.001000	0.085984	0.317666	97.322000	90.350000	18.671992	1.165625	
0.001000	0.086646	0.320369	97.174000	90.470000	18.340448	1.205131	
0.001000	0.084086	0.322805	97.314000	90.460000	18.737279	1.209310	
0.001000	0.083474	0.322645	97.320000	90.450000	18.927990	1.285636	
0.001000	0.080513	0.322469	97.470000	90.460000	18.683986	1.280787	
0.001000	0.082161	0.323096	97.376000	90.590000	18.524711	1.186494	
0.001000	0.080275	0.325898	97.422000	90.390000	19.124080	1.351720	
0.001000	0.078274	0.323236	97.568000	90.470000	18.588964	1.289521	
0.001000	0.078229	0.324596	97.556000	90.570000	19.219891	1.319115	
0.001000	0.077440	0.322882	97.516000	90.570000	18.762224	1.171438	
0.001000	0.077441	0.328139	97.536000	90.370000	18.699929	1.285919	
0.001000	0.077291	0.328263	97.550000	90.450000	18.935947	1.194071	
0.001000	0.076362	0.326954	97.524000	90.530000	18.270225	1.162987	
0.001000	0.075890	0.330578	97.602000	90.180000	18.374140	1.270350	
0.001000	0.075986	0.334443	97.600000	90.380000	18.259761	1.180805	
0.001000	0.074802	0.331007	97.592000	90.320000	18.211401	1.182861	
0.001000	0.075369	0.331278	97.610000	90.480000	18.463286	1.318710	
0.001000	0.075186	0.332554	97.636000	90.390000	18.532938	1.239533	
0.001000	0.075367	0.335673	97.608000	90.400000	18.318248	1.262140	
0.001000	0.073814	0.333187	97.640000	90.460000	18.420240	1.241641	
0.001000	0.073409	0.331554	97.692000	90.530000	18.453529	1.229581	
0.001000	0.072885	0.334418	97.652000	90.450000	18.942643	1.190217	
0.100000	1.307003	2.439909	52.572000	42.830000	21.285461	1.421808	
0.100000	0.658904	0.701936	77.072000	76.930000	21.608416	1.316910	
0.100000	0.517246	1.468279	82.258000	63.670000	21.500777	1.360156	
0.100000	0.460737	0.635038	84.228000	79.590000	21.634026	1.228009	
0.100000	0.434836	0.643344	84.998000	79.330000	21.971116	1.354044	
0.100000	0.418339	0.956510	85.722000	69.350000	21.529877	1.361413	
0.100000	0.406068	1.042933	85.920000	72.050000	21.475850	1.399768	
0.100000	0.396008	0.618843	86.340000	79.620000	21.283108	1.358984	
0.100000	0.391892	0.763749	86.598000	75.880000	21.746959	1.435691	
0.100000	0.385086	0.498555	86.696000	83.670000	21.835295	1.438080	
0.100000	0.382609	0.609310	86.798000	79.210000	21.295053	1.309995	
0.100000	0.378610	0.690428	87.030000	78.500000	21.309656	1.447982	
0.100000	0.379397	0.708656	86.966000	77.390000	21.525479	1.411624	
0.100000	0.367965	0.755550	87.304000	76.490000	21.562051	1.339493	
0.100000	0.363886	0.558637	87.574000	81.640000	21.863088	1.146434	
0.100000	0.356776	0.632249	87.728000	79.010000	21.421953	1.422490	
0.100000	0.365239	0.504379	87.398000	83.060000	21.644144	1.281425	
0.100000	0.358200	0.572152	87.646000	82.590000	21.554577	1.374819	
0.100000	0.360178	0.670462	87.700000	77.690000	21.350486	1.380201	
0.100000	0.342885	0.659378	88.106000	80.470000	22.013091	1.262536	
0.100000	0.345061	0.623052	88.112000	80.970000	21.628582	1.462352	
0.100000	0.347649	0.518866	88.024000	83.080000	21.202747	1.505871	
0.100000	0.353401	0.611953	87.664000	80.380000	21.645194	1.355811	
0.100000	0.338003	0.566351	88.400000	80.890000	21.496243	1.459185	
0.100000	0.343205	0.502344	88.140000	82.870000	21.953494	1.539884	
0.100000	0.329813	0.791027	88.832000	76.690000	21.393687	1.408511	
0.100000	0.334014	0.572606	88.558000	81.480000	21.217010	1.330717	
0.100000	0.332605	0.475178	88.492000	84.280000	21.323624	1.338540	
0.100000	0.326886	0.651339	88.636000	80.900000	21.637985	1.303416	
0.100000	0.331324	0.648970	88.718000	79.840000	21.499815	1.414104	
0.100000	0.321643	0.518840	88.962000	82.930000	21.648815	1.417463	
0.100000	0.331724	0.471890	88.490000	83.890000	21.639615	1.299550	
0.100000	0.326126	0.567934	88.734000	81.620000	21.965395	1.364189	
0.100000	0.321757	0.543545	88.918000	83.390000	21.895388	1.398361	
0.100000	0.317839	0.632202	89.010000	79.980000	22.267623	1.406772	
0.100000	0.317119	0.512343	89.116000	82.790000	21.563910	1.514189	
0.100000	0.320480	0.622090	88.912000	79.290000	21.727347	1.399066	
0.100000	0.316059	0.520078	89.200000	83.470000	21.610868	1.336714	
0.100000	0.313609	0.603073	89.264000	81.140000	21.513086	1.370121	
0.100000	0.309741	0.710392	89.276000	78.520000	21.759482	1.273106	
0.100000	0.305130	0.533025	89.394000	82.750000	21.636138	1.364333	
0.100000	0.315834	0.561575	89.182000	82.070000	21.719172	1.345857	
0.100000	0.311167	0.532746	89.234000	82.970000	21.414472	1.322609	
0.100000	0.312712	0.466444	89.254000	84.780000	21.580806	1.368175	
0.100000	0.312318	0.750464	89.250000	77.890000	21.737073	1.384518	
0.100000	0.296828	0.578432	89.776000	81.630000	21.208176	1.511724	
0.100000	0.306249	0.594634	89.492000	81.180000	21.322422	1.450899	
0.100000	0.305237	0.454303	89.484000	85.350000	21.708504	1.387667	
0.100000	0.303675	0.526131	89.630000	83.360000	21.797577	1.339548	
0.100000	0.306754	0.553045	89.406000	82.610000	21.705118	1.459127	
0.100000	0.295022	0.780253	89.846000	75.810000	21.641376	1.296162	
0.100000	0.300824	0.492891	89.596000	83.770000	21.507655	1.403510	
0.100000	0.299038	0.484840	89.896000	84.080000	21.556962	1.384148	
0.100000	0.301013	0.461348	89.670000	84.730000	21.828039	1.473859	
0.100000	0.302926	0.538207	89.564000	82.940000	21.762952	1.397286	
0.100000	0.292198	0.681080	89.962000	78.550000	21.919952	1.386307	
0.100000	0.299617	0.565207	89.538000	81.920000	21.633463	1.433303	
0.100000	0.293717	0.507545	89.894000	83.450000	21.525509	1.384977	
0.100000	0.300337	0.459580	89.674000	84.850000	21.766569	1.437226	
0.100000	0.298262	0.508492	89.610000	83.410000	22.073071	1.348461	
0.100000	0.291911	0.594090	90.042000	80.840000	21.052315	1.435288	
0.100000	0.299335	0.558132	89.630000	82.060000	21.503614	1.325275	
0.100000	0.292850	0.635174	89.764000	79.760000	21.617328	1.409550	
0.100000	0.287568	0.801158	90.046000	75.460000	21.595085	1.381858	
0.100000	0.301957	0.559232	89.598000	82.630000	21.920805	1.283266	
0.100000	0.287049	0.692921	90.092000	78.720000	21.393218	1.469755	
0.100000	0.296122	0.463794	89.766000	84.370000	21.454422	1.455760	
0.100000	0.293884	0.601116	89.880000	80.480000	21.832393	1.376854	
0.100000	0.294398	0.586825	89.814000	81.530000	22.231691	1.400545	
0.100000	0.286023	0.546891	90.288000	82.440000	21.601513	1.450316	
0.100000	0.284121	0.453056	90.174000	85.240000	21.392336	1.318664	
0.100000	0.290486	0.610811	89.862000	81.470000	21.005308	1.359984	
0.100000	0.288429	0.499004	89.954000	83.960000	21.636178	1.353256	
0.100000	0.295810	0.681831	89.846000	78.500000	21.632443	1.271916	
0.100000	0.293138	0.509564	89.932000	83.360000	22.017093	1.317666	
0.100000	0.282319	0.552423	90.266000	82.630000	22.103813	1.495556	
0.100000	0.284609	0.612643	90.120000	81.650000	21.568340	1.363164	
0.100000	0.288499	0.538664	90.048000	82.610000	21.571317	1.378443	
0.100000	0.287017	0.731677	89.998000	77.600000	21.837678	1.373065	
0.100000	0.288879	0.553513	89.958000	81.520000	21.759046	1.469027	
0.100000	0.278145	0.467214	90.442000	85.350000	21.445626	1.350236	
0.100000	0.283974	0.386525	90.214000	86.510000	21.410922	1.346349	
0.100000	0.281566	0.694516	90.368000	78.910000	21.373652	1.427911	
0.100000	0.290742	0.578922	89.988000	82.220000	21.828629	1.568800	
0.100000	0.280456	0.653652	90.362000	80.110000	21.793317	1.425523	
0.100000	0.274741	0.499407	90.474000	84.090000	20.957407	1.398576	
0.100000	0.281256	0.530770	90.294000	84.090000	21.627336	1.394849	
0.010000	0.174878	0.250310	94.206000	91.590000	21.414049	1.304249	
0.010000	0.134021	0.239445	95.572000	92.150000	21.702988	1.408028	
0.010000	0.121678	0.234975	95.862000	92.180000	21.638683	1.313146	
0.010000	0.110807	0.238224	96.344000	92.150000	21.300248	1.379976	
0.010000	0.100957	0.237089	96.662000	92.400000	21.199099	1.492959	
0.010000	0.094551	0.243317	96.890000	92.350000	21.522983	1.309888	
0.010000	0.092366	0.238234	96.992000	92.510000	21.758506	1.387588	
0.010000	0.084222	0.243467	97.322000	92.380000	21.874617	1.362068	
0.010000	0.079951	0.246331	97.334000	92.350000	21.401489	1.351423	
0.010000	0.076615	0.249103	97.490000	92.500000	21.166960	1.190088	
0.010000	0.074686	0.256037	97.504000	92.150000	21.636456	1.421269	
0.010000	0.070787	0.245429	97.718000	92.580000	21.747815	1.396163	
0.010000	0.065241	0.244248	97.910000	92.480000	21.684973	1.337184	
0.010000	0.062040	0.256019	98.044000	92.550000	20.990711	1.442614	
0.010000	0.061977	0.258599	98.002000	92.490000	21.261186	1.375291	
0.010000	0.060265	0.255681	98.070000	92.510000	21.403302	1.403443	
0.010000	0.055769	0.270775	98.208000	91.910000	21.514496	1.287500	
0.010000	0.055145	0.267610	98.222000	92.420000	21.166992	1.382018	
0.010000	0.053877	0.262428	98.230000	92.720000	21.256963	1.390966	
0.010000	0.053027	0.288957	98.344000	91.580000	21.405431	1.341323	
0.010000	0.048636	0.262294	98.486000	92.530000	21.359703	1.383300	
0.010000	0.048629	0.262341	98.510000	92.440000	21.652236	1.445244	
0.010000	0.047089	0.279490	98.550000	92.250000	21.741854	1.385268	
0.010000	0.045665	0.298428	98.540000	92.000000	21.339280	1.306671	
0.010000	0.046419	0.276406	98.544000	92.560000	21.333709	1.353985	
0.010000	0.045402	0.293377	98.570000	92.060000	21.773856	1.296078	
0.010000	0.043429	0.290160	98.618000	91.890000	21.691375	1.410706	
0.010000	0.046245	0.293113	98.516000	92.190000	21.599019	1.376353	
0.010000	0.041201	0.294623	98.720000	92.010000	21.501835	1.422112	
0.010000	0.044477	0.291793	98.600000	92.090000	21.140577	1.421139	
0.010000	0.043344	0.284729	98.666000	92.230000	21.603515	1.364784	
0.010000	0.042941	0.300316	98.646000	91.740000	22.153490	1.350017	
0.010000	0.044390	0.309548	98.554000	91.760000	21.354274	1.411645	
0.010000	0.040527	0.293103	98.738000	92.270000	21.353821	1.330436	
0.010000	0.040590	0.330559	98.654000	91.220000	21.378807	1.387863	
0.010000	0.042086	0.329625	98.650000	91.290000	21.219215	1.355947	
0.010000	0.045078	0.300203	98.558000	91.770000	21.742180	1.380663	
0.010000	0.040670	0.321631	98.680000	91.770000	21.905270	1.422057	
0.010000	0.039447	0.302769	98.730000	92.010000	21.529677	1.354360	
0.010000	0.038978	0.299489	98.820000	92.030000	21.491453	1.441828	
0.010000	0.040900	0.320616	98.718000	91.640000	21.458800	1.314488	
0.010000	0.043093	0.326330	98.628000	91.530000	21.724933	1.395729	
0.010000	0.043094	0.303639	98.628000	91.800000	21.917778	1.340605	
0.010000	0.040975	0.303676	98.724000	92.000000	21.327950	1.361247	
0.010000	0.043656	0.313453	98.564000	91.880000	21.310628	1.343762	
0.010000	0.043488	0.325203	98.576000	91.630000	21.474503	1.329705	
0.010000	0.042533	0.328282	98.626000	91.440000	21.377844	1.392282	
0.010000	0.039957	0.324738	98.742000	91.860000	21.826716	1.339919	
0.010000	0.039304	0.313423	98.788000	91.820000	21.282755	1.399358	
0.010000	0.041392	0.302255	98.672000	91.860000	21.106020	1.391467	
0.010000	0.044536	0.317422	98.520000	91.630000	21.440257	1.413693	
0.010000	0.044624	0.321985	98.540000	91.740000	22.460487	1.401534	
0.010000	0.046435	0.301205	98.482000	91.790000	21.786344	1.310791	
0.010000	0.042688	0.328950	98.600000	91.360000	21.616124	1.437777	
0.010000	0.042591	0.335331	98.638000	91.200000	21.450111	1.415548	
0.010000	0.048341	0.315786	98.404000	92.030000	21.484879	1.392494	
0.010000	0.052490	0.334020	98.238000	91.340000	21.647190	1.391920	
0.001000	0.031849	0.270463	99.072000	92.720000	21.593524	1.440269	
0.001000	0.023052	0.269985	99.416000	92.740000	21.324073	1.407789	
0.001000	0.020589	0.268517	99.494000	92.760000	21.626604	1.362933	
0.001000	0.019012	0.268040	99.546000	92.860000	21.588115	1.316895	
0.001000	0.018086	0.269491	99.544000	92.970000	21.978736	1.381787	
0.001000	0.016579	0.267935	99.636000	92.910000	22.068798	1.369128	
0.001000	0.015212	0.266537	99.674000	93.000000	21.804153	1.277328	
0.001000	0.015646	0.269770	99.654000	92.950000	21.605846	1.493731	
0.001000	0.015144	0.266652	99.668000	93.110000	22.417796	1.336369	
0.001000	0.014959	0.269094	99.642000	93.030000	22.598171	1.501531	
0.001000	0.012849	0.271631	99.786000	92.890000	22.554007	1.408188	
0.001000	0.012726	0.267900	99.752000	93.060000	21.393747	1.400716	
0.001000	0.013009	0.271490	99.738000	93.130000	21.671264	1.376889	
0.001000	0.012332	0.270004	99.768000	93.070000	21.770807	1.526627	
0.001000	0.011829	0.275318	99.792000	92.940000	22.050203	1.465452	
0.001000	0.011510	0.269775	99.820000	93.190000	21.787093	1.366026	
0.001000	0.011703	0.271342	99.778000	93.080000	21.645429	1.443234	
0.001000	0.011436	0.276331	99.770000	92.910000	21.557714	1.428121	
0.001000	0.011152	0.275039	99.788000	92.970000	21.851480	1.381437	
0.001000	0.011507	0.272368	99.778000	92.870000	22.142487	1.439141	
0.001000	0.010975	0.271345	99.798000	93.070000	22.061561	1.397543	
0.001000	0.011324	0.272250	99.784000	93.180000	21.353431	1.420757	
0.001000	0.010353	0.276324	99.826000	93.070000	21.683265	1.379248	
0.001000	0.010566	0.279273	99.836000	92.830000	21.382462	1.449663	
0.001000	0.009531	0.274851	99.854000	93.130000	21.352384	1.412661	
0.001000	0.010486	0.272776	99.812000	93.090000	21.266388	1.405953	
0.001000	0.009805	0.276222	99.838000	93.040000	21.458961	1.369542	
0.001000	0.009537	0.273277	99.848000	93.060000	21.532170	1.422964	
0.001000	0.009483	0.276782	99.868000	92.940000	21.188555	1.475310	
0.001000	0.009722	0.275360	99.848000	92.960000	21.724238	1.430886	
0.001000	0.008641	0.276142	99.886000	92.910000	21.756929	1.389043	
0.001000	0.008939	0.275971	99.866000	92.950000	22.184997	1.418521	
0.001000	0.009392	0.275504	99.846000	92.960000	21.617479	1.409412	
0.001000	0.009003	0.274936	99.862000	93.000000	22.062796	1.363801	
0.001000	0.008803	0.278237	99.858000	93.030000	22.159892	1.417272	
0.001000	0.009533	0.275514	99.852000	93.010000	21.974119	1.392322	
0.001000	0.009185	0.277309	99.856000	92.990000	21.361727	1.424578	
0.001000	0.009402	0.279865	99.846000	93.000000	22.099653	1.313085	
0.001000	0.008357	0.280761	99.890000	93.090000	21.827734	1.366073	
0.001000	0.008627	0.278857	99.884000	93.040000	21.647489	1.257055	
0.001000	0.007873	0.278123	99.904000	92.990000	21.698474	1.362998	
0.001000	0.008969	0.283422	99.858000	93.200000	21.597991	1.445740	
0.001000	0.008864	0.278526	99.858000	93.040000	21.823875	1.379506	
0.001000	0.008324	0.281815	99.876000	92.930000	21.587819	1.372676	
0.001000	0.009138	0.278009	99.844000	93.130000	21.949332	1.351006	
0.001000	0.008009	0.279184	99.880000	93.040000	22.069602	1.385101	
0.001000	0.008163	0.280756	99.892000	93.020000	21.328671	1.370416	
0.001000	0.007590	0.280738	99.896000	92.930000	21.823238	1.378756	
0.001000	0.008228	0.279275	99.866000	92.990000	21.726605	1.316001	
0.001000	0.008520	0.282704	99.856000	92.940000	21.811497	1.425247	
0.001000	0.007387	0.280789	99.920000	92.990000	22.131633	1.453871	
