LearningRate	TrainLoss	ValidLoss	TrainAcc.	ValidAcc.	TrainEpochTime(s)	TestEpochTime(s)	
0.100000	1.711531	1.443612	36.100000	46.610000	130.680193	3.905160	
0.100000	1.221284	1.505173	55.568000	53.370000	146.972148	3.647032	
0.100000	0.923102	1.008153	67.216000	64.940000	140.176093	3.675996	
0.100000	0.761630	0.804573	73.362000	72.320000	148.126131	3.857783	
0.100000	0.675404	1.268947	76.642000	62.180000	136.158137	3.706658	
0.100000	0.612995	0.801638	78.784000	73.250000	143.094031	4.091480	
0.100000	0.575492	0.821036	80.016000	72.620000	148.217177	3.715530	
0.100000	0.536950	0.810099	81.366000	73.610000	142.309721	3.791921	
0.100000	0.515388	0.689250	82.092000	76.730000	148.544414	3.693299	
0.100000	0.495107	0.778810	82.862000	74.820000	136.632392	3.685793	
0.100000	0.472995	0.699642	83.724000	77.420000	141.827067	3.903554	
0.100000	0.461216	0.770067	84.294000	75.030000	147.797774	3.653138	
0.100000	0.447581	0.690132	84.502000	77.630000	139.072238	3.934614	
0.100000	0.443830	0.740412	84.808000	76.060000	142.368638	4.555979	
0.100000	0.433575	0.837156	84.950000	74.060000	128.887012	4.871521	
0.100000	0.418774	1.137878	85.776000	67.020000	139.962273	4.024100	
0.100000	0.414621	0.798508	85.786000	75.050000	145.299449	4.411533	
0.100000	0.411409	0.641380	85.784000	78.910000	139.606296	4.075478	
0.100000	0.400994	0.574763	86.162000	80.720000	144.901910	4.688224	
0.100000	0.395735	0.636012	86.354000	79.900000	136.091243	3.421129	
0.100000	0.390026	0.534313	86.510000	81.810000	134.468103	4.312940	
0.100000	0.384292	0.815750	86.742000	75.280000	144.031528	4.866053	
0.100000	0.385528	0.522701	86.782000	82.650000	137.563762	3.561499	
0.100000	0.379853	0.531793	86.906000	82.070000	143.691280	4.440563	
0.100000	0.369704	0.523059	87.348000	82.770000	136.893449	3.471591	
0.100000	0.366608	0.759799	87.404000	77.240000	136.932491	4.582332	
0.100000	0.366715	0.710518	87.496000	77.680000	145.723079	4.039724	
0.100000	0.356777	0.656003	87.738000	79.750000	136.070219	3.542731	
0.100000	0.352702	0.608012	88.016000	80.500000	143.737534	3.764385	
0.100000	0.357589	0.867211	87.596000	74.340000	136.559713	4.686574	
0.100000	0.349940	0.664756	87.986000	78.030000	135.071520	4.313938	
0.100000	0.347272	0.565462	88.008000	81.220000	146.953569	4.768088	
0.100000	0.341762	0.677843	88.162000	78.280000	139.061817	4.004903	
0.100000	0.348532	0.719500	87.850000	77.410000	147.231810	4.914715	
0.100000	0.338715	0.623981	88.392000	80.510000	139.720289	3.748680	
0.100000	0.330380	0.532659	88.808000	82.940000	135.561749	4.131626	
0.100000	0.335915	0.541488	88.478000	82.350000	145.937261	4.744488	
0.100000	0.331305	0.891205	88.486000	74.000000	137.832175	3.927574	
0.100000	0.326022	0.509646	88.750000	83.520000	140.729393	3.768392	
0.100000	0.325718	0.595942	88.816000	81.850000	140.399035	3.437313	
0.100000	0.319221	0.745472	88.912000	77.550000	136.991127	3.983163	
0.100000	0.337550	0.706221	88.330000	78.100000	145.272162	3.866127	
0.100000	0.323668	0.501715	88.702000	83.470000	135.561188	4.071451	
0.100000	0.329344	0.560936	88.646000	82.270000	141.869991	3.598127	
0.100000	0.324297	0.834481	88.828000	75.070000	141.571224	3.313257	
0.100000	0.314413	0.481890	89.178000	83.780000	142.880014	3.868263	
0.100000	0.318595	0.712560	89.068000	77.630000	147.360765	4.327853	
0.100000	0.319967	0.564771	88.910000	82.380000	142.032279	4.089806	
0.100000	0.314377	0.525188	89.220000	82.920000	139.632401	4.815204	
0.100000	0.317851	0.794119	88.902000	77.380000	147.487893	3.868340	
0.100000	0.304509	0.635127	89.524000	79.500000	146.583979	4.563722	
0.100000	0.314140	0.543233	89.270000	82.540000	142.361708	5.030639	
0.100000	0.315744	0.538457	89.062000	82.970000	136.972696	4.590931	
0.100000	0.309755	0.688241	89.384000	79.520000	139.787000	5.170553	
0.100000	0.304546	0.758839	89.580000	77.970000	133.556600	3.565063	
0.100000	0.298858	0.618963	89.732000	80.550000	147.411681	4.238409	
0.100000	0.308976	1.016505	89.448000	72.690000	141.471738	5.033824	
0.100000	0.308228	0.633788	89.426000	80.950000	136.170077	4.083073	
0.100000	0.310497	0.704903	89.346000	80.510000	135.570442	4.162910	
0.100000	0.306716	0.648099	89.368000	79.710000	138.687613	3.743904	
0.100000	0.299366	0.536735	89.794000	83.200000	146.468265	3.930974	
0.100000	0.303263	0.581145	89.526000	81.520000	144.159549	3.765289	
0.100000	0.307738	0.668358	89.436000	79.710000	135.613536	3.714972	
0.100000	0.302095	0.538817	89.602000	83.060000	133.960168	3.763958	
0.100000	0.299770	0.634983	89.588000	80.100000	134.467368	4.099569	
0.100000	0.290930	0.471035	90.048000	84.990000	147.367335	4.572907	
0.100000	0.302374	1.127888	89.482000	68.630000	145.902844	3.853798	
0.100000	0.302876	0.554281	89.522000	81.920000	135.739572	4.092322	
0.100000	0.303464	0.649096	89.488000	79.700000	132.334670	4.253648	
0.100000	0.304297	0.629901	89.518000	80.040000	135.976606	4.169847	
0.100000	0.291049	0.528173	89.780000	83.080000	141.594043	4.792281	
0.100000	0.298136	0.704662	89.614000	78.270000	141.749550	3.800759	
0.100000	0.298634	0.563690	89.578000	81.320000	139.791158	4.406677	
0.100000	0.287166	0.514819	90.206000	82.940000	138.415870	4.083029	
0.100000	0.292156	0.534203	89.918000	83.090000	140.153728	4.659879	
0.100000	0.292146	0.522636	89.880000	82.720000	146.213596	4.359194	
0.100000	0.297083	0.740205	89.834000	78.080000	141.403217	4.216083	
0.100000	0.290344	0.484979	90.006000	84.390000	136.942348	4.698942	
0.100000	0.290776	0.814275	89.878000	76.200000	135.305901	4.227231	
0.100000	0.289907	0.402221	89.926000	86.600000	139.101255	3.891048	
0.100000	0.278973	0.508326	90.386000	83.610000	146.149738	4.220580	
0.100000	0.300432	0.784732	89.608000	75.720000	140.905160	3.885175	
0.100000	0.287756	0.551635	90.052000	82.040000	140.301605	4.430750	
0.100000	0.290205	0.432549	90.104000	85.650000	137.403461	4.264842	
0.100000	0.287946	0.522664	90.198000	83.120000	135.733338	3.915264	
0.100000	0.284955	0.547727	90.148000	82.480000	147.520852	3.895706	
0.100000	0.288597	0.501687	90.126000	84.470000	144.877271	3.693311	
0.100000	0.290094	0.428443	90.064000	86.120000	144.206124	3.712734	
0.100000	0.289291	0.521695	90.038000	82.920000	137.573910	4.821245	
0.100000	0.286929	0.415842	90.068000	86.640000	140.024389	3.713803	
0.100000	0.282330	0.459502	90.264000	85.150000	144.254728	4.801570	
0.100000	0.288367	0.519374	89.996000	83.700000	140.638499	3.903904	
0.100000	0.286332	0.541906	90.216000	83.450000	143.791256	4.971197	
0.100000	0.286459	0.849663	90.080000	76.210000	136.827862	4.254698	
0.100000	0.282180	0.468002	90.176000	85.050000	137.030854	4.543273	
0.100000	0.278243	0.509397	90.400000	84.070000	145.429133	4.660145	
0.100000	0.284244	0.743882	90.162000	78.330000	136.696887	3.896240	
0.100000	0.286058	0.532122	90.108000	82.130000	142.012790	3.364858	
0.100000	0.286863	0.520406	90.046000	83.420000	141.217940	3.936568	
0.100000	0.283017	0.514277	90.344000	83.550000	134.745291	3.675425	
0.100000	0.277350	0.496886	90.364000	83.770000	147.885375	4.431796	
0.100000	0.285086	0.761613	90.202000	78.660000	140.071596	3.915766	
0.100000	0.284374	0.579764	90.226000	82.080000	142.829530	3.804737	
0.100000	0.283560	0.445133	90.162000	85.240000	141.065885	3.878753	
0.100000	0.278215	0.477628	90.508000	84.600000	138.886588	3.532662	
0.100000	0.276861	0.489129	90.484000	84.370000	147.974813	4.238886	
0.100000	0.281298	0.568238	90.328000	82.960000	140.643628	4.815669	
0.100000	0.287369	0.557362	90.070000	82.210000	139.100340	3.611442	
0.100000	0.275511	0.539926	90.660000	83.320000	145.238875	4.230627	
0.100000	0.283384	0.540279	90.266000	83.520000	131.156069	4.433987	
0.100000	0.273671	0.656953	90.668000	80.780000	142.227834	3.889568	
0.100000	0.278208	0.579875	90.314000	81.700000	135.271093	3.635937	
0.100000	0.278268	0.635516	90.282000	80.390000	138.501556	3.788234	
0.100000	0.278971	0.677811	90.340000	78.910000	144.669613	4.087491	
0.100000	0.278903	0.425532	90.322000	86.080000	134.389884	3.327512	
0.100000	0.272082	0.587140	90.610000	81.560000	143.320938	4.597578	
0.100000	0.276341	0.735530	90.440000	78.590000	136.829275	4.850552	
0.100000	0.279495	0.449942	90.430000	84.960000	137.911140	4.002905	
0.100000	0.281691	0.478613	90.304000	84.630000	144.597069	4.244471	
0.100000	0.286585	0.633155	90.004000	79.970000	140.348910	4.759925	
0.100000	0.270361	0.437279	90.736000	85.690000	147.319116	5.059724	
0.100000	0.275088	0.588379	90.488000	80.890000	139.134364	4.159728	
0.100000	0.279074	0.587054	90.404000	81.890000	139.590213	4.089347	
0.100000	0.280817	0.407283	90.376000	86.500000	148.587140	4.815827	
0.100000	0.276598	0.659776	90.650000	81.120000	139.203289	4.060059	
0.100000	0.270542	0.661457	90.750000	80.530000	145.063494	4.748570	
0.100000	0.273810	0.490244	90.394000	84.360000	136.282938	4.622774	
0.100000	0.282794	0.542330	90.242000	82.570000	136.186892	5.025542	
0.100000	0.270050	0.530845	90.620000	82.810000	145.310869	3.545553	
0.100000	0.278111	0.716622	90.414000	78.730000	141.174541	3.786748	
0.100000	0.265153	0.397741	90.912000	86.480000	144.270899	4.046077	
0.100000	0.277247	0.468790	90.546000	84.340000	136.151788	4.115244	
0.100000	0.279394	0.699620	90.378000	79.440000	134.494247	4.259444	
0.100000	0.273230	0.556850	90.590000	83.160000	141.722878	3.739672	
0.100000	0.270624	0.519718	90.742000	84.020000	140.868591	5.091339	
0.100000	0.264195	0.514520	91.060000	83.690000	143.755316	5.369224	
0.100000	0.283340	0.523047	90.194000	83.430000	134.775873	4.403315	
0.100000	0.273722	0.592089	90.534000	81.980000	134.912864	4.662529	
0.100000	0.273417	0.626404	90.520000	80.740000	137.343265	3.904953	
0.100000	0.272727	0.727001	90.600000	78.700000	144.380610	4.541674	
0.100000	0.261842	0.493671	90.934000	83.890000	144.377848	4.354214	
0.100000	0.269425	0.473091	90.680000	84.420000	136.258482	4.059819	
0.100000	0.274584	0.395919	90.558000	86.810000	136.224429	4.208481	
0.100000	0.267443	0.524923	90.806000	84.220000	138.146678	4.155497	
0.100000	0.276361	0.443128	90.344000	85.490000	145.693848	4.235388	
0.100000	0.258389	0.515873	91.156000	83.720000	143.966335	3.951837	
0.100000	0.271649	0.516557	90.668000	83.330000	137.395609	3.826603	
0.100000	0.267349	0.842330	90.896000	76.500000	137.742815	3.891575	
0.100000	0.275957	0.374618	90.566000	87.560000	138.140210	4.259676	
0.100000	0.277210	0.544514	90.496000	83.110000	142.385778	4.420161	
0.100000	0.264094	0.413976	90.886000	86.510000	144.147711	4.141806	
0.100000	0.268508	0.448641	90.728000	85.740000	139.540333	3.891771	
0.100000	0.275936	0.469136	90.516000	85.360000	134.517592	4.084715	
0.100000	0.268835	0.452665	90.806000	84.410000	135.828183	3.963012	
0.100000	0.271451	1.434996	90.640000	64.820000	142.202441	3.965803	
0.100000	0.263825	0.684749	90.922000	79.380000	140.622195	4.732352	
0.100000	0.266391	0.652503	90.782000	80.430000	137.342776	4.370446	
0.100000	0.274995	0.517328	90.526000	83.180000	138.274752	3.987788	
0.100000	0.265145	0.662380	90.916000	80.390000	136.850704	3.966368	
0.100000	0.271313	0.447484	90.770000	84.930000	147.665195	4.148647	
0.100000	0.258859	0.593140	91.042000	81.870000	145.449491	3.674287	
0.100000	0.274391	0.483204	90.530000	84.010000	140.818786	4.053269	
0.100000	0.267276	0.721122	90.742000	79.430000	133.355577	4.410107	
0.100000	0.269752	0.696925	90.560000	79.780000	140.228433	5.045957	
0.100000	0.273463	0.481192	90.544000	84.720000	143.007372	3.952750	
0.100000	0.253109	0.706376	91.304000	79.020000	142.047895	3.720148	
0.100000	0.275113	0.438056	90.632000	85.850000	141.126138	4.118249	
0.100000	0.269009	0.527885	90.440000	83.750000	136.811783	4.227492	
0.100000	0.275926	0.573756	90.500000	82.170000	135.029074	4.131347	
0.100000	0.264062	0.443768	90.748000	85.810000	145.270306	4.138027	
0.100000	0.261382	0.698583	90.874000	78.880000	144.883317	3.880692	
0.100000	0.268745	0.495107	90.688000	84.830000	138.338682	3.517999	
0.100000	0.267119	0.506240	90.742000	83.950000	141.755460	4.239490	
0.100000	0.268352	0.582832	90.718000	82.330000	138.740952	4.472609	
0.100000	0.263154	0.569862	90.880000	82.530000	146.412220	3.611154	
0.100000	0.265929	0.413930	90.772000	86.460000	138.500979	3.492155	
0.100000	0.264640	0.501076	90.902000	83.980000	110.800822	3.123352	
0.100000	0.267074	0.665872	90.814000	80.880000	84.884311	3.124810	
0.100000	0.267736	0.465836	90.802000	85.230000	62.911420	2.727950	
0.100000	0.270398	0.433692	90.652000	85.830000	54.152111	1.629157	
