LearningRate	TrainLoss	ValidLoss	TrainAcc.	ValidAcc.	TrainEpochTime(s)	TestEpochTime(s)	
0.100000	2.382333	1.493730	35.044000	44.840000	25.593463	1.124640	
0.100000	1.836785	1.222911	53.552000	57.120000	25.615801	1.114532	
0.100000	1.485842	1.091639	64.898000	63.000000	25.397090	1.115540	
0.100000	1.262084	1.726481	71.338000	51.000000	25.685073	1.149822	
0.100000	1.122339	0.895049	75.222000	69.350000	25.663548	1.094307	
0.100000	1.017794	1.067721	78.014000	64.760000	25.530164	1.096601	
0.100000	0.956487	0.913263	78.924000	69.280000	25.553501	1.102543	
0.100000	0.899512	0.807013	80.246000	74.010000	25.762461	1.081880	
0.100000	0.875077	0.916274	80.682000	69.690000	25.934000	1.119809	
0.100000	0.841135	0.732040	81.760000	75.850000	25.870470	1.107745	
0.100000	0.821682	1.067176	82.250000	67.020000	25.503972	1.115982	
0.100000	0.814615	0.737867	82.300000	75.100000	25.559177	1.120644	
0.100000	0.805886	0.769426	82.724000	75.010000	25.894586	1.134713	
0.100000	0.790494	0.753415	82.960000	75.320000	25.911030	1.113978	
0.100000	0.784126	0.831601	83.088000	73.350000	25.881075	1.124800	
0.100000	0.776248	1.089055	83.346000	67.540000	25.866580	1.115312	
0.100000	0.778089	1.089441	83.246000	68.400000	25.715234	1.143708	
0.100000	0.778165	0.872598	83.628000	72.600000	25.953210	1.130305	
0.100000	0.764746	0.666286	83.902000	77.040000	26.194072	1.147878	
0.100000	0.772153	0.637825	83.650000	77.770000	26.078468	1.109445	
0.100000	0.750807	0.664596	84.442000	78.260000	25.807723	1.117616	
0.100000	0.759203	1.355977	84.060000	63.410000	25.518585	1.126352	
0.100000	0.751142	0.796841	84.366000	74.960000	26.080794	1.133829	
0.100000	0.755558	0.742028	84.320000	75.770000	25.960786	1.128451	
0.100000	0.748294	0.578733	84.462000	80.320000	26.091616	1.139710	
0.100000	0.740558	0.680065	84.704000	76.840000	25.561111	1.124993	
0.100000	0.735804	0.594813	84.818000	80.200000	25.404013	1.103671	
0.100000	0.733226	0.704821	84.782000	76.070000	25.639878	1.117459	
0.100000	0.731262	0.664142	85.156000	77.990000	25.544508	1.205581	
0.100000	0.732453	0.885181	84.922000	73.490000	25.499716	1.238594	
0.100000	0.721235	1.078522	85.376000	69.320000	25.310099	1.107055	
0.100000	0.719384	0.724764	85.438000	76.930000	25.266795	1.101397	
0.100000	0.730395	0.761912	84.976000	76.220000	25.411159	1.121655	
0.100000	0.721883	0.658166	85.314000	77.640000	25.536136	1.196392	
0.100000	0.719719	0.856108	85.396000	74.110000	25.476169	1.158400	
0.100000	0.703284	0.671638	85.782000	77.880000	25.198882	1.104570	
0.100000	0.720622	0.613227	85.240000	80.000000	25.163116	1.093596	
0.100000	0.710744	0.736861	85.518000	75.510000	25.426837	1.102580	
0.100000	0.707417	0.769961	85.678000	76.060000	25.537465	1.112907	
0.100000	0.716124	0.581535	85.442000	80.830000	25.332687	1.180957	
0.100000	0.699523	0.545304	85.996000	81.780000	23.711765	1.018759	
0.100000	0.705927	0.676117	85.670000	77.120000	23.563714	1.063577	
0.100000	0.706602	0.642566	85.804000	77.960000	23.694427	1.032462	
0.100000	0.696723	0.771130	86.058000	76.250000	23.662211	1.111967	
0.100000	0.697407	0.633220	86.068000	79.160000	23.742544	1.038272	
0.100000	0.691341	0.681585	86.278000	78.390000	24.398205	1.089518	
0.100000	0.690001	0.588433	86.122000	80.380000	24.129693	1.043561	
0.100000	0.700416	0.557312	85.918000	81.370000	24.122169	1.047786	
0.100000	0.688591	0.956585	86.186000	70.880000	24.162264	1.053222	
0.100000	0.695658	0.530228	86.160000	82.400000	24.395080	1.075338	
0.100000	0.682266	0.901052	86.404000	74.110000	23.628144	1.040750	
0.100000	0.692752	0.572186	86.004000	80.970000	23.668613	1.066178	
0.100000	0.691775	0.592769	86.202000	80.950000	23.753023	1.067966	
0.100000	0.682942	0.704586	86.368000	77.830000	23.654927	1.046122	
0.100000	0.684641	0.728654	86.494000	78.280000	23.924348	1.052915	
0.100000	0.672982	0.770118	86.680000	77.860000	23.745821	1.088118	
0.100000	0.686357	0.583566	86.202000	81.080000	23.610883	1.006922	
0.100000	0.682765	0.789281	86.344000	74.900000	23.647105	1.035704	
0.100000	0.680285	0.624507	86.480000	79.150000	23.462919	1.074585	
0.100000	0.674330	0.616207	86.652000	79.180000	23.641545	1.025091	
0.100000	0.668121	0.720275	86.710000	76.610000	24.324391	1.034983	
0.100000	0.674772	0.700562	86.570000	76.260000	24.058605	1.052854	
0.100000	0.679511	0.622191	86.384000	79.220000	24.272438	1.047881	
0.100000	0.679289	1.047850	86.406000	70.290000	24.263452	1.061941	
0.100000	0.681811	0.783525	86.382000	77.320000	24.318774	1.027590	
0.100000	0.670803	0.555052	86.552000	81.430000	23.628169	1.030481	
0.100000	0.675752	0.526997	86.514000	82.160000	23.504755	1.013105	
0.100000	0.675071	0.636865	86.646000	78.460000	23.632368	1.001706	
0.100000	0.679607	0.629497	86.470000	79.940000	23.694852	1.010886	
0.100000	0.671296	0.958171	86.692000	71.700000	23.690308	1.015521	
0.100000	0.664972	1.262269	86.732000	65.630000	23.597641	1.051801	
0.100000	0.675543	0.684067	86.556000	77.350000	23.440279	1.037348	
0.100000	0.674134	0.569868	86.520000	80.640000	23.572485	1.015861	
0.100000	0.680414	1.190408	86.258000	67.850000	23.636764	1.138635	
0.100000	0.674891	0.736267	86.638000	76.530000	23.636794	1.019857	
0.100000	0.660867	1.380726	86.930000	65.520000	23.296445	1.054226	
0.100000	0.668642	0.849907	86.628000	72.360000	23.278441	1.054387	
0.100000	0.663609	0.612958	86.920000	80.250000	23.619280	1.038816	
0.100000	0.658493	0.827579	87.044000	74.850000	23.681854	1.016688	
0.100000	0.667368	0.555386	86.772000	81.470000	23.497904	1.031378	
0.100000	0.665226	1.109727	86.706000	68.940000	23.829367	1.035625	
0.100000	0.663705	0.826423	86.810000	75.770000	23.535586	1.040163	
0.100000	0.670525	0.594228	86.488000	80.460000	23.814209	1.038521	
0.100000	0.672077	0.600956	86.610000	80.710000	23.643496	1.023298	
0.100000	0.662310	1.165973	87.032000	65.110000	23.753404	1.020431	
0.100000	0.658004	0.513639	86.998000	83.060000	23.864003	1.022165	
0.100000	0.662786	0.607960	86.860000	79.930000	23.715961	1.007850	
0.100000	0.662177	0.950331	86.826000	72.750000	23.485959	1.146117	
0.100000	0.664168	0.533501	86.810000	82.320000	23.516153	1.018566	
0.100000	0.658479	0.714800	86.928000	77.820000	23.615866	1.023939	
0.100000	0.657338	0.564411	86.934000	80.830000	23.494259	1.031538	
0.100000	0.659997	1.198500	86.938000	66.780000	23.303170	1.015880	
0.010000	0.526508	0.281540	91.464000	90.340000	23.569016	1.031186	
0.010000	0.474658	0.269061	93.118000	90.690000	23.602615	1.042457	
0.010000	0.451314	0.263234	93.694000	91.010000	23.687591	1.037769	
0.010000	0.430989	0.262504	94.250000	91.380000	23.306396	1.047134	
0.010000	0.419344	0.275840	94.524000	90.970000	23.224184	1.029602	
0.010000	0.405519	0.266884	94.762000	91.400000	23.419740	1.012656	
0.010000	0.393907	0.258166	95.050000	91.670000	23.315790	1.022029	
0.010000	0.382415	0.263713	95.238000	91.310000	23.464318	1.024094	
0.010000	0.372392	0.273708	95.466000	91.280000	23.529351	1.075748	
0.010000	0.363348	0.261442	95.690000	91.620000	23.446048	1.015315	
0.010000	0.356021	0.307129	95.658000	90.500000	23.492717	0.999552	
0.010000	0.349524	0.269396	95.802000	91.670000	23.549052	1.033463	
0.010000	0.343786	0.294315	95.902000	91.010000	23.769800	1.015525	
0.010000	0.336045	0.286873	95.970000	91.090000	23.557729	1.039027	
0.010000	0.332155	0.283827	96.006000	91.150000	23.481745	1.010915	
0.010000	0.324373	0.283916	96.168000	91.450000	23.836726	1.001073	
0.010000	0.320971	0.290520	96.196000	90.960000	23.753217	1.030139	
0.010000	0.314112	0.321790	96.254000	90.230000	24.013642	1.025986	
0.010000	0.311935	0.308631	96.246000	90.530000	23.422997	1.050280	
0.010000	0.313371	0.329678	96.148000	90.430000	23.384593	1.010062	
0.010000	0.310415	0.311243	96.066000	90.830000	23.616196	1.006531	
0.010000	0.306766	0.314905	96.174000	90.800000	23.730640	1.033849	
0.010000	0.303908	0.368135	96.364000	89.400000	23.395259	1.048477	
0.010000	0.302210	0.314176	96.236000	90.640000	23.489422	1.040409	
0.010000	0.298702	0.327497	96.262000	90.290000	23.338128	1.041663	
0.010000	0.302582	0.311895	96.108000	90.530000	23.320470	1.049740	
0.010000	0.295018	0.336657	96.244000	90.120000	23.388891	1.040288	
0.010000	0.297824	0.362279	96.090000	89.050000	23.568404	1.032277	
0.010000	0.292073	0.356511	96.314000	89.470000	23.740404	1.050974	
0.010000	0.298208	0.323192	95.994000	90.560000	23.765242	1.009108	
0.010000	0.296130	0.362621	95.992000	89.110000	23.540160	1.012193	
0.010000	0.297007	0.459781	96.024000	87.180000	23.702171	1.045109	
0.010000	0.297174	0.331987	95.950000	90.080000	23.772597	1.055863	
0.010000	0.285221	0.353326	96.364000	89.660000	23.323501	1.009864	
0.010000	0.294839	0.318728	95.896000	90.100000	23.356487	1.028646	
0.010000	0.295807	0.350828	95.936000	89.370000	23.511251	1.075679	
0.010000	0.293061	0.365586	95.986000	89.290000	23.493541	1.032132	
0.010000	0.297373	0.368893	95.750000	89.250000	23.462519	1.021144	
0.010000	0.293663	0.364233	95.906000	89.390000	23.552366	1.031362	
0.010000	0.296276	0.333305	95.824000	90.020000	23.428099	1.095859	
0.010000	0.295658	0.338530	95.856000	89.890000	23.577108	1.033420	
0.010000	0.295815	0.339578	95.820000	89.820000	23.395644	1.064283	
0.010000	0.298601	0.313417	95.680000	90.410000	23.391742	1.029958	
0.010000	0.292884	0.326615	95.876000	90.320000	23.852112	1.016627	
0.010000	0.293333	0.429593	95.888000	87.380000	23.500476	1.011327	
0.010000	0.292500	0.336685	95.900000	90.010000	23.721439	1.091553	
0.010000	0.296752	0.389726	95.808000	88.500000	23.659716	1.087535	
0.010000	0.294237	0.368219	95.762000	88.840000	23.714072	1.016524	
0.010000	0.282890	0.369553	96.214000	89.360000	24.066581	1.034152	
0.010000	0.298096	0.393856	95.592000	88.320000	23.833184	1.063915	
0.010000	0.292817	0.384809	95.830000	89.150000	23.985462	1.035443	
0.010000	0.288593	0.323846	95.986000	90.550000	23.994998	1.014877	
0.010000	0.295113	0.404287	95.730000	88.420000	24.068470	1.023096	
0.010000	0.290976	0.357278	95.944000	89.230000	23.482575	1.050195	
0.010000	0.296493	0.437523	95.638000	87.760000	23.474883	1.024776	
0.010000	0.295032	0.382023	95.676000	88.720000	23.577550	1.029709	
0.010000	0.287783	0.334737	96.010000	89.650000	23.783299	1.069506	
0.001000	0.247043	0.266161	97.646000	91.810000	24.020968	1.141835	
0.001000	0.228733	0.261288	98.346000	92.010000	23.792984	1.043573	
0.001000	0.220910	0.260374	98.542000	92.090000	24.011568	1.096423	
0.001000	0.216008	0.257023	98.760000	92.480000	24.215263	1.082454	
0.001000	0.211803	0.262756	98.834000	92.290000	24.374959	1.027375	
0.001000	0.208964	0.263531	98.924000	92.380000	24.411955	1.112653	
0.001000	0.207319	0.263135	98.928000	92.460000	23.424820	1.068536	
0.001000	0.205325	0.266471	99.032000	92.540000	23.859583	1.019660	
0.001000	0.202846	0.266110	99.036000	92.520000	23.905282	1.057744	
0.001000	0.201955	0.262381	99.114000	92.750000	23.901629	1.089302	
0.001000	0.200456	0.264769	99.174000	92.630000	23.786459	1.163591	
0.001000	0.197341	0.267310	99.244000	92.570000	23.613840	1.066160	
0.001000	0.197240	0.266779	99.260000	92.540000	23.998693	1.039514	
0.001000	0.195080	0.268529	99.292000	92.600000	23.973010	1.046008	
0.001000	0.194039	0.267095	99.298000	92.480000	24.191873	1.103166	
0.001000	0.192628	0.269384	99.352000	92.460000	24.161020	1.093068	
0.001000	0.191093	0.273429	99.358000	92.450000	23.988542	1.110802	
0.001000	0.189972	0.273416	99.394000	92.520000	24.197888	1.142569	
0.001000	0.189444	0.274745	99.404000	92.600000	24.464666	1.057185	
0.001000	0.188522	0.274827	99.420000	92.600000	24.152917	1.060732	
0.001000	0.187196	0.279614	99.438000	92.560000	24.383015	1.106946	
0.001000	0.185475	0.276515	99.520000	92.550000	23.891366	1.079474	
0.001000	0.185019	0.277075	99.510000	92.690000	23.911956	1.038779	
0.001000	0.185234	0.276734	99.462000	92.590000	24.483501	1.078832	
0.001000	0.184800	0.281169	99.466000	92.490000	23.989043	1.086975	
0.001000	0.183234	0.280901	99.508000	92.510000	24.150285	1.062280	
0.001000	0.181426	0.285584	99.564000	92.400000	23.710311	1.091723	
0.001000	0.179775	0.284210	99.614000	92.510000	24.037038	1.072465	
0.001000	0.180107	0.281471	99.586000	92.500000	24.338878	1.043708	
0.001000	0.179886	0.282141	99.582000	92.420000	24.136534	1.171402	
0.001000	0.179243	0.282900	99.576000	92.450000	24.026902	1.089567	
