LearningRate	TrainLoss	ValidLoss	TrainAcc.	ValidAcc.	TrainEpochTime(s)	TestEpochTime(s)	
0.100000	1.762546	1.773938	33.932000	34.090000	14.888777	0.614545	
0.100000	1.253362	1.343102	54.428000	53.400000	15.600328	0.705590	
0.100000	1.019099	1.271982	63.512000	57.940000	15.412504	0.652037	
0.100000	0.880269	1.110353	68.582000	61.950000	10.601203	0.536394	
0.100000	0.791855	1.392457	71.858000	59.390000	9.628258	0.536855	
0.100000	0.716469	1.410012	75.106000	59.950000	14.070025	0.539154	
0.100000	0.658818	0.915900	77.044000	70.500000	15.065218	0.590064	
0.100000	0.632220	0.878961	78.136000	69.950000	16.381997	0.681799	
0.100000	0.603384	0.835533	78.970000	72.720000	22.893417	0.687199	
0.100000	0.583404	1.029759	79.812000	68.940000	22.617214	0.699670	
0.100000	0.563695	0.653008	80.580000	77.160000	23.161300	0.562225	
0.100000	0.546002	1.087124	81.028000	67.560000	22.857975	0.692372	
0.100000	0.530860	0.742355	81.550000	75.340000	23.125087	0.868584	
0.100000	0.523806	1.134644	81.940000	68.130000	23.317274	0.672250	
0.100000	0.509998	0.861888	82.268000	72.860000	22.756241	0.629512	
0.100000	0.500165	0.978727	82.794000	69.410000	16.659572	0.614318	
0.100000	0.494894	0.590917	82.868000	80.400000	15.428965	0.616433	
0.100000	0.489797	0.731678	82.934000	75.900000	15.453555	0.663335	
0.100000	0.481445	0.648307	83.378000	77.980000	23.121737	0.698962	
0.100000	0.476489	0.883641	83.694000	73.380000	22.684921	0.720675	
0.100000	0.469835	1.242035	83.802000	62.690000	22.485415	0.669692	
0.100000	0.472447	0.756489	83.788000	76.220000	22.861582	0.690772	
0.100000	0.460333	0.732013	84.022000	75.310000	23.076703	0.720037	
0.100000	0.455936	0.667526	84.272000	78.340000	22.716222	0.605597	
0.100000	0.451003	0.723364	84.520000	76.700000	22.941947	0.685620	
0.100000	0.456273	0.615064	84.284000	79.370000	22.738730	0.596071	
0.100000	0.448271	0.853757	84.526000	72.940000	23.116660	0.776919	
0.100000	0.448395	0.849847	84.584000	73.710000	23.179966	0.682804	
0.100000	0.440828	1.220327	84.730000	64.820000	22.554857	0.667062	
0.100000	0.437976	1.178604	84.910000	67.860000	22.646959	0.684064	
0.100000	0.435674	0.594732	85.158000	79.850000	23.027753	0.679563	
0.100000	0.432596	1.094021	84.876000	69.700000	22.968603	0.660007	
0.100000	0.431188	0.663031	85.332000	78.960000	22.855228	0.739681	
0.100000	0.425494	0.787256	85.236000	74.390000	22.581271	0.711808	
0.100000	0.424604	0.855984	85.320000	73.040000	22.554428	0.733597	
0.100000	0.424022	0.851427	85.470000	73.360000	23.187119	0.710181	
0.100000	0.420966	0.553475	85.404000	81.500000	22.770390	0.705300	
0.100000	0.419091	0.754601	85.462000	75.800000	22.611761	0.722726	
0.100000	0.422481	0.600786	85.460000	80.110000	22.995537	0.678588	
0.100000	0.417409	0.927245	85.618000	72.880000	22.683638	0.662587	
0.100000	0.409506	0.536151	85.902000	82.080000	23.105648	0.703018	
0.100000	0.413692	0.693979	85.778000	76.440000	23.001248	0.660263	
0.100000	0.406147	0.722605	85.990000	77.020000	22.718256	0.696600	
0.100000	0.413709	0.839912	85.726000	75.190000	22.750266	0.652858	
0.100000	0.411697	0.632361	85.818000	79.170000	23.148290	0.748667	
0.100000	0.408778	0.793166	85.882000	75.970000	22.831084	0.616451	
0.100000	0.404249	0.698052	86.012000	76.940000	22.652900	0.683022	
0.100000	0.396147	0.691991	86.340000	78.260000	22.876403	0.688480	
0.100000	0.401133	0.539915	85.996000	81.350000	22.575827	0.653068	
0.100000	0.398638	0.586458	86.172000	80.650000	23.086504	0.617840	
0.100000	0.395666	0.812252	86.330000	75.080000	22.488120	0.709846	
0.100000	0.396931	0.694301	86.224000	77.850000	22.574308	0.703063	
0.100000	0.396322	0.758987	86.140000	75.810000	22.921944	0.675569	
0.100000	0.393416	0.685541	86.370000	79.470000	22.789754	0.740253	
0.100000	0.390151	0.742860	86.574000	76.010000	23.049380	0.697516	
0.100000	0.400178	0.667291	86.126000	79.540000	22.943106	0.744604	
0.100000	0.391290	0.628313	86.688000	80.130000	22.585412	0.682431	
0.100000	0.386306	0.848390	86.672000	73.110000	22.484741	0.697565	
0.100000	0.388799	0.590966	86.638000	81.020000	23.121961	0.650356	
0.100000	0.387834	0.705648	86.562000	77.670000	22.688813	0.679091	
0.100000	0.384893	0.551281	86.730000	81.330000	22.786706	0.660601	
0.100000	0.387476	0.706787	86.590000	77.360000	22.985677	0.677684	
0.100000	0.382162	0.556896	86.930000	82.140000	22.808846	0.745934	
0.100000	0.385350	0.616185	86.606000	80.270000	23.009011	0.696973	
0.100000	0.384391	0.774312	86.906000	74.870000	22.912585	0.670195	
0.100000	0.382504	0.616903	86.854000	79.440000	22.447964	0.681083	
0.100000	0.383201	0.950403	86.966000	70.600000	22.933540	0.639363	
0.100000	0.384331	0.634687	86.632000	80.270000	22.879016	0.690481	
0.100000	0.381920	0.659517	86.710000	78.970000	22.676537	0.665021	
0.100000	0.378231	0.605599	87.048000	79.520000	22.995250	0.693495	
0.100000	0.378384	0.724783	86.882000	76.550000	22.556210	0.713745	
0.100000	0.377292	0.844183	86.978000	75.000000	22.834451	0.765463	
0.100000	0.374717	0.491631	87.010000	83.400000	22.995389	0.716694	
0.100000	0.373580	0.718080	87.204000	78.370000	22.138902	0.658522	
0.100000	0.380059	0.657383	86.836000	79.210000	22.787178	0.701979	
0.100000	0.370043	0.587938	87.226000	81.120000	22.870492	0.677432	
0.100000	0.374413	0.877693	87.070000	73.700000	22.923777	0.714304	
0.100000	0.377077	0.610391	86.996000	80.270000	22.914792	0.725975	
0.100000	0.370503	0.698458	87.134000	78.060000	22.851459	0.713804	
0.100000	0.373054	0.637862	87.050000	79.000000	22.517943	0.689839	
0.100000	0.371540	0.629036	87.186000	80.010000	23.207136	0.613639	
0.100000	0.370933	0.701591	87.214000	76.680000	22.685921	0.660165	
0.100000	0.371540	0.835256	87.178000	73.820000	22.574550	0.711002	
0.100000	0.377105	0.667773	86.842000	78.540000	22.887084	0.690570	
0.100000	0.362603	0.694226	87.472000	79.110000	22.805112	0.697947	
0.100000	0.373741	0.768166	87.140000	75.790000	23.023951	0.741766	
0.100000	0.371644	0.823211	87.034000	74.620000	22.817520	0.652587	
0.100000	0.367242	0.611172	87.330000	79.500000	22.676698	0.645773	
0.100000	0.366405	0.668721	87.378000	77.280000	22.397144	0.741695	
0.100000	0.372708	0.777551	87.038000	77.550000	23.176959	0.674120	
0.100000	0.366825	0.697190	87.412000	78.040000	22.613931	0.667987	
0.100000	0.368835	1.037657	87.224000	70.400000	22.814308	0.741172	
0.100000	0.365883	0.578909	87.310000	80.460000	22.813498	0.699563	
0.100000	0.363842	0.712314	87.452000	77.550000	22.572908	0.684536	
0.100000	0.362005	0.877730	87.502000	74.800000	23.073301	0.644205	
0.100000	0.366906	0.660707	87.144000	79.740000	22.732158	0.695004	
0.100000	0.372357	0.640435	87.122000	79.710000	22.791807	0.715983	
0.100000	0.362506	0.638676	87.544000	80.050000	22.938342	0.665436	
0.100000	0.359457	0.789557	87.656000	75.530000	22.741601	0.619087	
0.100000	0.365014	0.538862	87.546000	82.350000	22.752688	0.686309	
0.100000	0.367331	0.625769	87.334000	79.970000	23.068540	0.718406	
0.100000	0.356788	0.769248	87.822000	75.690000	22.558452	0.676295	
0.100000	0.360475	0.892654	87.636000	73.960000	22.671090	0.701530	
0.100000	0.366183	1.154119	87.290000	71.180000	23.238145	0.707392	
0.100000	0.362942	0.654867	87.340000	79.940000	22.720553	0.664381	
0.100000	0.365313	0.858917	87.510000	74.810000	22.723363	0.707310	
0.100000	0.356828	0.731094	87.740000	76.880000	22.969643	0.719142	
0.100000	0.355535	0.641865	87.596000	79.050000	22.937255	0.774364	
0.100000	0.366340	1.115224	87.294000	68.830000	23.125166	0.714243	
0.100000	0.356158	0.943073	87.596000	73.270000	22.719094	0.698067	
0.100000	0.363137	0.620726	87.414000	79.990000	22.226239	0.684840	
0.100000	0.361736	0.758597	87.452000	77.640000	22.953625	0.656501	
0.100000	0.360473	0.644867	87.564000	79.580000	22.834166	0.681094	
0.100000	0.363356	0.605379	87.462000	80.160000	22.685541	0.668595	
0.100000	0.363312	0.701119	87.396000	78.380000	22.846562	0.695504	
0.100000	0.357991	0.519837	87.720000	82.700000	22.696329	0.713980	
0.100000	0.355257	0.572960	87.726000	81.230000	22.933996	0.716058	
0.100000	0.357256	0.579452	87.628000	80.980000	23.046823	0.767247	
0.100000	0.357956	0.792229	87.710000	75.130000	22.461896	0.614961	
0.100000	0.357170	0.633103	87.704000	79.790000	22.723872	0.725877	
0.100000	0.355021	0.559882	87.842000	81.880000	22.924043	0.716788	
0.100000	0.360410	1.094385	87.616000	68.760000	22.964619	0.688811	
0.100000	0.358005	0.609437	87.606000	80.370000	22.875582	0.773824	
0.100000	0.353799	0.718906	87.774000	77.210000	22.665098	0.718362	
0.100000	0.359328	0.714044	87.588000	78.260000	22.597813	0.643571	
0.100000	0.351974	0.885247	87.802000	74.160000	23.190572	0.644363	
0.100000	0.359563	0.725011	87.538000	78.340000	22.650594	0.697771	
0.100000	0.356334	0.719454	87.784000	76.030000	22.700581	0.685919	
0.100000	0.349747	0.811577	87.968000	75.830000	22.916932	0.629524	
0.100000	0.353917	0.607287	87.736000	79.070000	22.796178	0.676004	
0.100000	0.355795	0.630908	87.638000	79.780000	22.938955	0.646118	
0.100000	0.359352	0.729312	87.718000	76.980000	22.891925	0.657660	
0.100000	0.347057	0.923076	88.012000	73.470000	22.692380	0.698612	
0.100000	0.351068	0.805513	88.012000	74.790000	22.633282	0.671835	
0.100000	0.347336	0.945910	88.094000	73.250000	23.170475	0.635478	
0.100000	0.361392	0.662977	87.578000	78.010000	22.806057	0.685892	
0.100000	0.347658	0.951037	88.136000	73.010000	22.813207	0.765484	
0.100000	0.351486	0.656744	87.946000	77.880000	22.986006	0.673585	
0.100000	0.359071	0.707920	87.646000	78.560000	22.660258	0.699355	
0.100000	0.354953	0.700303	87.812000	76.730000	23.149566	0.632181	
0.100000	0.347124	0.805219	88.098000	76.670000	22.497035	0.645252	
0.100000	0.351406	0.877654	87.868000	74.850000	22.636503	0.671457	
0.100000	0.350673	0.681554	87.994000	79.550000	22.823177	0.690131	
0.100000	0.354046	0.757749	87.734000	77.370000	22.836325	0.654803	
0.100000	0.349516	0.727250	87.944000	76.990000	22.864670	0.684559	
0.100000	0.354318	0.842766	87.832000	75.630000	23.086608	0.655542	
0.100000	0.342890	0.653861	88.254000	79.130000	22.682286	0.676935	
0.100000	0.347946	0.682160	88.030000	78.190000	22.326612	0.650384	
0.100000	0.353625	0.664819	87.906000	79.790000	23.217581	0.672772	
0.100000	0.352951	0.940752	87.838000	73.840000	22.619969	0.622952	
0.100000	0.355515	0.492787	87.690000	82.960000	22.881784	0.768459	
0.100000	0.353254	0.610567	87.816000	79.950000	22.794690	0.677967	
0.100000	0.352651	0.566471	87.834000	81.920000	22.940029	0.616210	
0.100000	0.347858	0.756693	87.936000	75.820000	22.955539	0.688774	
0.100000	0.350490	0.543856	87.960000	81.940000	22.741838	0.718670	
0.100000	0.349625	0.872814	88.026000	74.880000	22.388484	0.699718	
0.100000	0.358752	0.789943	87.636000	75.030000	22.982973	0.688064	
0.100000	0.349113	0.752622	87.916000	76.070000	23.052930	0.750161	
0.100000	0.348075	0.560030	88.048000	80.840000	22.779555	0.665495	
0.100000	0.358710	0.563613	87.570000	81.770000	22.779952	0.660819	
0.100000	0.349094	0.891909	87.966000	73.800000	22.668582	0.645872	
0.100000	0.345974	0.656822	87.930000	78.690000	22.940436	0.647196	
0.100000	0.352646	0.680070	87.876000	78.270000	23.027999	0.699297	
0.100000	0.349934	0.642736	87.988000	79.580000	22.576103	0.730382	
0.100000	0.345724	0.588341	88.076000	80.590000	23.015149	0.724174	
0.100000	0.347449	0.716013	88.026000	76.450000	22.688627	0.709053	
0.100000	0.346005	0.688570	88.092000	78.330000	22.827985	0.720838	
0.100000	0.346907	0.598533	88.024000	81.250000	22.975171	0.658626	
0.100000	0.350821	0.522570	87.978000	83.090000	22.554835	0.674663	
0.100000	0.348917	1.090301	87.854000	70.610000	22.563735	0.707363	
0.100000	0.354652	0.828462	87.780000	75.070000	23.074939	0.645059	
0.100000	0.351780	0.559335	87.772000	81.680000	22.586742	0.689789	
0.100000	0.343436	0.654869	88.064000	78.350000	22.603541	0.678378	
0.100000	0.347821	0.557999	87.974000	81.250000	22.953894	0.689178	
0.100000	0.350026	0.629621	87.974000	80.070000	22.631862	0.691690	
0.100000	0.348926	0.637638	87.778000	80.010000	22.812796	0.657730	
0.100000	0.351922	0.651872	87.774000	79.690000	22.988317	0.677256	
0.100000	0.349358	0.709707	87.996000	76.290000	22.398261	0.690660	
0.100000	0.344319	0.574349	88.114000	81.430000	22.902335	0.748866	
0.100000	0.350808	0.512006	87.766000	83.210000	23.111591	0.677048	
