LearningRate	TrainLoss	ValidLoss	TrainAcc.	ValidAcc.	TrainEpochTime(s)	TestEpochTime(s)	
0.012500	2.425836	1.614811	31.786000	40.630000	155.622646	3.439698	
0.012500	2.042365	1.380169	47.584000	51.060000	158.245679	3.288008	
0.012500	1.823456	1.232664	55.604000	55.170000	159.888236	3.585679	
0.012500	1.657760	1.215342	61.756000	58.660000	158.501631	3.337228	
0.012500	1.539142	1.036029	65.782000	64.000000	137.739719	2.765308	
0.012500	1.444721	1.005273	69.050000	66.130000	160.878278	3.607566	
0.012500	1.363702	0.787702	71.874000	73.340000	159.700212	3.502707	
0.012500	1.295615	0.779972	74.042000	72.940000	159.513979	3.632144	
0.012500	1.236871	0.882825	75.706000	71.770000	159.723431	3.619681	
0.012500	1.186552	0.798629	77.146000	74.010000	132.089096	3.033468	
0.012500	1.133850	0.670828	79.044000	77.410000	158.339062	3.438056	
0.012500	1.094601	0.617060	80.142000	79.070000	159.400592	3.233731	
0.012500	1.064485	0.641626	80.834000	78.520000	160.124421	3.379922	
0.012500	1.028313	0.729222	81.816000	75.950000	158.192626	3.241455	
0.012500	1.000300	0.653588	82.320000	78.740000	133.731235	2.801439	
0.012500	0.971186	0.616039	83.292000	79.840000	159.044032	3.604316	
0.012500	0.951585	0.584751	83.750000	80.530000	158.871070	3.632297	
0.012500	0.927863	0.671612	84.196000	77.870000	159.198753	3.498246	
0.012500	0.900440	0.625503	85.062000	79.210000	158.909123	3.793842	
0.012500	0.885033	0.582110	85.174000	80.770000	131.130541	3.267009	
0.012500	0.852387	0.681639	86.184000	77.740000	158.807298	3.551133	
0.012500	0.848374	0.557093	85.810000	81.500000	158.082284	3.154282	
0.012500	0.828136	0.607150	86.424000	80.500000	157.977452	3.519337	
0.012500	0.808329	0.642491	86.832000	80.210000	157.446067	3.660618	
0.012500	0.794037	0.505063	87.250000	83.430000	127.056052	3.449670	
0.012500	0.771416	0.489500	87.678000	83.640000	160.865782	4.026472	
0.012500	0.755326	0.584426	87.860000	81.190000	158.688523	3.439551	
0.012500	0.742691	0.725790	88.182000	78.720000	159.666969	3.629474	
0.012500	0.730835	0.607093	88.368000	80.890000	159.421590	3.358936	
0.012500	0.719153	0.545427	88.452000	82.350000	128.485700	3.607705	
0.012500	0.696964	0.495772	88.492000	83.760000	159.871278	3.772198	
0.012500	0.682453	0.889150	88.786000	74.560000	158.564392	3.368483	
0.012500	0.675169	0.625097	88.916000	81.650000	157.939537	3.528535	
0.012500	0.659610	0.733203	89.278000	77.520000	157.949374	3.643311	
0.012500	0.647278	0.489287	89.626000	84.350000	129.617140	3.469214	
0.012500	0.634333	0.599370	88.662000	81.700000	157.970910	3.371985	
0.012500	0.618344	0.470690	89.086000	84.690000	156.716296	3.337046	
0.012500	0.609763	0.665139	89.262000	79.670000	156.652922	3.375201	
0.012500	0.600315	0.617338	89.526000	81.530000	157.187186	3.551838	
0.012500	0.589613	0.522493	89.694000	83.130000	128.343950	3.609921	
0.012500	0.600868	0.455780	88.524000	84.960000	158.403976	3.676455	
0.012500	0.581749	0.780018	89.114000	76.440000	157.583845	3.344332	
0.012500	0.567121	0.550287	89.336000	83.030000	157.228682	3.230081	
0.012500	0.560344	0.538490	89.612000	82.540000	156.655624	3.503158	
0.012500	0.553424	0.565236	89.624000	82.330000	131.849140	3.335493	
0.012500	0.576066	0.621340	88.602000	81.330000	157.677316	3.494691	
0.012500	0.552993	0.567300	89.050000	81.460000	156.146523	3.503158	
0.012500	0.540490	0.506225	89.438000	83.990000	156.513665	3.301304	
0.012500	0.528391	0.821151	89.812000	77.320000	156.378107	3.258531	
0.012500	0.526339	0.466173	89.902000	85.140000	128.970641	3.220921	
0.012500	0.539360	0.501248	89.010000	84.040000	157.952615	3.226144	
0.012500	0.527695	0.483910	89.382000	84.720000	155.892187	3.134617	
0.012500	0.518767	0.449644	89.706000	84.930000	156.055344	3.197851	
0.012500	0.512009	0.577192	89.864000	82.000000	155.955489	3.245239	
0.012500	0.501975	0.623239	90.062000	81.790000	128.749234	3.191866	
0.012500	0.522846	0.615430	89.436000	81.330000	157.864767	3.361748	
0.012500	0.509249	0.556735	89.754000	82.650000	155.729275	3.161064	
0.012500	0.495660	0.621583	90.162000	81.800000	155.394528	3.238832	
0.012500	0.488859	0.458889	90.332000	85.370000	155.634732	3.079515	
0.012500	0.492232	0.562152	90.032000	83.070000	127.010180	3.091946	
0.012500	0.497416	0.538921	89.718000	83.330000	156.284797	3.363641	
0.012500	0.487163	0.470676	90.080000	85.100000	155.089980	3.147154	
0.012500	0.480903	0.520399	90.172000	84.080000	154.693996	3.271190	
0.012500	0.475223	0.533743	90.576000	83.640000	155.560778	3.357108	
0.012500	0.471285	0.502731	90.656000	84.890000	124.981531	3.107570	
0.012500	0.479474	0.492100	90.318000	84.370000	147.494760	3.414230	
0.012500	0.470013	0.497517	90.490000	84.050000	146.091964	3.166461	
0.012500	0.461787	0.453682	90.648000	84.750000	145.921814	3.146890	
0.012500	0.451149	0.463295	91.054000	85.460000	145.576364	3.254439	
0.012500	0.451932	0.454195	91.140000	85.420000	117.253679	3.199560	
0.012500	0.471829	0.449355	89.974000	85.050000	139.809005	3.386978	
0.012500	0.461918	0.452667	90.286000	84.610000	144.619178	3.179405	
0.012500	0.450699	0.528740	90.742000	83.830000	145.510580	3.018548	
0.012500	0.456054	0.498946	90.584000	83.960000	145.648825	3.004830	
0.012500	0.446925	0.499764	90.940000	84.520000	135.049485	2.133019	
0.012500	0.446765	0.518395	90.784000	84.030000	138.065718	3.323357	
0.012500	0.446317	0.446317	90.892000	85.680000	145.520183	3.108705	
0.012500	0.445965	0.590495	90.904000	82.400000	146.517506	3.098083	
0.012500	0.439056	0.526306	91.036000	83.440000	146.216789	2.869327	
0.012500	0.437930	0.508104	91.060000	84.390000	145.416651	3.165129	
0.012500	0.429392	0.455521	91.456000	85.300000	101.102490	3.313827	
0.012500	0.432567	0.543652	91.200000	82.850000	148.482756	3.039335	
0.012500	0.429532	0.485326	91.320000	84.960000	148.195517	3.025002	
0.012500	0.424128	0.482271	91.598000	84.880000	147.002192	2.950719	
0.012500	0.430657	0.492581	91.420000	84.620000	146.866188	3.069935	
0.012500	0.431419	0.535771	91.242000	83.320000	71.774394	1.624296	
0.012500	0.434184	0.537119	91.096000	82.980000	140.392654	3.349569	
0.012500	0.426955	0.546226	91.448000	83.200000	146.614730	3.246865	
0.012500	0.424783	0.555181	91.432000	83.320000	145.550695	3.287513	
0.012500	0.423809	0.445506	91.506000	86.110000	145.511919	3.303929	
0.012500	0.422186	0.413142	91.428000	86.750000	148.245757	3.087198	
0.012500	0.425439	0.501627	91.342000	84.060000	42.484616	2.983184	
0.001250	0.351599	0.304781	94.212000	89.750000	146.675604	2.876123	
0.001250	0.324532	0.298198	95.090000	90.310000	145.757103	2.924476	
0.001250	0.312212	0.303387	95.476000	90.150000	144.865469	2.981394	
0.001250	0.314575	0.305986	95.332000	90.160000	146.833179	3.346435	
0.001250	0.304412	0.306715	95.730000	90.230000	143.329573	2.252636	
0.001250	0.300241	0.306917	95.872000	90.390000	57.925159	2.918959	
0.001250	0.295938	0.307771	95.934000	90.380000	145.683546	2.843876	
0.001250	0.293210	0.307650	96.028000	90.150000	145.667616	2.932653	
0.001250	0.291053	0.309221	96.030000	90.360000	146.246021	3.355325	
0.001250	0.285257	0.309559	96.220000	90.430000	145.150604	2.836921	
0.001250	0.282615	0.315173	96.258000	90.170000	122.909021	1.466829	
0.001250	0.280303	0.308499	96.340000	90.410000	97.429227	3.080473	
0.001250	0.278166	0.316273	96.514000	90.450000	146.233270	3.080864	
0.001250	0.291712	0.311512	96.130000	90.250000	146.623799	3.476409	
0.001250	0.283444	0.310579	96.354000	90.320000	145.696140	3.029936	
0.001250	0.279192	0.307411	96.486000	90.450000	143.849907	2.958805	
0.001250	0.276680	0.307801	96.512000	90.410000	82.536114	2.001051	
0.001250	0.272268	0.315891	96.696000	90.350000	136.031259	2.967736	
0.001250	0.293990	0.320532	95.782000	90.020000	146.900638	3.413157	
0.001250	0.282524	0.318912	96.138000	90.020000	145.005090	3.086216	
0.001250	0.277835	0.319253	96.208000	89.840000	145.217552	3.033423	
0.001250	0.275912	0.315749	96.348000	90.250000	140.021698	2.068747	
0.001250	0.273751	0.321046	96.366000	90.100000	104.844699	3.039957	
0.001250	0.303024	0.330367	95.808000	89.730000	146.740680	3.331804	
0.001250	0.286419	0.319354	96.208000	89.990000	145.197824	3.027623	
0.001250	0.280996	0.318499	96.228000	90.010000	145.304581	2.901808	
0.001250	0.278020	0.323516	96.290000	90.020000	145.120519	2.844038	
0.001250	0.274153	0.322213	96.394000	90.040000	111.571313	2.947439	
0.001250	0.297649	0.316276	95.822000	90.080000	138.906670	3.073029	
0.001250	0.283546	0.311809	96.320000	90.160000	137.123023	2.831035	
0.001250	0.277330	0.315386	96.386000	90.120000	136.611571	2.870501	
0.001250	0.273549	0.317522	96.428000	90.130000	137.246204	2.783608	
0.001250	0.272041	0.320719	96.506000	90.000000	128.114549	2.738091	
0.001250	0.278958	0.323269	96.048000	89.920000	136.648159	3.210453	
0.001250	0.274376	0.322201	96.248000	89.960000	136.803201	2.781489	
0.001250	0.268507	0.332702	96.350000	89.750000	136.511057	2.906492	
0.001250	0.267785	0.323498	96.294000	90.050000	127.465908	2.718269	
0.001250	0.263360	0.324312	96.530000	90.240000	136.538791	2.788253	
0.001250	0.274519	0.333985	95.908000	89.830000	120.294289	3.045409	
0.001250	0.266303	0.338817	96.256000	89.650000	136.953337	2.811450	
0.001250	0.265635	0.334875	96.262000	89.580000	137.191522	2.881224	
0.001250	0.259050	0.332292	96.470000	90.080000	127.224094	2.738079	
0.001250	0.259250	0.335366	96.398000	89.700000	137.152599	2.825925	
0.001250	0.283513	0.356767	95.212000	89.390000	128.784013	3.130653	
0.001250	0.270931	0.341422	95.868000	89.480000	126.928476	2.858056	
0.001250	0.266545	0.347754	95.958000	89.590000	136.698120	2.739937	
0.001250	0.263522	0.344097	96.016000	89.670000	125.377669	2.901229	
0.001250	0.262007	0.341960	96.064000	89.670000	136.714860	2.832355	
0.001250	0.291775	0.371247	95.164000	88.420000	127.936339	3.089931	
0.001250	0.276964	0.343146	95.646000	89.290000	130.088782	2.271027	
0.001250	0.270697	0.353146	95.806000	89.330000	135.326809	2.810437	
0.001250	0.270324	0.345673	95.730000	89.430000	126.944239	2.825303	
0.001250	0.265275	0.360219	95.962000	89.020000	136.451361	2.782815	
0.001250	0.295342	0.359020	95.044000	88.970000	138.048250	3.136286	
0.001250	0.283134	0.358884	95.392000	89.010000	128.038850	2.838179	
0.001250	0.277391	0.358499	95.514000	89.200000	126.742412	2.782940	
0.001250	0.273231	0.362311	95.622000	89.020000	126.671698	2.768387	
0.000125	0.258140	0.344162	96.302000	89.510000	136.176306	2.695416	
0.000125	0.284648	0.365982	95.092000	89.040000	138.163445	3.100353	
0.000125	0.273101	0.360427	95.596000	89.160000	125.576532	2.716545	
0.000125	0.271335	0.356662	95.732000	89.400000	136.187202	2.741283	
0.000125	0.267052	0.353530	95.782000	89.490000	117.299739	2.808394	
0.000125	0.264161	0.353031	95.964000	89.400000	136.630605	2.774932	
0.000125	0.279049	0.361261	95.232000	89.010000	137.744728	3.092481	
0.000125	0.274226	0.357911	95.542000	89.090000	126.883431	2.832228	
0.000125	0.269350	0.359337	95.730000	89.160000	136.797978	2.689413	
0.000125	0.267278	0.357821	95.754000	89.250000	114.571851	2.631591	
0.000125	0.265189	0.354168	95.850000	89.350000	136.114051	2.752368	
0.000125	0.263459	0.359012	95.852000	89.160000	137.400641	3.162961	
0.000125	0.265806	0.356425	95.866000	89.320000	135.577010	2.666485	
0.000125	0.264089	0.353909	95.862000	89.480000	128.408376	2.703042	
0.000125	0.260507	0.350255	96.068000	89.520000	127.668388	2.806202	
0.000125	0.261113	0.351833	95.854000	89.370000	127.473043	2.659557	
0.000125	0.279567	0.361372	95.142000	89.020000	137.936338	2.860728	
0.000125	0.275797	0.359099	95.254000	89.110000	136.418699	2.759139	
0.000125	0.273310	0.357193	95.462000	89.070000	126.022435	2.746772	
0.000125	0.270060	0.356100	95.582000	89.090000	127.364033	2.757360	
0.000125	0.267992	0.354997	95.596000	89.160000	127.157501	2.795498	
0.000125	0.291455	0.374257	94.596000	88.650000	138.339099	3.078706	
0.000125	0.282786	0.367110	94.918000	88.820000	135.823050	2.651046	
0.000125	0.279283	0.363581	95.082000	88.890000	126.299248	2.570836	
0.000125	0.278242	0.367120	95.074000	88.880000	126.361407	2.701237	
0.000125	0.276789	0.361969	95.086000	88.930000	128.741444	2.407327	
0.000125	0.272717	0.361207	95.378000	89.120000	137.826386	3.254792	
0.000125	0.273319	0.357776	95.306000	89.070000	136.276230	2.808014	
0.000125	0.271108	0.357419	95.414000	89.140000	135.750917	2.778737	
0.000125	0.268032	0.357018	95.480000	88.970000	118.230160	2.746024	
0.000125	0.267707	0.358610	95.472000	89.100000	137.163096	2.697312	
