LearningRate	TrainLoss	ValidLoss	TrainAcc.	ValidAcc.	TrainEpochTime(s)	TestEpochTime(s)	
0.100000	1.760257	1.581595	32.956000	41.950000	19.281664	1.144341	
0.100000	1.231716	1.378544	55.146000	54.260000	19.569036	1.110019	
0.100000	0.937081	1.109765	66.780000	61.570000	19.292309	1.118998	
0.100000	0.774069	1.165295	73.022000	62.100000	19.437603	1.094642	
0.100000	0.675364	1.214155	76.476000	63.900000	19.379628	1.092732	
0.100000	0.611828	1.018966	78.736000	66.450000	19.566736	1.129593	
0.100000	0.570039	1.126073	80.246000	64.060000	19.722270	1.126014	
0.100000	0.536998	0.782879	81.454000	74.460000	19.622005	1.082890	
0.100000	0.514223	0.733978	82.358000	75.700000	19.617612	1.211441	
0.100000	0.480389	0.582748	83.500000	81.000000	19.780730	1.092466	
0.100000	0.463233	0.731935	84.076000	76.070000	19.393274	1.120623	
0.100000	0.453095	0.575971	84.380000	80.030000	19.513756	1.178647	
0.100000	0.444347	0.557596	84.790000	81.640000	19.548816	1.106971	
0.100000	0.434283	0.621463	85.176000	79.170000	19.420833	1.120876	
0.100000	0.426573	0.710441	85.210000	77.340000	19.482834	1.116329	
0.100000	0.407199	0.784557	86.196000	75.700000	19.844522	1.140139	
0.100000	0.405832	0.606550	86.088000	80.270000	19.495991	1.096875	
0.100000	0.408662	0.569988	85.954000	80.960000	19.421702	1.115139	
0.100000	0.388870	0.622681	86.660000	80.350000	19.375645	1.155177	
0.100000	0.375243	0.564224	87.166000	81.510000	19.661046	1.150956	
0.100000	0.369074	0.852206	87.512000	73.740000	19.634623	1.092514	
0.100000	0.376200	0.773665	87.190000	76.540000	19.884245	1.112012	
0.100000	0.364410	0.551120	87.420000	81.760000	19.756601	1.110943	
0.100000	0.365283	1.101830	87.512000	69.250000	19.697323	1.105180	
0.100000	0.355644	0.735300	87.804000	77.580000	19.997953	1.123563	
0.100000	0.345814	0.723058	88.054000	78.140000	19.402018	1.120062	
0.100000	0.359860	0.598989	87.652000	79.960000	19.723283	1.131822	
0.100000	0.350921	0.461240	88.140000	84.920000	19.419518	1.084811	
0.100000	0.344599	0.566288	88.110000	81.650000	19.398600	1.147632	
0.100000	0.341666	0.682929	88.298000	79.340000	19.412244	1.180427	
0.100000	0.325458	0.658790	88.890000	79.410000	19.187325	1.143224	
0.100000	0.336518	0.629049	88.422000	80.720000	19.029287	1.087229	
0.100000	0.333022	0.504317	88.628000	83.580000	19.537633	1.127071	
0.100000	0.330766	0.597737	88.574000	80.540000	19.642498	1.166433	
0.100000	0.331564	0.540101	88.554000	81.670000	19.733087	1.167731	
0.100000	0.316723	0.507084	89.130000	83.320000	19.718073	1.206196	
0.100000	0.320368	0.696465	89.014000	79.030000	19.654148	1.106925	
0.100000	0.323826	0.544670	88.738000	82.760000	19.744414	1.225942	
0.100000	0.325269	0.663146	88.812000	78.940000	19.899873	1.092799	
0.100000	0.316861	0.474763	89.180000	84.620000	20.015966	1.259888	
0.100000	0.304802	0.601737	89.436000	80.740000	19.694009	1.234057	
0.100000	0.318668	0.451618	89.088000	85.320000	19.798079	1.208544	
0.100000	0.311902	0.492241	89.348000	83.400000	19.796269	1.140995	
0.100000	0.305231	0.506591	89.570000	83.200000	20.083171	1.193609	
0.100000	0.314584	0.716375	89.156000	77.770000	20.069202	1.264991	
0.100000	0.303710	0.806696	89.620000	76.510000	19.666627	1.256857	
0.100000	0.311335	0.631134	89.166000	81.110000	19.821401	1.194789	
0.100000	0.304704	0.465518	89.548000	85.030000	19.932488	1.099616	
0.100000	0.306866	0.526519	89.326000	82.410000	19.886976	1.190169	
0.100000	0.305032	0.572240	89.552000	82.350000	20.231552	1.206041	
0.100000	0.296779	0.480911	89.764000	84.610000	19.671779	1.183145	
0.100000	0.304728	0.638158	89.420000	79.970000	19.725260	1.103408	
0.100000	0.301161	0.436009	89.716000	85.600000	19.590841	1.296743	
0.100000	0.293679	0.505187	89.972000	83.940000	19.758640	1.132201	
0.100000	0.302320	0.624274	89.488000	80.670000	19.819744	1.201447	
0.100000	0.298258	0.622454	89.720000	79.950000	19.689448	1.174231	
0.100000	0.296117	0.424100	89.826000	85.930000	19.542575	1.275990	
0.100000	0.297848	0.403551	89.872000	86.780000	19.907992	1.115074	
0.100000	0.295231	0.559580	89.850000	83.150000	19.901624	1.135285	
0.100000	0.294319	0.736114	89.880000	77.550000	19.995092	1.196368	
0.100000	0.294337	0.558603	89.844000	82.780000	19.803403	1.229849	
0.100000	0.290162	0.465672	89.870000	84.880000	19.874060	1.243732	
0.100000	0.294704	0.761953	89.694000	78.540000	19.897315	1.173651	
0.100000	0.288244	0.408074	90.026000	86.370000	19.930467	1.127259	
0.100000	0.290877	0.548494	89.982000	83.080000	19.904483	1.139399	
0.100000	0.279360	0.609626	90.412000	81.490000	19.464206	1.140738	
0.100000	0.292731	0.616842	90.070000	81.810000	19.581264	1.185192	
0.100000	0.291778	0.415483	89.878000	85.910000	19.784267	1.143412	
0.100000	0.283596	0.568465	90.338000	82.000000	19.911548	1.210700	
0.100000	0.291406	0.496595	89.844000	84.480000	20.118398	1.100009	
0.100000	0.281164	0.789140	90.242000	78.760000	19.590341	1.246738	
0.100000	0.282420	0.872304	90.376000	74.610000	19.927835	1.187403	
0.100000	0.289830	0.440957	89.922000	85.610000	19.641872	1.158898	
0.100000	0.281886	0.641312	90.380000	80.840000	19.959787	1.143972	
0.100000	0.283927	0.542294	90.310000	82.660000	19.819847	1.143139	
0.100000	0.279135	0.595230	90.310000	80.820000	19.768171	1.242627	
0.100000	0.281292	0.537864	90.318000	82.730000	19.649108	1.145655	
0.100000	0.282211	0.487912	90.286000	84.000000	19.850363	1.231226	
0.100000	0.279978	0.433194	90.316000	85.800000	20.138661	1.166204	
0.100000	0.283805	0.746198	90.242000	78.130000	20.056255	1.191405	
0.100000	0.274639	0.548047	90.642000	82.680000	19.520303	1.228094	
0.100000	0.287729	0.523563	90.270000	83.840000	19.838083	1.163214	
0.100000	0.286188	0.389298	90.082000	86.500000	19.684932	1.185292	
0.100000	0.275626	0.605777	90.554000	81.590000	19.792679	1.160007	
0.100000	0.281695	0.543216	90.532000	83.320000	19.798853	1.235105	
0.100000	0.274534	0.540019	90.616000	82.630000	19.595264	1.173108	
0.100000	0.284199	0.812842	90.194000	76.530000	19.398512	1.301214	
0.100000	0.282042	0.471887	90.392000	84.880000	19.669821	1.129963	
0.100000	0.277019	0.448464	90.384000	85.310000	19.905650	1.169542	
0.100000	0.281168	0.658777	90.142000	80.030000	19.953851	1.249388	
0.100000	0.270265	0.663122	90.768000	80.890000	19.512677	1.109123	
0.100000	0.276072	0.395373	90.580000	86.670000	19.558387	1.207000	
0.100000	0.287065	0.436755	90.220000	85.220000	19.919148	1.226815	
0.100000	0.275150	0.635011	90.488000	81.690000	19.977064	1.150142	
0.100000	0.284820	0.680654	90.260000	79.360000	19.893919	1.180841	
0.100000	0.274841	0.668213	90.556000	80.010000	19.576846	1.106049	
0.100000	0.274977	0.407426	90.452000	86.690000	19.719609	1.246163	
0.100000	0.275400	0.529903	90.358000	83.200000	19.855847	1.162949	
0.100000	0.278237	0.630726	90.322000	80.990000	19.846972	1.163401	
0.100000	0.278218	0.430199	90.446000	86.180000	20.154866	1.256891	
0.100000	0.273032	0.647052	90.562000	80.920000	19.450036	1.190375	
0.100000	0.271428	0.441963	90.664000	85.860000	19.325068	1.105485	
0.100000	0.277186	0.499077	90.410000	84.520000	19.735047	1.240182	
0.100000	0.275764	0.722873	90.432000	77.860000	19.649948	1.288588	
0.100000	0.276077	0.785713	90.574000	77.770000	19.856885	1.198740	
0.100000	0.271881	0.431107	90.666000	85.870000	19.572549	1.211881	
0.100000	0.270736	0.555673	90.654000	82.610000	19.462105	1.110117	
0.100000	0.272416	0.582450	90.518000	82.050000	19.310395	1.123731	
0.100000	0.272185	0.422461	90.622000	86.260000	19.736910	1.195291	
0.100000	0.275818	0.869358	90.518000	75.620000	19.842995	1.225807	
0.100000	0.268074	0.416097	90.756000	86.870000	19.567902	1.187563	
0.100000	0.276904	0.597285	90.468000	82.020000	19.560918	1.248286	
0.100000	0.268772	0.536562	90.624000	83.040000	19.711640	1.131165	
0.100000	0.281412	0.516355	90.258000	84.170000	20.077469	1.202255	
0.100000	0.267300	0.458325	90.834000	85.060000	20.041722	1.273665	
0.100000	0.267084	0.579214	90.812000	82.260000	19.656437	1.256284	
0.100000	0.273719	0.514170	90.744000	83.840000	19.895381	1.221336	
0.100000	0.271453	0.586982	90.646000	81.370000	19.916001	1.128392	
0.100000	0.273420	0.496751	90.538000	84.450000	20.060508	1.247753	
0.100000	0.273768	0.543733	90.536000	82.160000	19.941789	1.242847	
0.100000	0.263985	0.424760	90.996000	85.780000	19.518483	1.344392	
0.100000	0.275106	0.497726	90.522000	84.130000	19.613027	1.170847	
0.100000	0.268870	0.529631	90.694000	83.490000	19.880164	1.188446	
0.100000	0.276779	0.444548	90.386000	85.940000	19.824219	1.178082	
0.100000	0.263353	0.587041	90.968000	83.030000	19.979906	1.189132	
0.100000	0.267316	0.553752	90.682000	81.920000	19.533070	1.156235	
0.100000	0.266042	0.468395	90.684000	84.770000	19.698135	1.223029	
0.100000	0.271018	0.441349	90.640000	85.760000	19.811317	1.182711	
0.100000	0.271707	0.684787	90.630000	79.950000	19.774477	1.112249	
0.100000	0.268394	0.512571	90.724000	83.660000	19.874818	1.148402	
0.100000	0.259452	0.607991	90.954000	82.000000	19.734472	1.182036	
0.100000	0.264390	0.444010	90.832000	85.360000	19.730231	1.294632	
0.100000	0.266440	1.191038	90.844000	69.000000	20.064405	1.286402	
0.100000	0.261047	0.580455	91.046000	81.960000	20.593875	1.264954	
0.100000	0.267775	0.714680	90.828000	78.910000	20.192992	1.192526	
0.100000	0.264055	0.742736	90.924000	76.950000	19.852531	1.336780	
0.100000	0.271652	0.483277	90.640000	84.350000	19.906486	1.220934	
0.100000	0.267042	0.657491	90.876000	80.630000	19.778096	1.329226	
0.100000	0.268044	0.609296	90.750000	80.630000	20.122566	1.234394	
0.100000	0.265532	0.538740	90.924000	83.840000	20.031906	1.111972	
0.100000	0.261456	0.449193	91.074000	85.500000	20.398306	1.297882	
0.100000	0.266873	0.530566	90.748000	83.680000	20.083525	1.327581	
0.100000	0.264567	0.620016	90.916000	81.530000	20.326098	1.342463	
0.100000	0.264499	0.539044	90.946000	82.450000	20.477401	1.238083	
0.100000	0.261121	0.611691	91.038000	80.490000	20.477226	1.286089	
0.100000	0.262667	0.657826	90.958000	79.860000	20.020197	1.357279	
0.100000	0.271355	0.370955	90.556000	87.980000	20.532146	1.252348	
0.100000	0.264078	0.511175	90.868000	83.780000	20.283646	1.200413	
0.100000	0.260800	0.667846	90.968000	80.370000	20.593616	1.289426	
0.100000	0.268567	0.586802	90.828000	81.200000	20.609182	1.297047	
0.100000	0.259722	0.796767	91.144000	76.750000	20.098103	1.238099	
0.100000	0.270760	0.450971	90.554000	85.530000	20.334252	1.336396	
0.100000	0.264229	0.565290	90.864000	82.040000	20.113998	1.489827	
0.100000	0.268025	0.444224	90.812000	85.300000	20.609485	1.219341	
0.100000	0.262328	0.443347	91.018000	85.490000	20.378005	1.271909	
0.100000	0.253719	0.628167	91.232000	80.460000	19.527235	1.196334	
0.100000	0.267432	0.424293	90.686000	85.480000	19.655785	1.212745	
0.100000	0.260208	0.539012	91.084000	83.480000	20.092032	1.257388	
0.100000	0.259467	0.479926	91.074000	84.500000	20.195003	1.306184	
0.100000	0.264594	0.490278	90.756000	83.860000	20.371293	1.196238	
0.100000	0.255118	0.482650	91.132000	84.890000	20.035926	1.213732	
0.100000	0.264375	0.721038	90.874000	78.540000	19.557905	1.148523	
0.100000	0.260053	0.861633	91.212000	73.760000	20.327097	1.205460	
0.100000	0.268669	0.568936	90.784000	82.590000	20.469517	1.259814	
0.100000	0.266445	0.574881	90.890000	82.640000	20.482001	1.238164	
0.100000	0.256105	0.474223	91.136000	84.750000	20.344809	1.252225	
0.100000	0.263587	0.578503	90.942000	81.990000	19.937280	1.147138	
0.100000	0.259591	0.594062	91.054000	81.790000	19.955886	1.275879	
0.100000	0.266632	0.623690	90.846000	81.000000	20.359385	1.346283	
0.100000	0.262307	0.539996	90.978000	83.120000	20.447520	1.254267	
0.100000	0.259645	0.571934	91.172000	82.840000	20.070768	1.341303	
0.100000	0.263585	0.592356	90.806000	81.740000	20.084489	1.138926	
0.100000	0.266679	0.471289	90.770000	85.110000	19.570577	1.165749	
0.100000	0.263789	0.467047	90.890000	84.390000	20.406312	1.306073	
0.100000	0.262148	0.578617	90.958000	81.800000	20.488384	1.370214	
0.100000	0.256947	0.612057	91.112000	81.040000	20.178269	1.277701	
0.100000	0.260708	0.562563	91.054000	81.870000	20.254991	1.185047	
0.100000	0.262979	0.486937	91.052000	83.700000	19.855190	1.139109	
0.100000	0.261433	0.544191	91.090000	82.870000	20.104805	1.272375	
0.100000	0.264807	0.650649	90.954000	81.500000	20.269585	1.235244	
