LearningRate	TrainLoss	ValidLoss	TrainAcc.	ValidAcc.	TrainEpochTime(s)	TestEpochTime(s)	
0.050000	2.395415	1.658411	36.864000	39.620000	179.197237	3.762120	
0.050000	1.852493	1.225705	56.502000	57.800000	203.399664	3.688543	
0.050000	1.586747	0.992558	65.294000	65.590000	203.218750	3.502806	
0.050000	1.397157	1.149400	70.858000	64.620000	201.578834	3.742767	
0.050000	1.260371	1.150395	74.936000	64.290000	193.890038	4.060550	
0.050000	1.162447	0.785783	77.092000	73.800000	189.543123	4.378605	
0.050000	1.083632	0.788671	79.054000	74.040000	200.598895	3.819762	
0.050000	1.019071	0.675565	80.564000	77.130000	204.494001	4.119849	
0.050000	0.966957	0.921928	81.432000	72.040000	203.607352	4.038026	
0.050000	0.926406	0.675077	82.048000	76.940000	184.770247	3.890496	
0.050000	0.862893	1.031626	81.800000	67.810000	180.011958	4.633620	
0.050000	0.822004	0.743936	82.644000	75.140000	197.795281	3.560103	
0.050000	0.794217	0.980008	83.382000	69.940000	196.065174	3.488155	
0.050000	0.773529	0.660693	84.002000	78.380000	196.812634	4.429821	
0.050000	0.754770	0.590029	84.268000	80.290000	186.637061	4.049044	
0.050000	0.733500	0.871166	84.174000	73.000000	180.930074	4.073781	
0.050000	0.726080	0.916679	84.306000	72.740000	194.742479	3.654447	
0.050000	0.713706	0.643085	84.660000	78.730000	199.893103	3.577490	
0.050000	0.698998	0.606454	85.492000	80.230000	196.080467	3.741670	
0.050000	0.688174	0.742359	85.436000	76.920000	180.097288	3.414639	
0.050000	0.679394	1.061494	85.390000	69.910000	182.097081	5.079636	
0.050000	0.677639	0.605260	85.394000	80.510000	199.577592	3.836716	
0.050000	0.672933	0.580814	85.728000	80.430000	193.600585	4.688263	
0.050000	0.663999	0.698807	85.912000	76.940000	197.260036	3.507883	
0.050000	0.657898	0.554755	86.328000	81.350000	180.173531	3.440148	
0.050000	0.657658	0.653711	86.144000	78.030000	177.370252	4.661273	
0.050000	0.649552	0.661929	86.378000	77.700000	199.306462	3.367736	
0.050000	0.651533	0.570230	86.326000	81.120000	196.854172	3.597080	
0.050000	0.642041	0.579014	86.538000	80.940000	192.982084	4.248099	
0.050000	0.644872	0.601415	86.612000	81.070000	179.305779	3.300030	
0.050000	0.628937	0.910957	87.018000	72.070000	178.590253	4.085953	
0.050000	0.634217	0.653015	86.912000	79.840000	192.447450	4.155450	
0.050000	0.632657	0.586122	86.846000	80.300000	196.107636	3.335219	
0.050000	0.625410	0.630097	87.260000	79.030000	195.820869	4.308594	
0.050000	0.626688	0.959879	87.212000	71.970000	179.902895	3.257638	
0.050000	0.620825	0.842791	87.220000	74.190000	181.448441	4.889510	
0.050000	0.618803	0.606671	87.338000	80.100000	195.833890	4.748711	
0.050000	0.620352	0.631485	87.348000	79.520000	194.427885	3.643214	
0.050000	0.622170	0.494398	87.220000	83.540000	197.257596	4.050330	
0.050000	0.613425	0.632107	87.512000	80.380000	180.270370	3.599368	
0.050000	0.605613	0.610211	87.844000	81.110000	177.066454	3.980249	
0.050000	0.608167	0.577064	87.564000	81.740000	194.233311	3.679505	
0.050000	0.597479	0.582001	88.110000	80.550000	195.203160	4.259299	
0.050000	0.602629	0.785665	87.736000	76.620000	196.067922	3.620763	
0.050000	0.606877	0.569308	87.678000	81.970000	183.576590	3.379062	
0.050000	0.594613	0.725528	87.954000	79.110000	180.343735	3.888307	
0.050000	0.600512	0.669922	87.800000	79.850000	193.532646	4.121015	
0.050000	0.599691	0.600465	87.914000	81.750000	194.088808	3.738805	
0.050000	0.601828	0.482385	87.958000	84.130000	198.620177	3.766142	
0.050000	0.590497	0.662260	88.290000	79.720000	182.910284	3.670341	
0.050000	0.588229	0.685625	88.208000	79.440000	183.633846	4.563811	
0.050000	0.593632	0.632456	88.132000	80.540000	196.143880	4.380905	
0.050000	0.589219	0.622944	88.234000	81.500000	192.713446	3.452183	
0.050000	0.589574	0.618069	88.132000	80.130000	192.629223	3.334173	
0.050000	0.580982	0.588132	88.514000	81.310000	179.781189	3.750891	
0.050000	0.575925	0.654386	88.662000	78.820000	180.910220	4.071268	
0.050000	0.580439	0.498272	88.404000	83.460000	192.055025	3.400570	
0.050000	0.586995	0.698447	88.210000	78.890000	193.510907	4.134777	
0.050000	0.582197	0.508936	88.502000	82.880000	195.687024	3.505368	
0.050000	0.581868	0.473162	88.460000	84.460000	180.057468	3.867065	
0.050000	0.574254	0.513565	88.604000	83.380000	179.424039	4.464326	
0.050000	0.580418	0.578723	88.478000	81.170000	193.242951	3.789587	
0.050000	0.575118	0.543236	88.518000	82.250000	196.135367	3.762655	
0.050000	0.579924	0.433814	88.532000	85.520000	193.565533	4.010570	
0.050000	0.576908	0.639543	88.512000	79.230000	178.822961	3.402934	
0.050000	0.563905	0.581470	88.936000	81.660000	179.913440	4.313011	
0.050000	0.583535	0.485471	88.346000	83.720000	190.956944	3.599979	
0.050000	0.570059	0.677656	88.704000	79.640000	190.036343	3.505979	
0.050000	0.576715	0.559130	88.576000	81.800000	192.583709	4.556045	
0.050000	0.572106	0.658354	88.540000	78.960000	179.807215	3.022827	
0.050000	0.562901	0.553865	89.028000	81.820000	179.327679	4.031101	
0.050000	0.564551	0.605519	88.804000	81.310000	194.323716	4.558685	
0.050000	0.569840	0.570779	88.718000	80.700000	192.755512	3.811013	
0.050000	0.569743	0.712575	88.606000	77.850000	195.787267	3.451842	
0.050000	0.569566	1.023623	88.724000	72.100000	178.997228	3.201306	
0.050000	0.555466	0.617931	88.894000	79.620000	175.311165	4.100473	
0.050000	0.564445	0.594119	88.736000	81.290000	190.022179	3.312201	
0.050000	0.563325	0.681569	88.828000	78.650000	192.662248	3.369469	
0.050000	0.567693	0.484992	88.604000	84.360000	191.642416	3.745913	
0.050000	0.560695	0.849219	89.016000	73.250000	186.774501	3.048763	
0.050000	0.557754	0.508830	88.668000	83.720000	181.274472	3.825330	
0.050000	0.561817	0.558459	88.672000	82.170000	196.125929	3.635774	
0.050000	0.561015	0.470762	88.812000	84.450000	195.891627	3.564989	
0.050000	0.563577	0.485798	88.728000	84.320000	194.900168	3.776385	
0.050000	0.561036	0.585752	88.756000	80.930000	184.962936	3.327615	
0.050000	0.549380	0.506864	89.244000	83.570000	180.835227	4.838469	
0.050000	0.555705	0.592741	88.924000	82.180000	194.620870	3.676667	
0.050000	0.562925	0.642708	88.832000	79.890000	195.646647	3.416006	
0.050000	0.555664	0.793493	89.124000	77.210000	198.167315	3.639950	
0.050000	0.552186	0.606413	89.114000	81.100000	189.521134	3.015433	
0.050000	0.542467	0.678075	89.416000	78.540000	177.594865	2.788879	
0.050000	0.549707	0.472985	89.038000	84.480000	184.527533	3.133085	
0.050000	0.547854	0.643125	89.046000	79.920000	187.634425	3.145664	
0.050000	0.560633	0.658132	88.830000	79.810000	186.963475	3.143004	
0.050000	0.551165	0.709165	89.070000	77.530000	178.988293	3.027882	
0.050000	0.541839	0.558976	89.450000	81.940000	178.679828	3.531459	
0.050000	0.550242	0.512404	89.046000	83.660000	180.308577	3.015710	
0.050000	0.545703	0.594584	89.180000	81.240000	187.216766	3.096224	
0.050000	0.553826	0.580364	88.838000	80.980000	187.075443	3.059951	
0.050000	0.552164	0.516956	89.080000	82.900000	179.631078	3.137082	
0.050000	0.538600	0.486930	89.576000	84.540000	173.982797	3.412575	
0.050000	0.553209	0.484361	88.936000	84.300000	179.931940	3.074208	
0.050000	0.552309	0.532363	88.958000	82.760000	187.029217	3.141639	
0.050000	0.545515	0.586562	89.246000	82.170000	186.344624	3.219078	
0.050000	0.542824	0.516181	89.214000	83.040000	186.742378	2.997092	
0.050000	0.548052	0.456196	89.106000	85.130000	171.383153	3.381227	
0.050000	0.552682	0.597258	89.022000	82.210000	180.145234	3.110909	
0.050000	0.544734	0.459084	89.278000	84.970000	187.707576	3.061033	
0.050000	0.550522	0.802149	89.118000	76.400000	186.574821	3.010726	
0.050000	0.547097	0.588837	89.258000	81.150000	185.642939	3.076369	
0.050000	0.536528	0.515646	89.452000	83.540000	167.199111	3.401400	
0.050000	0.536520	0.455136	89.540000	85.090000	186.996891	2.911575	
0.050000	0.544721	0.592181	89.204000	80.880000	179.833559	3.080515	
0.050000	0.544311	0.651721	89.244000	80.290000	187.420603	3.138309	
0.050000	0.543261	0.456279	89.180000	84.650000	187.139455	3.125325	
0.050000	0.538643	0.519958	89.338000	83.140000	171.368487	3.308361	
0.050000	0.537180	0.503136	89.542000	83.940000	180.499636	3.030014	
0.050000	0.546501	0.474448	89.150000	84.500000	180.282537	3.295986	
0.050000	0.542144	0.449427	89.362000	85.650000	187.154163	3.157248	
0.050000	0.539242	0.624664	89.304000	80.680000	187.888519	3.080891	
0.050000	0.533136	0.410022	89.634000	86.000000	174.184549	3.529851	
0.050000	0.531902	0.548719	89.586000	82.980000	180.492138	3.036036	
0.050000	0.543618	0.552055	89.138000	81.700000	179.875252	3.009191	
0.050000	0.539125	0.503663	89.394000	83.300000	187.856291	3.376603	
0.050000	0.537599	0.507702	89.400000	82.990000	185.858490	3.209858	
0.050000	0.521816	0.652618	89.860000	78.990000	179.108446	3.360933	
0.050000	0.539095	0.538596	89.320000	82.880000	172.195010	3.087722	
0.050000	0.545396	0.467613	89.018000	84.640000	185.490684	2.979553	
0.050000	0.541421	0.599837	89.420000	80.470000	180.029933	3.362947	
0.050000	0.536780	0.470098	89.320000	85.030000	187.222426	3.122290	
0.050000	0.532559	0.535951	89.502000	83.490000	182.604871	3.690860	
0.050000	0.538219	0.467389	89.338000	84.620000	179.354558	3.189045	
0.050000	0.538698	0.612808	89.382000	80.980000	180.317930	3.103028	
0.050000	0.536723	0.696563	89.490000	78.110000	179.372507	3.600520	
0.050000	0.534939	0.683554	89.368000	79.300000	186.251855	3.093336	
0.050000	0.527153	0.574639	89.752000	81.400000	169.953425	3.424198	
0.050000	0.533228	0.500767	89.442000	83.850000	169.823875	2.621728	
0.050000	0.529988	0.664731	89.676000	79.820000	166.752239	2.795527	
0.050000	0.531051	0.574496	89.460000	81.060000	170.770594	2.385633	
0.050000	0.540910	0.414739	89.268000	86.160000	172.347062	3.092862	
0.050000	0.527207	0.653008	89.658000	80.550000	171.528171	3.390193	
0.050000	0.534900	0.539019	89.360000	81.890000	175.639918	3.074005	
0.050000	0.538213	0.550829	89.220000	82.030000	168.617758	2.819905	
0.050000	0.541169	0.588507	89.292000	81.560000	168.241158	2.982830	
0.050000	0.524664	0.562772	89.776000	81.370000	167.465847	3.048508	
0.050000	0.526325	0.670749	89.582000	78.580000	179.642794	3.637958	
0.050000	0.536861	0.631009	89.344000	81.090000	170.383494	3.274859	
0.050000	0.533096	0.481086	89.488000	84.480000	177.634753	3.181086	
0.050000	0.540437	0.512672	89.318000	83.280000	162.391660	3.114959	
0.050000	0.540094	0.627451	89.200000	80.990000	178.703564	3.021679	
0.050000	0.527082	0.536045	89.688000	82.670000	176.411380	3.440948	
0.050000	0.534038	0.552236	89.466000	82.160000	171.323779	3.150175	
0.050000	0.530304	0.537152	89.576000	83.350000	177.895706	3.075737	
0.050000	0.533980	0.567629	89.474000	82.230000	170.614984	3.034172	
0.050000	0.528627	0.495272	89.656000	84.060000	171.286140	3.038421	
0.050000	0.521073	0.493714	89.850000	84.560000	170.127234	3.214318	
0.050000	0.536111	0.652016	89.366000	79.580000	165.322177	2.809804	
0.050000	0.528648	0.455428	89.504000	84.960000	172.141561	2.946303	
0.050000	0.532770	0.556280	89.454000	82.020000	171.766604	2.795145	
0.050000	0.532703	0.795901	89.512000	77.450000	164.367127	2.735685	
0.050000	0.527024	0.455385	89.810000	85.150000	174.117116	3.336406	
0.050000	0.534883	0.546659	89.426000	82.870000	162.813402	2.851225	
0.050000	0.532026	0.660873	89.438000	79.060000	163.507332	2.997770	
0.050000	0.527388	0.506406	89.660000	83.320000	170.763292	2.896424	
0.050000	0.532173	0.442429	89.466000	85.270000	170.691720	2.876509	
0.050000	0.524384	0.490470	89.820000	84.360000	165.066500	3.353108	
0.050000	0.539388	0.717619	89.130000	78.720000	164.759223	3.046699	
0.050000	0.532653	0.437248	89.334000	85.290000	162.386741	3.017514	
0.050000	0.527494	0.492393	89.722000	83.500000	170.758644	3.031309	
0.050000	0.532509	0.704334	89.456000	79.930000	171.937806	3.025387	
0.050000	0.523402	0.499545	89.766000	83.730000	164.297019	3.027063	
0.050000	0.538964	0.555424	89.236000	82.450000	165.482747	2.982894	
0.050000	0.524671	0.444811	89.728000	85.700000	152.829734	3.095137	
0.050000	0.538414	0.569435	89.190000	81.120000	171.054740	3.133999	
0.050000	0.529320	0.676866	89.728000	79.780000	170.123248	3.116705	
0.050000	0.523027	0.554821	89.836000	82.780000	171.504299	3.384735	
0.050000	0.533289	0.426792	89.554000	85.950000	155.769060	2.981909	
0.050000	0.525029	0.518955	89.650000	83.250000	171.126681	2.868979	
0.050000	0.531111	0.476077	89.548000	84.050000	157.477048	2.958717	
0.050000	0.535897	0.475356	89.354000	84.820000	171.510455	2.971528	
